ID Read success  
REG_MODE2 success
REG_REFMUX success
REG_MODE0 success
07/06/2022,  Range is 5[kV/m], Resistor is 2.2[kOhm]
Timestamp 	voltage[V] 	current[mA] 	field strength[kV/m]
17:01:47.725	-0.062570	-0.028441	-0.142205
17:01:47.783	-0.060629	-0.027559	-0.137793
17:01:47.841	-0.059023	-0.026829	-0.134144
17:01:47.899	-0.060361	-0.027437	-0.137184
17:01:47.959	-0.061824	-0.028102	-0.140510
17:01:48.018	-0.063366	-0.028803	-0.144014
17:01:48.076	-0.063364	-0.028802	-0.144009
17:01:48.133	-0.065224	-0.029647	-0.148236
17:01:48.191	-0.066064	-0.030029	-0.150145
17:01:48.249	-0.065097	-0.029589	-0.147947
17:01:48.309	-0.064861	-0.029482	-0.147412
17:01:48.367	-0.065250	-0.029659	-0.148297
17:01:48.424	-0.061488	-0.027949	-0.139746
17:01:48.481	-0.060936	-0.027698	-0.138492
17:01:48.539	-0.058767	-0.026712	-0.133562
17:01:48.596	-0.060777	-0.027626	-0.138130
17:01:48.653	-0.062037	-0.028198	-0.140992
17:01:48.711	-0.063359	-0.028800	-0.143998
17:01:48.769	-0.062568	-0.028440	-0.142200
17:01:48.827	-0.060918	-0.027690	-0.138449
17:01:48.886	-0.061532	-0.027969	-0.139846
17:01:48.944	-0.060041	-0.027291	-0.136456
17:01:49.003	-0.058932	-0.026787	-0.133936
17:01:49.061	-0.058466	-0.026575	-0.132877
17:01:49.123	-0.059027	-0.026831	-0.134153
17:01:49.181	-0.058246	-0.026476	-0.132378
17:01:49.240	-0.058153	-0.026433	-0.132167
17:01:49.298	-0.057109	-0.025959	-0.129794
17:01:49.357	-0.056158	-0.025526	-0.127632
17:01:49.415	-0.059158	-0.026890	-0.134449
17:01:49.473	-0.059649	-0.027113	-0.135566
17:01:49.532	-0.059532	-0.027060	-0.135300
17:01:49.590	-0.060399	-0.027454	-0.137271
17:01:49.648	-0.061134	-0.027788	-0.138940
17:01:49.707	-0.058186	-0.026448	-0.132240
17:01:49.766	-0.057094	-0.025952	-0.129759
17:01:49.824	-0.056579	-0.025718	-0.128590
17:01:49.882	-0.054514	-0.024779	-0.123897
17:01:49.940	-0.052719	-0.023963	-0.119816
17:01:49.999	-0.051874	-0.023579	-0.117895
17:01:50.057	-0.052177	-0.023717	-0.118583
17:01:50.115	-0.053380	-0.024264	-0.121318
17:01:50.174	-0.057968	-0.026349	-0.131744
17:01:50.232	-0.062875	-0.028580	-0.142899
17:01:50.290	-0.067084	-0.030493	-0.152464
17:01:50.348	-0.071576	-0.032535	-0.162674
17:01:50.407	-0.074567	-0.033894	-0.169470
17:01:50.465	-0.074158	-0.033708	-0.168542
17:01:50.523	-0.073580	-0.033446	-0.167228
17:01:50.582	-0.072963	-0.033165	-0.165826
17:01:50.640	-0.071773	-0.032624	-0.163120
17:01:50.698	-0.068886	-0.031312	-0.156559
17:01:50.757	-0.071680	-0.032582	-0.162909
17:01:50.815	-0.074253	-0.033752	-0.168758
17:01:50.873	-0.073253	-0.033297	-0.166485
17:01:50.932	-0.075085	-0.034129	-0.170647
17:01:50.990	-0.076220	-0.034645	-0.173227
17:01:51.048	-0.075092	-0.034133	-0.170665
17:01:51.107	-0.072920	-0.033146	-0.165728
17:01:51.165	-0.073646	-0.033475	-0.167377
17:01:51.223	-0.075706	-0.034412	-0.172060
17:01:51.282	-0.079126	-0.035966	-0.179831
17:01:51.340	-0.084411	-0.038369	-0.191843
17:01:51.399	-0.085804	-0.039002	-0.195008
17:01:51.457	-0.085203	-0.038729	-0.193644
17:01:51.515	-0.085922	-0.039056	-0.195278
17:01:51.574	-0.088213	-0.040097	-0.200483
17:01:51.633	-0.087311	-0.039687	-0.198434
17:01:51.691	-0.086270	-0.039214	-0.196068
17:01:51.749	-0.085977	-0.039081	-0.195403
17:01:51.808	-0.087479	-0.039763	-0.198816
17:01:51.866	-0.084193	-0.038269	-0.191347
17:01:51.924	-0.081917	-0.037235	-0.186174
17:01:51.982	-0.080512	-0.036596	-0.182982
17:01:52.041	-0.078739	-0.035790	-0.178952
17:01:52.099	-0.076864	-0.034938	-0.174691
17:01:52.157	-0.078723	-0.035783	-0.178917
17:01:52.216	-0.081762	-0.037165	-0.185824
17:01:52.274	-0.084840	-0.038564	-0.192818
17:01:52.332	-0.090801	-0.041273	-0.206367
17:01:52.391	-0.092811	-0.042187	-0.210933
17:01:52.449	-0.093384	-0.042447	-0.212235
17:01:52.508	-0.094944	-0.043157	-0.215783
17:01:52.566	-0.094370	-0.042896	-0.214478
17:01:52.624	-0.092403	-0.042001	-0.210007
17:01:52.683	-0.088515	-0.040234	-0.201172
17:01:52.741	-0.089055	-0.040479	-0.202397
17:01:52.799	-0.086813	-0.039460	-0.197302
17:01:52.857	-0.085517	-0.038871	-0.194357
17:01:52.916	-0.085878	-0.039036	-0.195178
17:01:52.974	-0.088198	-0.040090	-0.200449
17:01:53.032	-0.086248	-0.039204	-0.196019
17:01:53.091	-0.087270	-0.039668	-0.198340
17:01:53.149	-0.086918	-0.039508	-0.197541
17:01:53.207	-0.088017	-0.040008	-0.200039
17:01:53.266	-0.086426	-0.039284	-0.196422
17:01:53.324	-0.088997	-0.040453	-0.202267
17:01:53.382	-0.088191	-0.040087	-0.200435
17:01:53.440	-0.086993	-0.039542	-0.197711
17:01:53.499	-0.085717	-0.038962	-0.194811
17:01:53.557	-0.085816	-0.039007	-0.195035
17:01:53.615	-0.085328	-0.038785	-0.193927
17:01:53.674	-0.085135	-0.038698	-0.193488
17:01:53.732	-0.088270	-0.040123	-0.200614
17:01:53.790	-0.090613	-0.041188	-0.205938
17:01:53.848	-0.089750	-0.040796	-0.203978
17:01:53.907	-0.088196	-0.040089	-0.200445
17:01:53.966	-0.087241	-0.039655	-0.198274
17:01:54.024	-0.086679	-0.039399	-0.196997
17:01:54.083	-0.083760	-0.038073	-0.190364
17:01:54.141	-0.082704	-0.037593	-0.187964
17:01:54.199	-0.081895	-0.037225	-0.186125
17:01:54.258	-0.084648	-0.038476	-0.192381
17:01:54.316	-0.085117	-0.038690	-0.193449
17:01:54.374	-0.085885	-0.039039	-0.195193
17:01:54.432	-0.087216	-0.039644	-0.198219
17:01:54.491	-0.088810	-0.040368	-0.201841
17:01:54.549	-0.088045	-0.040020	-0.200101
17:01:54.607	-0.088180	-0.040082	-0.200408
17:01:54.665	-0.088198	-0.040090	-0.200450
17:01:54.724	-0.086026	-0.039103	-0.195513
17:01:54.782	-0.084663	-0.038483	-0.192415
17:01:54.840	-0.084019	-0.038190	-0.190952
17:01:54.898	-0.082362	-0.037437	-0.187186
17:01:54.957	-0.080094	-0.036406	-0.182032
17:01:55.015	-0.080819	-0.036736	-0.183679
17:01:55.074	-0.080837	-0.036744	-0.183719
17:01:55.132	-0.080699	-0.036681	-0.183406
17:01:55.191	-0.080271	-0.036487	-0.182434
17:01:55.249	-0.083251	-0.037841	-0.189206
17:01:55.307	-0.083576	-0.037989	-0.189945
17:01:55.366	-0.084269	-0.038304	-0.191521
17:01:55.424	-0.085009	-0.038640	-0.193202
17:01:55.482	-0.084894	-0.038588	-0.192940
17:01:55.540	-0.082672	-0.037578	-0.187892
17:01:55.599	-0.081514	-0.037052	-0.185259
17:01:55.657	-0.081565	-0.037075	-0.185374
17:01:55.715	-0.079370	-0.036077	-0.180387
17:01:55.773	-0.079708	-0.036231	-0.181154
17:01:55.832	-0.081332	-0.036969	-0.184846
17:01:55.890	-0.082643	-0.037565	-0.187824
17:01:55.948	-0.082279	-0.037399	-0.186997
17:01:56.007	-0.083398	-0.037908	-0.189540
17:01:56.066	-0.082484	-0.037493	-0.187464
17:01:56.124	-0.081323	-0.036965	-0.184825
17:01:56.182	-0.079731	-0.036241	-0.181206
17:01:56.241	-0.080552	-0.036614	-0.183072
17:01:56.299	-0.078907	-0.035867	-0.179334
17:01:56.357	-0.078318	-0.035599	-0.177994
17:01:56.416	-0.079566	-0.036167	-0.180833
17:01:56.474	-0.080945	-0.036793	-0.183966
17:01:56.532	-0.080659	-0.036663	-0.183315
17:01:56.590	-0.082895	-0.037679	-0.188397
17:01:56.649	-0.084199	-0.038272	-0.191362
17:01:56.707	-0.083630	-0.038014	-0.190069
17:01:56.765	-0.085533	-0.038879	-0.194393
17:01:56.824	-0.085141	-0.038700	-0.193502
17:01:56.883	-0.084453	-0.038388	-0.191938
17:01:56.941	-0.082644	-0.037565	-0.187827
17:01:56.999	-0.082169	-0.037350	-0.186749
17:01:57.057	-0.081993	-0.037270	-0.186348
17:01:57.116	-0.079083	-0.035947	-0.179734
17:01:57.174	-0.080311	-0.036505	-0.182525
17:01:57.232	-0.079918	-0.036326	-0.181631
17:01:57.291	-0.080725	-0.036693	-0.183466
17:01:57.349	-0.084546	-0.038430	-0.192151
17:01:57.407	-0.086677	-0.039399	-0.196993
17:01:57.465	-0.086462	-0.039301	-0.196506
17:01:57.524	-0.087723	-0.039874	-0.199370
17:01:57.582	-0.087166	-0.039621	-0.198106
17:01:57.640	-0.083867	-0.038121	-0.190607
17:01:57.698	-0.083042	-0.037746	-0.188732
17:01:57.757	-0.081990	-0.037268	-0.186341
17:01:57.815	-0.079656	-0.036207	-0.181035
17:01:57.874	-0.078226	-0.035557	-0.177787
17:01:57.932	-0.079834	-0.036288	-0.181441
17:01:57.991	-0.080437	-0.036562	-0.182812
17:01:58.049	-0.079101	-0.035955	-0.179774
17:01:58.107	-0.081901	-0.037228	-0.186139
17:01:58.165	-0.080288	-0.036494	-0.182472
17:01:58.224	-0.079687	-0.036222	-0.181108
17:01:58.283	-0.076351	-0.034705	-0.173526
17:01:58.341	-0.071501	-0.032500	-0.162502
17:01:58.399	-0.065477	-0.029762	-0.148812
17:01:58.458	-0.061575	-0.027989	-0.139944
17:01:58.516	-0.057366	-0.026075	-0.130377
17:01:58.574	-0.052211	-0.023732	-0.118661
17:01:58.633	-0.047399	-0.021545	-0.107724
ctrl + c:
Program end
