16:48:52.189	0.567481	0.257946	1.289730
16:48:52.240	0.556618	0.253008	1.265040
16:48:52.291	0.552501	0.251137	1.255683
16:48:52.342	0.546620	0.248464	1.242318
16:48:52.393	0.542240	0.246473	1.232363
16:48:52.444	0.542621	0.246646	1.233229
16:48:52.495	0.542697	0.246680	1.233401
16:48:52.545	0.549060	0.249573	1.247864
16:48:52.596	0.555250	0.252386	1.261932
16:48:52.647	0.560295	0.254680	1.273399
16:48:52.699	0.567054	0.257752	1.288758
16:48:52.750	0.573711	0.260778	1.303888
16:48:52.801	0.578922	0.263147	1.315733
16:48:52.852	0.581658	0.264390	1.321951
16:48:52.903	0.585206	0.266003	1.330014
16:48:52.954	0.591464	0.268847	1.344236
16:48:53.004	0.596059	0.270936	1.354680
16:48:53.055	0.600841	0.273109	1.365547
16:48:53.106	0.603453	0.274297	1.371483
16:48:53.156	0.607777	0.276262	1.381311
16:48:53.207	0.608933	0.276788	1.383939
16:48:53.257	0.609663	0.277120	1.385599
16:48:53.308	0.612507	0.278412	1.392062
16:48:53.359	0.611335	0.277880	1.389398
16:48:53.409	0.613658	0.278935	1.394677
16:48:53.460	0.614240	0.279200	1.395999
16:48:53.510	0.615359	0.279708	1.398542
16:48:53.561	0.615461	0.279755	1.398775
16:48:53.611	0.610574	0.277534	1.387669
16:48:53.662	0.608711	0.276687	1.383433
16:48:53.713	0.603008	0.274095	1.370473
16:48:53.763	0.601660	0.273482	1.367409
16:48:53.814	0.599111	0.272323	1.361617
16:48:53.864	0.598868	0.272213	1.361064
16:48:53.915	0.602640	0.273927	1.369637
16:48:53.965	0.603824	0.274466	1.372328
16:48:54.016	0.609459	0.277027	1.385134
16:48:54.066	0.614229	0.279195	1.395976
16:48:54.117	0.619543	0.281610	1.408052
16:48:54.168	0.627019	0.285009	1.425043
16:48:54.218	0.630640	0.286654	1.433272
16:48:54.269	0.636957	0.289526	1.447630
16:48:54.319	0.640135	0.290970	1.454851
16:48:54.370	0.646339	0.293790	1.468952
16:48:54.420	0.654966	0.297712	1.488559
16:48:54.471	0.661626	0.300739	1.503695
16:48:54.522	0.671351	0.305160	1.525799
16:48:54.573	0.672652	0.305751	1.528755
16:48:54.623	0.677603	0.308001	1.540007
16:48:54.674	0.680500	0.309318	1.546590
16:48:54.725	0.683488	0.310676	1.553382
16:48:54.775	0.685278	0.311490	1.557449
16:48:54.826	0.687443	0.312474	1.562370
16:48:54.877	0.690623	0.313920	1.569599
16:48:54.927	0.689592	0.313451	1.567254
16:48:54.978	0.691135	0.314152	1.570762
16:48:55.028	0.689916	0.313598	1.567992
16:48:55.079	0.693114	0.315052	1.575259
16:48:55.130	0.693529	0.315241	1.576203
16:48:55.181	0.692398	0.314727	1.573633
16:48:55.232	0.695502	0.316137	1.580685
16:48:55.282	0.694493	0.315678	1.578392
16:48:55.333	0.694497	0.315681	1.578403
16:48:55.384	0.696213	0.316460	1.582302
16:48:55.435	0.699198	0.317817	1.589087
16:48:55.485	0.698080	0.317309	1.586546
16:48:55.536	0.700136	0.318243	1.591217
16:48:55.586	0.697589	0.317086	1.585430
16:48:55.637	0.699594	0.317997	1.589987
16:48:55.688	0.698511	0.317505	1.587526
16:48:55.738	0.698261	0.317391	1.586957
16:48:55.789	0.701223	0.318738	1.593688
16:48:55.840	0.700996	0.318635	1.593173
16:48:55.890	0.701540	0.318882	1.594409
16:48:55.941	0.700164	0.318256	1.591281
16:48:55.991	0.701282	0.318765	1.593824
16:48:56.042	0.700230	0.318286	1.591431
16:48:56.092	0.700453	0.318388	1.591939
16:48:56.143	0.704457	0.320208	1.601039
16:48:56.194	0.702811	0.319459	1.597297
16:48:56.244	0.703307	0.319685	1.598425
16:48:56.301	0.703706	0.319866	1.599332
16:48:56.351	0.702462	0.319301	1.596504
16:48:56.402	0.702010	0.319095	1.595477
16:48:56.452	0.703724	0.319874	1.599372
16:48:56.503	0.704558	0.320254	1.601269
16:48:56.554	0.706602	0.321183	1.605913
16:48:56.604	0.705986	0.320903	1.604514
16:48:56.655	0.704124	0.320057	1.600283
16:48:56.705	0.705496	0.320680	1.603400
16:48:56.756	0.706142	0.320974	1.604868
16:48:56.806	0.708648	0.322113	1.610564
16:48:56.857	0.709305	0.322411	1.612056
16:48:56.908	0.709792	0.322633	1.613164
16:48:56.958	0.708052	0.321842	1.609209
16:48:57.009	0.706549	0.321158	1.605792
16:48:57.059	0.707421	0.321555	1.607776
16:48:57.110	0.707317	0.321508	1.607539
16:48:57.160	0.708918	0.322235	1.611177
16:48:57.211	0.707360	0.321527	1.607636
16:48:57.261	0.708292	0.321951	1.609755
16:48:57.312	0.705470	0.320668	1.603341
16:48:57.363	0.703897	0.319953	1.599766
16:48:57.413	0.705191	0.320541	1.602706
16:48:57.464	0.704944	0.320429	1.602146
16:48:57.514	0.707363	0.321529	1.607643
16:48:57.565	0.705424	0.320647	1.603236
16:48:57.615	0.705104	0.320502	1.602510
16:48:57.666	0.703303	0.319683	1.598416
16:48:57.716	0.703142	0.319610	1.598051
16:48:57.767	0.705319	0.320599	1.602997
16:48:57.818	0.705005	0.320457	1.602284
16:48:57.868	0.707642	0.321655	1.608276
16:48:57.919	0.705648	0.320749	1.603746
16:48:57.969	0.706512	0.321142	1.605709
16:48:58.020	0.705654	0.320752	1.603759
16:48:58.070	0.707451	0.321569	1.607843
16:48:58.121	0.710284	0.322856	1.614282
16:48:58.172	0.709566	0.322530	1.612650
16:48:58.222	0.709617	0.322553	1.612765
16:48:58.273	0.708031	0.321832	1.609162
16:48:58.323	0.708927	0.322239	1.611197
16:48:58.374	0.708809	0.322186	1.610930
16:48:58.424	0.708682	0.322128	1.610641
16:48:58.475	0.710258	0.322845	1.614223
16:48:58.525	0.710073	0.322760	1.613802
16:48:58.576	0.710621	0.323010	1.615048
16:48:58.626	0.707897	0.321771	1.608856
16:48:58.677	0.707912	0.321778	1.608891
16:48:58.727	0.711288	0.323313	1.616563
16:48:58.778	0.710699	0.323045	1.615225
16:48:58.829	0.712558	0.323890	1.619449
16:48:58.879	0.711422	0.323374	1.616868
16:48:58.930	0.711337	0.323335	1.616674
16:48:58.980	0.712028	0.323649	1.618245
16:48:59.031	0.710154	0.322797	1.613987
16:48:59.081	0.713316	0.324235	1.621173
16:48:59.132	0.713945	0.324520	1.622602
16:48:59.182	0.713981	0.324537	1.622685
16:48:59.233	0.712401	0.323819	1.619094
16:48:59.284	0.712328	0.323785	1.618927
16:48:59.335	0.711100	0.323227	1.616135
16:48:59.386	0.712134	0.323697	1.618485
16:48:59.437	0.715356	0.325162	1.625809
16:48:59.488	0.714283	0.324674	1.623370
16:48:59.538	0.714286	0.324675	1.623377
16:48:59.589	0.713961	0.324528	1.622638
16:48:59.640	0.715275	0.325125	1.625625
16:48:59.691	0.714233	0.324651	1.623256
16:48:59.742	0.716969	0.325895	1.629475
16:48:59.793	0.715844	0.325384	1.626919
16:48:59.844	0.718031	0.326378	1.631889
16:48:59.895	0.717126	0.325966	1.629832
16:48:59.945	0.717317	0.326053	1.630265
16:48:59.996	0.715952	0.325433	1.627164
16:49:00.046	0.716308	0.325595	1.627973
16:49:00.097	0.718096	0.326407	1.632036
16:49:00.148	0.718128	0.326422	1.632109
16:49:00.198	0.719310	0.326959	1.634795
16:49:00.249	0.717702	0.326228	1.631140
16:49:00.299	0.716391	0.325632	1.628160
16:49:00.350	0.718499	0.326590	1.632952
16:49:00.400	0.717668	0.326213	1.631064
16:49:00.451	0.720776	0.327625	1.638127
16:49:00.501	0.718546	0.326612	1.633059
16:49:00.552	0.719438	0.327017	1.635087
16:49:00.603	0.718291	0.326496	1.632480
16:49:00.654	0.718957	0.326799	1.633993
16:49:00.705	0.718636	0.326653	1.633263
16:49:00.755	0.718712	0.326687	1.633436
16:49:00.806	0.719545	0.327066	1.635330
16:49:00.856	0.717848	0.326295	1.631473
16:49:00.907	0.717990	0.326359	1.631795
16:49:00.957	0.715843	0.325383	1.626917
16:49:01.008	0.717740	0.326245	1.631227
16:49:01.059	0.719146	0.326884	1.634422
16:49:01.110	0.719116	0.326871	1.634355
16:49:01.160	0.720280	0.327400	1.637001
16:49:01.211	0.719312	0.326960	1.634801
16:49:01.262	0.718722	0.326692	1.633458
16:49:01.317	0.719265	0.326939	1.634694
16:49:01.367	0.719154	0.326888	1.634441
16:49:01.418	0.719228	0.326922	1.634608
16:49:01.469	0.718819	0.326736	1.633679
16:49:01.519	0.720416	0.327462	1.637310
16:49:01.570	0.719243	0.326929	1.634643
16:49:01.621	0.719542	0.327065	1.635324
16:49:01.671	0.719365	0.326984	1.634920
16:49:01.722	0.719812	0.327187	1.635936
16:49:01.773	0.720797	0.327635	1.638175
16:49:01.823	0.721271	0.327851	1.639253
16:49:01.874	0.722402	0.328364	1.641822
16:49:01.924	0.719432	0.327015	1.635073
16:49:01.975	0.720213	0.327370	1.636848
16:49:02.026	0.719311	0.326960	1.634798
16:49:02.076	0.719232	0.326924	1.634618
16:49:02.127	0.722089	0.328222	1.641111
16:49:02.177	0.721644	0.328020	1.640100
16:49:02.228	0.722827	0.328558	1.642788
16:49:02.279	0.719277	0.326944	1.634721
16:49:02.329	0.720775	0.327625	1.638125
16:49:02.380	0.719626	0.327103	1.635515
16:49:02.430	0.720601	0.327546	1.637730
16:49:02.481	0.723822	0.329010	1.645051
16:49:02.532	0.721950	0.328159	1.640796
16:49:02.582	0.722609	0.328458	1.642292
16:49:02.633	0.720971	0.327714	1.638570
16:49:02.684	0.722574	0.328443	1.642214
16:49:02.734	0.722197	0.328272	1.641358
16:49:02.785	0.723971	0.329078	1.645389
16:49:02.836	0.724647	0.329385	1.646924
16:49:02.886	0.724762	0.329437	1.647185
16:49:02.937	0.721978	0.328172	1.640859
16:49:02.988	0.722008	0.328185	1.640927
16:49:03.038	0.723461	0.328846	1.644230
16:49:03.089	0.723731	0.328969	1.644843
16:49:03.139	0.727387	0.330630	1.653152
16:49:03.190	0.726600	0.330273	1.651363
16:49:03.240	0.725335	0.329698	1.648488
16:49:03.291	0.724120	0.329145	1.645727
16:49:03.342	0.725520	0.329782	1.648909
16:49:03.393	0.723905	0.329048	1.645238
16:49:03.443	0.726516	0.330234	1.651172
16:49:03.494	0.725465	0.329757	1.648783
16:49:03.544	0.726370	0.330168	1.650840
16:49:03.595	0.724226	0.329194	1.645969
16:49:03.646	0.724593	0.329360	1.646802
16:49:03.696	0.724548	0.329340	1.646699
16:49:03.747	0.724497	0.329317	1.646583
16:49:03.797	0.727086	0.330493	1.652467
16:49:03.848	0.726557	0.330253	1.651266
16:49:03.899	0.729118	0.331417	1.657086
16:49:03.949	0.726292	0.330133	1.650664
16:49:04.000	0.727457	0.330662	1.653312
16:49:04.051	0.727118	0.330508	1.652541
16:49:04.101	0.728698	0.331226	1.656131
16:49:04.152	0.728660	0.331209	1.656045
16:49:04.203	0.729221	0.331464	1.657320
16:49:04.253	0.728950	0.331341	1.656704
16:49:04.304	0.727154	0.330524	1.652622
16:49:04.355	0.729718	0.331690	1.658451
16:49:04.405	0.728758	0.331253	1.656267
16:49:04.456	0.731608	0.332549	1.662745
16:49:04.507	0.729428	0.331558	1.657791
16:49:04.557	0.730426	0.332012	1.660059
16:49:04.608	0.727813	0.330824	1.654119
16:49:04.659	0.728359	0.331072	1.655360
16:49:04.709	0.728335	0.331061	1.655307
16:49:04.760	0.731251	0.332387	1.661933
16:49:04.811	0.729929	0.331786	1.658930
16:49:04.861	0.729630	0.331650	1.658250
16:49:04.912	0.728585	0.331175	1.655875
16:49:04.963	0.727717	0.330780	1.653902
16:49:05.013	0.729492	0.331587	1.657937
16:49:05.064	0.728995	0.331361	1.656806
16:49:05.115	0.732398	0.332908	1.664541
16:49:05.165	0.730870	0.332214	1.661069
16:49:05.216	0.732513	0.332961	1.664803
16:49:05.267	0.729661	0.331664	1.658319
16:49:05.317	0.730302	0.331955	1.659777
16:49:05.368	0.729364	0.331529	1.657645
16:49:05.419	0.731883	0.332674	1.663371
16:49:05.469	0.732746	0.333066	1.665331
16:49:05.520	0.732560	0.332982	1.664908
16:49:05.571	0.730959	0.332254	1.661271
16:49:05.621	0.732349	0.332886	1.664430
16:49:05.672	0.730456	0.332025	1.660127
16:49:05.723	0.732986	0.333176	1.665878
16:49:05.773	0.732406	0.332912	1.664559
16:49:05.824	0.733174	0.333261	1.666305
16:49:05.875	0.732036	0.332744	1.663719
16:49:05.925	0.732052	0.332751	1.663754
16:49:05.976	0.730722	0.332146	1.660731
16:49:06.026	0.729820	0.331736	1.658681
16:49:06.077	0.732567	0.332985	1.664925
16:49:06.128	0.730860	0.332209	1.661046
16:49:06.178	0.732496	0.332953	1.664764
16:49:06.229	0.730901	0.332228	1.661138
16:49:06.280	0.731057	0.332299	1.661493
16:49:06.330	0.729556	0.331616	1.658082
16:49:06.381	0.731865	0.332666	1.663329
16:49:06.432	0.732123	0.332783	1.663916
16:49:06.483	0.734476	0.333853	1.669264
16:49:06.533	0.734464	0.333847	1.669236
16:49:06.584	0.736504	0.334775	1.673873
16:49:06.635	0.733027	0.333194	1.665970
16:49:06.685	0.732514	0.332961	1.664805
16:49:06.736	0.736188	0.334631	1.673154
16:49:06.787	0.733626	0.333466	1.667332
16:49:06.837	0.734384	0.333811	1.669055
16:49:06.888	0.732167	0.332803	1.664016
16:49:06.939	0.732785	0.333084	1.665419
16:49:06.990	0.730026	0.331830	1.659151
16:49:07.040	0.731907	0.332685	1.663425
16:49:07.091	0.730650	0.332114	1.660568
16:49:07.142	0.732307	0.332867	1.664334
16:49:07.192	0.731835	0.332652	1.663262
16:49:07.243	0.730885	0.332221	1.661103
16:49:07.294	0.732327	0.332876	1.664379
16:49:07.344	0.730162	0.331892	1.659458
16:49:07.395	0.732122	0.332783	1.663914
16:49:07.446	0.731179	0.332354	1.661769
16:49:07.496	0.732717	0.333053	1.665267
16:49:07.547	0.731132	0.332333	1.661663
16:49:07.598	0.731907	0.332685	1.663425
16:49:07.648	0.731349	0.332431	1.662157
16:49:07.699	0.730241	0.331928	1.659639
16:49:07.750	0.733022	0.333192	1.665959
16:49:07.801	0.733416	0.333371	1.666854
16:49:07.851	0.734933	0.334060	1.670301
16:49:07.902	0.730936	0.332244	1.661219
16:49:07.953	0.729801	0.331728	1.658638
16:49:08.003	0.725816	0.329916	1.649582
16:49:08.054	0.722709	0.328504	1.642521
16:49:08.105	0.717572	0.326169	1.630845
16:49:08.155	0.713280	0.324218	1.621091
16:49:08.206	0.705580	0.320718	1.603591
16:49:08.257	0.701131	0.318696	1.593479
16:49:08.307	0.696777	0.316717	1.583584
16:49:08.358	0.693597	0.315271	1.576357
16:49:08.409	0.695783	0.316265	1.581324
16:49:08.459	0.694175	0.315534	1.577669
16:49:08.510	0.695395	0.316089	1.580443
16:49:08.561	0.695106	0.315957	1.579786
16:49:08.611	0.695970	0.316350	1.581749
16:49:08.662	0.694069	0.315486	1.577429
16:49:08.713	0.690689	0.313950	1.569748
16:49:08.763	0.685608	0.311640	1.558201
16:49:08.814	0.682514	0.310234	1.551169
16:49:08.865	0.673121	0.305964	1.529820
16:49:08.915	0.665085	0.302311	1.511556
16:49:08.966	0.658011	0.299096	1.495479
16:49:09.017	0.648409	0.294731	1.473656
16:49:09.067	0.641045	0.291384	1.456921
16:49:09.118	0.632822	0.287646	1.438232
16:49:09.169	0.626637	0.284835	1.424174
16:49:09.219	0.618339	0.281063	1.405315
16:49:09.270	0.612134	0.278243	1.391213
16:49:09.320	0.602933	0.274060	1.370302
16:49:09.371	0.595918	0.270872	1.354358
16:49:09.422	0.591355	0.268798	1.343990
16:49:09.472	0.584008	0.265458	1.327291
16:49:09.523	0.579657	0.263480	1.317402
16:49:09.574	0.572226	0.260103	1.300513
16:49:09.624	0.569152	0.258705	1.293527
16:49:09.675	0.562827	0.255831	1.279153
16:49:09.726	0.559947	0.254522	1.272608
16:49:09.777	0.554586	0.252085	1.260423
16:49:09.827	0.552219	0.251009	1.255043
16:49:09.878	0.547231	0.248741	1.243707
16:49:09.929	0.544764	0.247620	1.238101
16:49:09.979	0.543673	0.247124	1.235621
16:49:10.030	0.539003	0.245002	1.225008
16:49:10.081	0.537710	0.244414	1.222069
16:49:10.131	0.533642	0.242565	1.212824
16:49:10.182	0.531403	0.241547	1.207734
16:49:10.233	0.531487	0.241585	1.207925
16:49:10.283	0.528107	0.240049	1.200244
16:49:10.334	0.528420	0.240191	1.200954
16:49:10.384	0.525709	0.238959	1.194793
16:49:10.435	0.524952	0.238614	1.193072
16:49:10.486	0.524641	0.238473	1.192366
16:49:10.536	0.522287	0.237403	1.187017
16:49:10.587	0.521609	0.237095	1.185476
16:49:10.638	0.522105	0.237320	1.186602
16:49:10.688	0.521409	0.237004	1.185022
16:49:10.739	0.523616	0.238007	1.190036
16:49:10.790	0.529092	0.240496	1.202481
16:49:10.840	0.533556	0.242525	1.212626
16:49:10.891	0.540102	0.245501	1.227504
16:49:10.942	0.551264	0.250575	1.252874
16:49:10.992	0.563707	0.256230	1.281152
16:49:11.043	0.575454	0.261570	1.307850
16:49:11.094	0.591454	0.268843	1.344214
16:49:11.144	0.605405	0.275184	1.375921
16:49:11.195	0.617791	0.280814	1.404070
16:49:11.246	0.630474	0.286579	1.432896
16:49:11.296	0.638124	0.290056	1.450281
16:49:11.347	0.647659	0.294391	1.471953
16:49:11.398	0.651861	0.296300	1.481501
16:49:11.448	0.657813	0.299006	1.495029
16:49:11.499	0.657289	0.298768	1.493840
16:49:11.550	0.658677	0.299398	1.496992
16:49:11.600	0.656788	0.298540	1.492699
16:49:11.651	0.656564	0.298438	1.492190
16:49:11.702	0.655695	0.298043	1.490217
16:49:11.753	0.653204	0.296911	1.484554
16:49:11.803	0.655537	0.297971	1.489856
16:49:11.854	0.656468	0.298394	1.491972
16:49:11.905	0.659892	0.299951	1.499755
16:49:11.955	0.659379	0.299718	1.498588
16:49:12.006	0.661546	0.300703	1.503514
16:49:12.056	0.661590	0.300723	1.503614
16:49:12.107	0.661177	0.300535	1.502674
16:49:12.158	0.658438	0.299290	1.496449
16:49:12.208	0.652904	0.296775	1.483873
16:49:12.259	0.649240	0.295109	1.475546
16:49:12.309	0.643245	0.292384	1.461920
16:49:12.360	0.640426	0.291103	1.455513
16:49:12.411	0.636299	0.289227	1.446134
16:49:12.461	0.634184	0.288265	1.441326
16:49:12.512	0.624619	0.283918	1.419588
16:49:12.563	0.621751	0.282614	1.413070
16:49:12.613	0.617920	0.280873	1.404364
16:49:12.664	0.619830	0.281741	1.408705
16:49:12.715	0.623634	0.283470	1.417351
16:49:12.765	0.629765	0.286257	1.431285
16:49:12.816	0.639935	0.290880	1.454398
16:49:12.867	0.648127	0.294603	1.473015
16:49:12.918	0.659618	0.299826	1.499131
16:49:12.968	0.671562	0.305255	1.526277
16:49:13.019	0.687917	0.312689	1.563447
16:49:13.070	0.703547	0.319794	1.598970
16:49:13.120	0.722157	0.328253	1.641267
16:49:13.171	0.735727	0.334422	1.672108
16:49:13.222	0.751278	0.341490	1.707450
16:49:13.272	0.763038	0.346836	1.734178
16:49:13.323	0.775833	0.352652	1.763258
16:49:13.374	0.784719	0.356691	1.783453
16:49:13.424	0.792257	0.360117	1.800584
16:49:13.475	0.800613	0.363915	1.819576
16:49:13.526	0.801889	0.364495	1.822475
16:49:13.576	0.804405	0.365639	1.828193
16:49:13.627	0.803838	0.365381	1.826904
16:49:13.678	0.803388	0.365176	1.825881
16:49:13.728	0.802908	0.364958	1.824791
16:49:13.779	0.805618	0.366190	1.830951
16:49:13.830	0.805320	0.366054	1.830272
16:49:13.880	0.807180	0.366900	1.834500
16:49:13.931	0.806464	0.366575	1.832873
16:49:13.982	0.809742	0.368064	1.840322
16:49:14.032	0.815408	0.370640	1.853201
16:49:14.083	0.817844	0.371747	1.858735
16:49:14.133	0.822651	0.373932	1.869662
16:49:14.184	0.822156	0.373707	1.868536
16:49:14.235	0.823637	0.374380	1.871902
16:49:14.285	0.822355	0.373798	1.868988
16:49:14.336	0.823131	0.374150	1.870752
16:49:14.387	0.826650	0.375750	1.878751
16:49:14.437	0.826835	0.375834	1.879171
16:49:14.488	0.828538	0.376608	1.883040
16:49:14.539	0.826401	0.375637	1.878184
16:49:14.589	0.827535	0.376152	1.880762
16:49:14.640	0.826739	0.375790	1.878951
16:49:14.691	0.829149	0.376886	1.884430
16:49:14.742	0.830722	0.377601	1.888006
16:49:14.792	0.831752	0.378069	1.890345
16:49:14.843	0.833512	0.378869	1.894345
16:49:14.893	0.831162	0.377801	1.889005
16:49:14.944	0.832425	0.378375	1.891874
16:49:14.995	0.831885	0.378129	1.890647
16:49:15.045	0.834040	0.379109	1.895546
16:49:15.096	0.836807	0.380367	1.901833
16:49:15.146	0.836371	0.380168	1.900842
16:49:15.197	0.838308	0.381049	1.905246
16:49:15.248	0.836333	0.380151	1.900756
16:49:15.298	0.837699	0.380772	1.903860
16:49:15.349	0.837443	0.380656	1.903280
16:49:15.400	0.838049	0.380931	1.904656
16:49:15.450	0.840017	0.381826	1.909129
16:49:15.501	0.838264	0.381029	1.905146
16:49:15.552	0.838825	0.381284	1.906421
16:49:15.602	0.836539	0.380245	1.901225
16:49:15.653	0.837809	0.380822	1.904112
16:49:15.704	0.838013	0.380915	1.904575
16:49:15.755	0.838197	0.380999	1.904993
16:49:15.805	0.839826	0.381739	1.908695
16:49:15.856	0.838206	0.381003	1.905013
16:49:15.907	0.837901	0.380864	1.904320
16:49:15.957	0.836143	0.380065	1.900326
16:49:16.008	0.838193	0.380997	1.904985
16:49:16.059	0.837825	0.380830	1.904148
16:49:16.109	0.837748	0.380795	1.903973
16:49:16.160	0.838747	0.381248	1.906242
16:49:16.210	0.836675	0.380307	1.901534
16:49:16.261	0.836751	0.380341	1.901707
16:49:16.312	0.836689	0.380313	1.901567
16:49:16.362	0.839440	0.381564	1.907819
16:49:16.413	0.839847	0.381749	1.908743
16:49:16.464	0.839126	0.381421	1.907104
16:49:16.514	0.839964	0.381802	1.909009
16:49:16.565	0.837908	0.380867	1.904336
16:49:16.616	0.839221	0.381464	1.907320
16:49:16.667	0.840409	0.382004	1.910020
16:49:16.717	0.843489	0.383404	1.917021
16:49:16.768	0.844217	0.383735	1.918676
16:49:16.819	0.841103	0.382320	1.911598
16:49:16.870	0.841308	0.382413	1.912063
16:49:16.921	0.838465	0.381121	1.905603
16:49:16.972	0.840540	0.382064	1.910319
16:49:17.023	0.839273	0.381488	1.907439
16:49:17.074	0.840863	0.382210	1.911051
16:49:17.125	0.841139	0.382336	1.911679
16:49:17.176	0.841861	0.382664	1.913320
16:49:17.226	0.838346	0.381067	1.905333
16:49:17.277	0.839988	0.381813	1.909063
16:49:17.328	0.838375	0.381080	1.905398
16:49:17.379	0.841270	0.382395	1.911977
16:49:17.430	0.840898	0.382226	1.911132
16:49:17.481	0.840722	0.382147	1.910733
16:49:17.532	0.841930	0.382695	1.913477
16:49:17.583	0.838246	0.381021	1.905104
16:49:17.634	0.839988	0.381813	1.909065
16:49:17.685	0.840489	0.382041	1.910203
16:49:17.736	0.843823	0.383556	1.917780
16:49:17.786	0.844394	0.383815	1.919077
16:49:17.837	0.844874	0.384034	1.920168
16:49:17.888	0.842853	0.383115	1.915575
16:49:17.939	0.843321	0.383328	1.916638
16:49:17.990	0.839089	0.381404	1.907020
16:49:18.041	0.838703	0.381229	1.906143
16:49:18.092	0.834425	0.379284	1.896421
16:49:18.143	0.832864	0.378575	1.892873
16:49:18.194	0.826365	0.375620	1.878102
16:49:18.245	0.822759	0.373981	1.869907
16:49:18.296	0.815049	0.370477	1.852384
16:49:18.347	0.811223	0.368738	1.843689
16:49:18.398	0.806365	0.366529	1.832647
16:49:18.448	0.802989	0.364995	1.824975
16:49:18.499	0.795914	0.361779	1.808896
16:49:18.550	0.790943	0.359520	1.797599
16:49:18.601	0.783121	0.355964	1.779820
16:49:18.652	0.779126	0.354148	1.770741
16:49:18.703	0.772109	0.350959	1.754793
16:49:18.754	0.766822	0.348556	1.742778
16:49:18.805	0.763796	0.347180	1.735901
16:49:18.856	0.756733	0.343970	1.719849
16:49:18.907	0.751871	0.341760	1.708798
16:49:18.957	0.745126	0.338693	1.693467
16:49:19.008	0.742878	0.337672	1.688360
16:49:19.059	0.739294	0.336043	1.680214
16:49:19.110	0.740524	0.336602	1.683010
16:49:19.161	0.739509	0.336140	1.680701
16:49:19.212	0.741823	0.337192	1.685962
16:49:19.264	0.741944	0.337247	1.686236
16:49:19.315	0.747358	0.339708	1.698542
16:49:19.366	0.751516	0.341598	1.707992
16:49:19.417	0.760479	0.345672	1.728361
16:49:19.467	0.768779	0.349445	1.747224
16:49:19.518	0.778283	0.353765	1.768826
16:49:19.569	0.785879	0.357218	1.786088
16:49:19.620	0.794052	0.360933	1.804665
16:49:19.671	0.798205	0.362821	1.814103
16:49:19.722	0.808035	0.367289	1.836444
16:49:19.773	0.814680	0.370309	1.851546
16:49:19.824	0.822220	0.373736	1.868681
16:49:19.875	0.831205	0.377821	1.889103
16:49:19.925	0.833559	0.378890	1.894451
16:49:19.976	0.839066	0.381394	1.906969
16:49:20.027	0.842682	0.383037	1.915186
16:49:20.078	0.849644	0.386202	1.931009
16:49:20.129	0.853453	0.387933	1.939665
16:49:20.180	0.859160	0.390527	1.952636
16:49:20.231	0.861085	0.391402	1.957012
16:49:20.282	0.863834	0.392652	1.963259
16:49:20.333	0.864123	0.392783	1.963916
16:49:20.384	0.866019	0.393645	1.968224
16:49:20.434	0.866045	0.393657	1.968285
16:49:20.485	0.868891	0.394950	1.974751
16:49:20.536	0.869788	0.395358	1.976792
16:49:20.587	0.867910	0.394504	1.972522
16:49:20.638	0.869704	0.395320	1.976600
16:49:20.689	0.866476	0.393853	1.969264
16:49:20.740	0.867995	0.394543	1.972716
16:49:20.791	0.868460	0.394754	1.973772
16:49:20.842	0.872168	0.396440	1.982199
16:49:20.893	0.869437	0.395199	1.975993
16:49:20.943	0.870694	0.395770	1.978850
16:49:20.994	0.869167	0.395076	1.975379
16:49:21.045	0.869891	0.395405	1.977025
16:49:21.096	0.868867	0.394939	1.974697
16:49:21.147	0.870730	0.395787	1.978933
16:49:21.198	0.871390	0.396086	1.980431
16:49:21.249	0.869452	0.395206	1.976028
16:49:21.300	0.868624	0.394829	1.974146
16:49:21.350	0.866636	0.393926	1.969628
16:49:21.401	0.868907	0.394958	1.974788
16:49:21.452	0.867788	0.394449	1.972246
16:49:21.503	0.870361	0.395619	1.978093
16:49:21.554	0.869236	0.395107	1.975537
16:49:21.605	0.868587	0.394812	1.974060
16:49:21.656	0.866403	0.393820	1.969098
16:49:21.707	0.866505	0.393866	1.969331
16:49:21.758	0.865065	0.393211	1.966056
16:49:21.809	0.866633	0.393924	1.969621
16:49:21.860	0.870196	0.395544	1.977718
16:49:21.910	0.868149	0.394613	1.973066
16:49:21.962	0.868733	0.394878	1.974392
16:49:22.013	0.865895	0.393588	1.967942
16:49:22.063	0.866309	0.393777	1.968884
16:49:22.114	0.866499	0.393863	1.969317
16:49:22.165	0.869505	0.395230	1.976148
16:49:22.216	0.867445	0.394293	1.971466
16:49:22.267	0.867869	0.394486	1.972429
16:49:22.318	0.865090	0.393223	1.966114
16:49:22.369	0.864734	0.393061	1.965305
16:49:22.419	0.865408	0.393367	1.966837
16:49:22.470	0.864823	0.393102	1.965508
16:49:22.521	0.868139	0.394608	1.973042
16:49:22.572	0.866702	0.393955	1.969777
16:49:22.623	0.866097	0.393681	1.968403
16:49:22.674	0.864401	0.392910	1.964548
16:49:22.725	0.865002	0.393183	1.965913
16:49:22.776	0.863823	0.392647	1.963234
16:49:22.827	0.866744	0.393975	1.969874
16:49:22.878	0.867001	0.394091	1.970457
16:49:22.929	0.867122	0.394146	1.970731
16:49:22.980	0.865349	0.393341	1.966703
16:49:23.031	0.866389	0.393813	1.969066
16:49:23.082	0.865526	0.393421	1.967105
16:49:23.133	0.866565	0.393893	1.969466
16:49:23.183	0.869758	0.395345	1.976723
16:49:23.234	0.869328	0.395149	1.975746
16:49:23.285	0.870607	0.395731	1.978653
16:49:23.336	0.867494	0.394315	1.971577
16:49:23.387	0.867990	0.394541	1.972705
16:49:23.438	0.868213	0.394642	1.973211
16:49:23.489	0.870170	0.395532	1.977660
16:49:23.540	0.869191	0.395087	1.975434
16:49:23.591	0.870897	0.395862	1.979311
16:49:23.642	0.869964	0.395438	1.977190
16:49:23.693	0.868431	0.394741	1.973706
16:49:23.743	0.867248	0.394204	1.971018
16:49:23.794	0.869911	0.395414	1.977071
16:49:23.845	0.869742	0.395337	1.976687
16:49:23.896	0.869388	0.395176	1.975882
16:49:23.947	0.872594	0.396634	1.983169
16:49:23.998	0.868959	0.394982	1.974908
16:49:24.049	0.869712	0.395324	1.976619
16:49:24.100	0.868723	0.394874	1.974370
16:49:24.150	0.871022	0.395919	1.979595
16:49:24.201	0.870183	0.395538	1.977690
16:49:24.252	0.870976	0.395898	1.979490
16:49:24.303	0.870321	0.395600	1.978002
16:49:24.354	0.870084	0.395493	1.977465
16:49:24.405	0.867279	0.394218	1.971088
16:49:24.456	0.868471	0.394760	1.973798
16:49:24.507	0.869893	0.395406	1.977030
16:49:24.558	0.870611	0.395732	1.978661
16:49:24.609	0.872669	0.396668	1.983338
16:49:24.660	0.868547	0.394794	1.973970
16:49:24.711	0.868431	0.394741	1.973707
16:49:24.762	0.868925	0.394966	1.974830
16:49:24.812	0.869473	0.395215	1.976074
16:49:24.863	0.871037	0.395926	1.979629
16:49:24.913	0.872235	0.396471	1.982353
16:49:24.964	0.872919	0.396781	1.983906
16:49:25.014	0.869769	0.395350	1.976748
16:49:25.065	0.869980	0.395446	1.977228
16:49:25.116	0.869243	0.395110	1.975551
16:49:25.166	0.871155	0.395980	1.979898
16:49:25.217	0.873012	0.396824	1.984119
16:49:25.267	0.870974	0.395897	1.979486
16:49:25.318	0.869917	0.395417	1.977083
16:49:25.368	0.867485	0.394312	1.971558
16:49:25.419	0.867146	0.394157	1.970786
16:49:25.469	0.869657	0.395298	1.976492
16:49:25.520	0.869603	0.395274	1.976370
16:49:25.570	0.872190	0.396450	1.982251
16:49:25.621	0.869611	0.395278	1.976390
16:49:25.672	0.869406	0.395184	1.975922
16:49:25.722	0.869572	0.395260	1.976299
16:49:25.773	0.869059	0.395027	1.975133
16:49:25.824	0.871037	0.395926	1.979630
16:49:25.874	0.871185	0.395993	1.979967
16:49:25.925	0.870684	0.395765	1.978827
16:49:25.975	0.871066	0.395939	1.979696
16:49:26.026	0.868401	0.394728	1.973638
16:49:26.076	0.869718	0.395326	1.976631
16:49:26.127	0.869201	0.395091	1.975456
16:49:26.177	0.870515	0.395688	1.978442
16:49:26.228	0.872379	0.396536	1.982679
16:49:26.279	0.869643	0.395292	1.976461
16:49:26.329	0.868714	0.394870	1.974351
16:49:26.380	0.867643	0.394383	1.971916
16:49:26.430	0.868662	0.394846	1.974231
16:49:26.481	0.871536	0.396153	1.980763
16:49:26.531	0.870694	0.395770	1.978851
16:49:26.582	0.870203	0.395547	1.977734
16:49:26.635	0.870097	0.395499	1.977493
16:49:26.686	0.866536	0.393880	1.969399
16:49:26.737	0.866732	0.393969	1.969845
16:49:26.788	0.867295	0.394225	1.971124
16:49:26.839	0.869007	0.395003	1.975017
16:49:26.890	0.868871	0.394942	1.974708
16:49:26.941	0.867671	0.394396	1.971980
16:49:26.992	0.868630	0.394832	1.974158
16:49:27.043	0.866430	0.393832	1.969159
16:49:27.094	0.869606	0.395275	1.976376
16:49:27.145	0.868752	0.394887	1.974436
16:49:27.196	0.870613	0.395733	1.978665
16:49:27.247	0.869570	0.395259	1.976296
16:49:27.297	0.869385	0.395175	1.975874
16:49:27.348	0.866052	0.393660	1.968300
16:49:27.399	0.866120	0.393691	1.968454
16:49:27.450	0.865910	0.393596	1.967978
16:49:27.501	0.867966	0.394530	1.972651
16:49:27.552	0.868710	0.394868	1.974341
16:49:27.603	0.869647	0.395294	1.976471
16:49:27.654	0.866451	0.393842	1.969208
16:49:27.705	0.866544	0.393883	1.969417
16:49:27.756	0.865574	0.393443	1.967214
16:49:27.807	0.866915	0.394052	1.970262
16:49:27.858	0.870221	0.395555	1.977776
16:49:27.909	0.869674	0.395306	1.976532
16:49:27.960	0.870793	0.395815	1.979074
16:49:28.011	0.867550	0.394341	1.971704
16:49:28.062	0.869978	0.395445	1.977223
16:49:28.113	0.867445	0.394293	1.971466
16:49:28.164	0.869817	0.395371	1.976856
16:49:28.214	0.870517	0.395690	1.978449
16:49:28.265	0.872445	0.396566	1.982830
16:49:28.316	0.870141	0.395519	1.977593
16:49:28.367	0.869613	0.395279	1.976393
16:49:28.418	0.866486	0.393857	1.969287
16:49:28.469	0.867362	0.394256	1.971278
16:49:28.520	0.866536	0.393880	1.969401
16:49:28.571	0.865868	0.393576	1.967882
16:49:28.622	0.857837	0.389926	1.949630
16:49:28.672	0.848726	0.385785	1.928923
16:49:28.723	0.843197	0.383271	1.916357
16:49:28.774	0.839043	0.381383	1.906916
16:49:28.825	0.838858	0.381299	1.906496
16:49:28.876	0.839540	0.381609	1.908045
16:49:28.927	0.838706	0.381230	1.906150
16:49:28.977	0.835777	0.379899	1.899493
16:49:29.028	0.830886	0.377675	1.888377
16:49:29.079	0.823544	0.374338	1.871690
16:49:29.130	0.819207	0.372367	1.861834
16:49:29.181	0.812145	0.369157	1.845785
16:49:29.232	0.806267	0.366485	1.832426
16:49:29.283	0.798773	0.363078	1.815392
16:49:29.334	0.797345	0.362430	1.812149
16:49:29.384	0.795014	0.361370	1.806850
16:49:29.435	0.799648	0.363476	1.817381
16:49:29.486	0.803496	0.365225	1.826127
16:49:29.537	0.811790	0.368995	1.844976
16:49:29.588	0.815698	0.370772	1.853858
16:49:29.639	0.819804	0.372638	1.863192
16:49:29.689	0.820082	0.372764	1.863822
16:49:29.740	0.823015	0.374098	1.870488
16:49:29.791	0.823891	0.374496	1.872480
16:49:29.842	0.828544	0.376611	1.883055
16:49:29.893	0.829405	0.377002	1.885012
16:49:29.944	0.831887	0.378130	1.890652
16:49:29.995	0.829454	0.377025	1.885123
16:49:30.046	0.828562	0.376619	1.883095
16:49:30.097	0.828748	0.376704	1.883518
16:49:30.147	0.829715	0.377143	1.885716
16:49:30.198	0.829722	0.377146	1.885731
16:49:30.249	0.832540	0.378427	1.892136
16:49:30.300	0.831028	0.377740	1.888700
16:49:30.351	0.832472	0.378396	1.891982
16:49:30.402	0.829724	0.377147	1.885736
16:49:30.453	0.831039	0.377745	1.888725
16:49:30.504	0.831181	0.377810	1.889048
16:49:30.555	0.832304	0.378320	1.891599
16:49:30.606	0.835950	0.379977	1.899886
16:49:30.656	0.833095	0.378680	1.893398
16:49:30.707	0.832630	0.378468	1.892340
16:49:30.758	0.831002	0.377728	1.888641
16:49:30.809	0.832945	0.378612	1.893058
16:49:30.860	0.831833	0.378106	1.890529
16:49:30.911	0.833953	0.379069	1.895347
16:49:30.962	0.832178	0.378263	1.891314
16:49:31.013	0.830583	0.377538	1.887688
16:49:31.063	0.828244	0.376475	1.882373
16:49:31.114	0.829130	0.376877	1.884387
16:49:31.165	0.828304	0.376502	1.882509
16:49:31.216	0.829460	0.377027	1.885137
16:49:31.267	0.832532	0.378424	1.892118
16:49:31.318	0.830086	0.377312	1.886558
16:49:31.369	0.830403	0.377456	1.887279
16:49:31.419	0.828986	0.376812	1.884058
16:49:31.470	0.830702	0.377592	1.887960
16:49:31.520	0.828306	0.376503	1.882514
16:49:31.571	0.831746	0.378066	1.890332
16:49:31.622	0.836338	0.380154	1.900769
16:49:31.673	0.839652	0.381660	1.908300
16:49:31.723	0.843674	0.383488	1.917440
16:49:31.774	0.846029	0.384558	1.922792
16:49:31.825	0.848274	0.385579	1.927897
16:49:31.876	0.848415	0.385643	1.928216
16:49:31.927	0.849627	0.386194	1.930970
16:49:31.978	0.846061	0.384573	1.922867
16:49:32.029	0.845117	0.384144	1.920721
16:49:32.080	0.841550	0.382523	1.912613
16:49:32.131	0.843540	0.383427	1.917136
16:49:32.182	0.843735	0.383516	1.917579
16:49:32.233	0.846150	0.384613	1.923067
16:49:32.283	0.845295	0.384225	1.921125
16:49:32.334	0.845633	0.384379	1.921893
16:49:32.385	0.844491	0.383860	1.919298
16:49:32.436	0.846635	0.384834	1.924170
16:49:32.487	0.846977	0.384989	1.924947
16:49:32.538	0.849667	0.386212	1.931061
16:49:32.589	0.850792	0.386723	1.933617
16:49:32.640	0.851655	0.387116	1.935580
16:49:32.691	0.849159	0.385982	1.929908
16:49:32.742	0.849168	0.385986	1.929928
16:49:32.793	0.848798	0.385817	1.929085
16:49:32.844	0.850873	0.386760	1.933802
16:49:32.895	0.850003	0.386365	1.931826
16:49:32.946	0.849731	0.386241	1.931206
16:49:32.997	0.845643	0.384383	1.921917
16:49:33.048	0.847647	0.385294	1.926471
