16:17:24.783	0.418422	0.193714	0.968569
16:17:24.834	0.416754	0.192942	0.964709
16:17:24.885	0.416596	0.192869	0.964343
16:17:24.935	0.418425	0.193715	0.968577
16:17:24.986	0.419784	0.194344	0.971721
16:17:25.036	0.423201	0.195927	0.979633
16:17:25.087	0.425396	0.196943	0.984714
16:17:25.137	0.427403	0.197872	0.989358
16:17:25.188	0.425177	0.196841	0.984206
16:17:25.239	0.427534	0.197932	0.989661
16:17:25.290	0.429062	0.198640	0.993199
16:17:25.340	0.431156	0.199609	0.998047
16:17:25.391	0.433777	0.200823	1.004114
16:17:25.442	0.434812	0.201302	1.006509
16:17:25.493	0.432460	0.200213	1.001065
16:17:25.544	0.432336	0.200156	1.000778
16:17:25.595	0.432385	0.200178	1.000890
16:17:25.646	0.430748	0.199421	0.997103
16:17:25.696	0.433428	0.200661	1.003306
16:17:25.747	0.433844	0.200854	1.004268
16:17:25.798	0.430786	0.199438	0.997190
16:17:25.849	0.429545	0.198863	0.994317
16:17:25.900	0.428003	0.198149	0.990747
16:17:25.951	0.426660	0.197528	0.987638
16:17:26.001	0.428748	0.198494	0.992472
16:17:26.052	0.429738	0.198953	0.994765
16:17:26.103	0.428442	0.198353	0.991764
16:17:26.154	0.427667	0.197994	0.989971
16:17:26.205	0.426033	0.197237	0.986186
16:17:26.256	0.425406	0.196947	0.984735
16:17:26.306	0.426657	0.197527	0.987633
16:17:26.357	0.428878	0.198555	0.992774
16:17:26.408	0.429491	0.198838	0.994192
16:17:26.459	0.428727	0.198485	0.992423
16:17:26.510	0.428294	0.198284	0.991420
16:17:26.561	0.426850	0.197616	0.988080
16:17:26.611	0.427311	0.197829	0.989146
16:17:26.662	0.430265	0.199197	0.995983
16:17:26.713	0.431125	0.199595	0.997975
16:17:26.764	0.431985	0.199993	0.999965
16:17:26.815	0.433027	0.200475	1.002377
16:17:26.866	0.431211	0.199635	0.998174
16:17:26.917	0.431335	0.199692	0.998461
16:17:26.967	0.434612	0.201209	1.006045
16:17:27.018	0.434575	0.201192	1.005961
16:17:27.069	0.437115	0.202368	1.011841
16:17:27.120	0.438229	0.202884	1.014418
16:17:27.171	0.436163	0.201927	1.009636
16:17:27.222	0.436426	0.202049	1.010245
16:17:27.273	0.438017	0.202786	1.013928
16:17:27.323	0.438374	0.202951	1.014754
16:17:27.374	0.441806	0.204540	1.022699
16:17:27.425	0.445836	0.206405	1.032027
16:17:27.476	0.444849	0.205948	1.029742
16:17:27.527	0.445804	0.206391	1.031954
16:17:27.578	0.447239	0.207055	1.035276
16:17:27.628	0.447606	0.207225	1.036125
16:17:27.679	0.451046	0.208818	1.044089
16:17:27.730	0.454201	0.210278	1.051390
16:17:27.781	0.454039	0.210203	1.051016
16:17:27.832	0.454182	0.210270	1.051348
16:17:27.883	0.454189	0.210273	1.051363
16:17:27.934	0.452686	0.209577	1.047884
16:17:27.985	0.454429	0.210384	1.051918
16:17:28.036	0.457065	0.211604	1.058022
16:17:28.087	0.456419	0.211305	1.056524
16:17:28.138	0.456729	0.211449	1.057244
16:17:28.189	0.455593	0.210923	1.054614
16:17:28.240	0.453611	0.210005	1.050024
16:17:28.291	0.455008	0.210652	1.053260
16:17:28.342	0.454040	0.210204	1.051019
16:17:28.394	0.457577	0.211841	1.059205
16:17:28.445	0.455707	0.210976	1.054878
16:17:28.496	0.455346	0.210808	1.054041
16:17:28.547	0.454949	0.210624	1.053122
16:17:28.598	0.452293	0.209395	1.046974
16:17:28.649	0.453893	0.210136	1.050678
16:17:28.700	0.455436	0.210850	1.054250
16:17:28.751	0.456020	0.211120	1.055602
16:17:28.802	0.458560	0.212296	1.061481
16:17:28.853	0.455581	0.210917	1.054585
16:17:28.904	0.455295	0.210785	1.053923
16:17:28.955	0.453750	0.210069	1.050347
16:17:29.006	0.451972	0.209246	1.046232
16:17:29.057	0.454691	0.210505	1.052524
16:17:29.108	0.453672	0.210033	1.050166
16:17:29.159	0.454632	0.210478	1.052389
16:17:29.210	0.455990	0.211107	1.055533
16:17:29.261	0.455299	0.210786	1.053932
16:17:29.312	0.455770	0.211005	1.055024
16:17:29.363	0.456815	0.211489	1.057443
16:17:29.414	0.456683	0.211427	1.057136
16:17:29.464	0.459864	0.212900	1.064500
16:17:29.515	0.460771	0.213320	1.066601
16:17:29.566	0.458188	0.212124	1.060621
16:17:29.617	0.457944	0.212011	1.060055
16:17:29.668	0.457203	0.211668	1.058341
16:17:29.718	0.456569	0.211374	1.056872
16:17:29.769	0.459254	0.212618	1.063088
16:17:29.820	0.460172	0.213043	1.065213
16:17:29.871	0.457489	0.211801	1.059003
16:17:29.922	0.457498	0.211805	1.059023
16:17:29.973	0.457665	0.211882	1.059410
16:17:30.024	0.456247	0.211225	1.056127
16:17:30.075	0.458905	0.212456	1.062280
16:17:30.125	0.460090	0.213005	1.065024
16:17:30.176	0.459306	0.212642	1.063209
16:17:30.227	0.458859	0.212435	1.062174
16:17:30.278	0.456400	0.211296	1.056481
16:17:30.329	0.455550	0.210903	1.054515
16:17:30.380	0.458302	0.212177	1.060884
16:17:30.430	0.458121	0.212093	1.060466
16:17:30.481	0.460664	0.213270	1.066352
16:17:30.532	0.461926	0.213854	1.069272
16:17:30.583	0.459389	0.212680	1.063401
16:17:30.634	0.459526	0.212743	1.063717
16:17:30.685	0.457327	0.211725	1.058627
16:17:30.735	0.458254	0.212154	1.060772
16:17:30.786	0.461227	0.213531	1.067654
16:17:30.837	0.460813	0.213339	1.066696
16:17:30.888	0.460689	0.213282	1.066411
16:17:30.939	0.459940	0.212935	1.064675
16:17:30.990	0.458287	0.212170	1.060849
16:17:31.041	0.460257	0.213082	1.065411
16:17:31.091	0.462471	0.214107	1.070535
16:17:31.142	0.463801	0.214723	1.073613
16:17:31.193	0.466808	0.216115	1.080574
16:17:31.244	0.463588	0.214624	1.073121
16:17:31.295	0.461504	0.213659	1.068297
16:17:31.346	0.461631	0.213718	1.068591
16:17:31.397	0.460838	0.213351	1.066755
16:17:31.447	0.464374	0.214988	1.074939
16:17:31.498	0.465401	0.215464	1.077318
16:17:31.549	0.465147	0.215346	1.076730
16:17:31.600	0.463513	0.214589	1.072947
16:17:31.651	0.460440	0.213166	1.065832
16:17:31.702	0.460936	0.213396	1.066982
16:17:31.753	0.463152	0.214422	1.072110
16:17:31.803	0.463991	0.214811	1.074054
16:17:31.854	0.465644	0.215576	1.077879
16:17:31.905	0.465915	0.215702	1.078508
16:17:31.956	0.462180	0.213972	1.069861
16:17:32.007	0.462006	0.213892	1.069459
16:17:32.057	0.461725	0.213762	1.068808
16:17:32.108	0.463236	0.214461	1.072306
16:17:32.159	0.467806	0.216577	1.082885
16:17:32.210	0.466027	0.215753	1.078766
16:17:32.261	0.467124	0.216261	1.081305
16:17:32.312	0.466203	0.215835	1.079173
16:17:32.363	0.465251	0.215394	1.076970
16:17:32.414	0.464703	0.215140	1.075702
16:17:32.465	0.463919	0.214777	1.073887
16:17:32.516	0.464102	0.214862	1.074309
16:17:32.567	0.464841	0.215204	1.076021
16:17:32.617	0.463133	0.214413	1.072067
16:17:32.668	0.462022	0.213899	1.069496
16:17:32.719	0.463285	0.214484	1.072418
16:17:32.770	0.464009	0.214819	1.074094
16:17:32.821	0.467607	0.216484	1.082422
16:17:32.872	0.470585	0.217863	1.089317
16:17:32.923	0.469999	0.217592	1.087960
16:17:32.973	0.471174	0.218136	1.090680
16:17:33.024	0.471775	0.218414	1.092072
16:17:33.075	0.474303	0.219585	1.097924
16:17:33.126	0.479073	0.221793	1.108964
16:17:33.177	0.480168	0.222300	1.111499
16:17:33.227	0.481741	0.223028	1.115140
16:17:33.278	0.484805	0.224447	1.122235
16:17:33.329	0.483546	0.223864	1.119320
16:17:33.380	0.484557	0.224332	1.121661
16:17:33.431	0.489251	0.226505	1.132526
16:17:33.482	0.491550	0.227569	1.137847
16:17:33.533	0.497168	0.230171	1.150853
16:17:33.584	0.499337	0.231174	1.155872
16:17:33.634	0.497921	0.230519	1.152596
16:17:33.685	0.501113	0.231997	1.159985
16:17:33.736	0.503845	0.233261	1.166307
16:17:33.787	0.506959	0.234703	1.173515
16:17:33.838	0.513118	0.237555	1.187773
16:17:33.889	0.513578	0.237768	1.188838
16:17:33.940	0.514937	0.238397	1.191983
16:17:33.990	0.515554	0.238682	1.193412
16:17:34.041	0.514809	0.238338	1.191688
16:17:34.092	0.518154	0.239886	1.199431
16:17:34.143	0.523074	0.242164	1.210820
16:17:34.194	0.525763	0.243409	1.217044
16:17:34.245	0.528089	0.244485	1.222427
16:17:34.296	0.528652	0.244747	1.223733
16:17:34.346	0.527413	0.244172	1.220862
16:17:34.397	0.528844	0.244835	1.224176
16:17:34.448	0.532064	0.246326	1.231629
16:17:34.499	0.534284	0.247354	1.236768
16:17:34.550	0.535800	0.248056	1.240278
16:17:34.600	0.536245	0.248261	1.241307
16:17:34.651	0.534791	0.247588	1.237942
16:17:34.702	0.534396	0.247406	1.237028
16:17:34.753	0.537691	0.248931	1.244655
16:17:34.804	0.537375	0.248785	1.243923
16:17:34.855	0.540374	0.250173	1.250866
16:17:34.906	0.542895	0.251340	1.256702
16:17:34.956	0.541007	0.250466	1.252330
16:17:35.007	0.540367	0.250170	1.250849
16:17:35.058	0.541140	0.250528	1.252638
16:17:35.109	0.541541	0.250713	1.253567
16:17:35.160	0.543933	0.251821	1.259104
16:17:35.211	0.546611	0.253060	1.265302
16:17:35.261	0.544721	0.252185	1.260927
16:17:35.312	0.543916	0.251813	1.259066
16:17:35.363	0.544498	0.252083	1.260413
16:17:35.414	0.543040	0.251407	1.257036
16:17:35.465	0.545443	0.252520	1.262599
16:17:35.516	0.549747	0.254512	1.272562
16:17:35.566	0.549108	0.254217	1.271084
16:17:35.617	0.549407	0.254355	1.271776
16:17:35.668	0.550837	0.255017	1.275086
16:17:35.719	0.548373	0.253876	1.269382
16:17:35.770	0.549588	0.254439	1.272195
16:17:35.821	0.553633	0.256312	1.281559
16:17:35.871	0.553741	0.256362	1.281808
16:17:35.922	0.554432	0.256681	1.283407
16:17:35.973	0.555191	0.257033	1.285165
16:17:36.024	0.552057	0.255582	1.277909
16:17:36.075	0.552911	0.255977	1.279887
16:17:36.126	0.556730	0.257746	1.288728
16:17:36.177	0.557516	0.258109	1.290547
16:17:36.228	0.559366	0.258966	1.294829
16:17:36.278	0.560950	0.259699	1.298495
16:17:36.329	0.557455	0.258081	1.290405
16:17:36.380	0.555939	0.257379	1.286895
16:17:36.431	0.558452	0.258543	1.292713
16:17:36.482	0.559494	0.259025	1.295124
16:17:36.533	0.560796	0.259628	1.298139
16:17:36.584	0.562044	0.260205	1.301027
16:17:36.635	0.559324	0.258946	1.294732
16:17:36.685	0.556945	0.257845	1.289224
16:17:36.736	0.557544	0.258122	1.290610
16:17:36.787	0.557189	0.257958	1.289789
16:17:36.838	0.558110	0.258384	1.291922
16:17:36.889	0.560751	0.259607	1.298035
16:17:36.940	0.559054	0.258821	1.294106
16:17:36.990	0.557039	0.257888	1.289442
16:17:37.041	0.555951	0.257385	1.286924
16:17:37.092	0.554709	0.256810	1.284050
16:17:37.143	0.556659	0.257713	1.288563
16:17:37.194	0.558054	0.258359	1.291793
16:17:37.245	0.557459	0.258083	1.290413
16:17:37.296	0.556217	0.257508	1.287538
16:17:37.347	0.555266	0.257068	1.285339
16:17:37.397	0.553045	0.256039	1.280197
16:17:37.448	0.554020	0.256491	1.282453
16:17:37.499	0.555740	0.257287	1.286434
16:17:37.550	0.556207	0.257503	1.287516
16:17:37.601	0.557738	0.258212	1.291061
16:17:37.652	0.557894	0.258284	1.291421
16:17:37.703	0.554248	0.256596	1.282982
16:17:37.754	0.555755	0.257294	1.286471
16:17:37.805	0.558155	0.258405	1.292025
16:17:37.855	0.558257	0.258452	1.292260
16:17:37.906	0.561007	0.259725	1.298627
16:17:37.957	0.561040	0.259741	1.298704
16:17:38.008	0.558313	0.258478	1.292391
16:17:38.059	0.557782	0.258232	1.291162
16:17:38.110	0.558301	0.258473	1.292364
16:17:38.161	0.560526	0.259503	1.297514
16:17:38.212	0.563856	0.261044	1.305222
16:17:38.263	0.565429	0.261772	1.308862
16:17:38.313	0.564969	0.261560	1.307798
16:17:38.364	0.565655	0.261877	1.309387
16:17:38.415	0.566683	0.262353	1.311765
16:17:38.466	0.569931	0.263857	1.319284
16:17:38.517	0.575042	0.266223	1.331117
16:17:38.568	0.579150	0.268125	1.340626
16:17:38.619	0.581364	0.269150	1.345749
16:17:38.670	0.582738	0.269786	1.348931
16:17:38.721	0.581668	0.269291	1.346454
16:17:38.771	0.582504	0.269678	1.348389
16:17:38.822	0.586752	0.271645	1.358223
16:17:38.873	0.587756	0.272109	1.360546
16:17:38.924	0.588778	0.272583	1.362913
16:17:38.975	0.592048	0.274097	1.370483
16:17:39.026	0.588461	0.272436	1.362179
16:17:39.077	0.586815	0.271674	1.358369
16:17:39.128	0.588837	0.272610	1.363048
16:17:39.178	0.587990	0.272218	1.361089
16:17:39.229	0.588426	0.272420	1.362098
16:17:39.280	0.590358	0.273314	1.366569
16:17:39.331	0.587061	0.271788	1.358938
16:17:39.382	0.584495	0.270600	1.352998
16:17:39.433	0.586537	0.271545	1.357725
16:17:39.484	0.582484	0.269669	1.348343
16:17:39.534	0.582196	0.269535	1.347676
16:17:39.585	0.583955	0.270350	1.351748
16:17:39.636	0.579135	0.268118	1.340590
16:17:39.687	0.573698	0.265601	1.328005
16:17:39.738	0.571341	0.264510	1.322549
16:17:39.789	0.565778	0.261934	1.309670
16:17:39.839	0.563588	0.260920	1.304602
16:17:39.890	0.563794	0.261016	1.305078
16:17:39.941	0.560642	0.259557	1.297784
16:17:39.992	0.556245	0.257521	1.287605
16:17:40.043	0.554252	0.256598	1.282990
16:17:40.094	0.546885	0.253188	1.265938
16:17:40.144	0.544037	0.251869	1.259345
16:17:40.195	0.542425	0.251123	1.255615
16:17:40.246	0.538229	0.249180	1.245900
16:17:40.297	0.535751	0.248033	1.240164
16:17:40.348	0.530441	0.245575	1.227873
16:17:40.399	0.522673	0.241978	1.209890
16:17:40.450	0.519454	0.240488	1.202440
16:17:40.500	0.515997	0.238887	1.194437
16:17:40.551	0.510470	0.236329	1.181644
16:17:40.602	0.507595	0.234997	1.174987
16:17:40.653	0.500485	0.231706	1.158531
16:17:40.704	0.489434	0.226590	1.132949
16:17:40.755	0.481558	0.222944	1.114718
16:17:40.806	0.474157	0.219517	1.097585
16:17:40.856	0.469235	0.217238	1.086192
16:17:40.907	0.464768	0.215170	1.075852
16:17:40.958	0.457160	0.211648	1.058240
16:17:41.009	0.449574	0.208136	1.040681
16:17:41.060	0.442040	0.204648	1.023241
16:17:41.111	0.432347	0.200161	1.000804
16:17:41.161	0.426177	0.197304	0.986521
16:17:41.212	0.421496	0.195137	0.975685
16:17:41.263	0.414966	0.192114	0.960570
16:17:41.314	0.409412	0.189543	0.947713
16:17:41.365	0.403199	0.186666	0.933330
16:17:41.416	0.396412	0.183524	0.917619
16:17:41.466	0.393784	0.182307	0.911536
16:17:41.517	0.392027	0.181494	0.907471
16:17:41.568	0.388293	0.179765	0.898827
16:17:41.619	0.386269	0.178828	0.894141
16:17:41.670	0.383193	0.177404	0.887020
16:17:41.721	0.377316	0.174683	0.873417
16:17:41.771	0.375646	0.173910	0.869552
16:17:41.822	0.373881	0.173093	0.865464
16:17:41.873	0.372471	0.172440	0.862202
16:17:41.924	0.372863	0.172622	0.863109
16:17:41.975	0.371208	0.171856	0.859278
16:17:42.026	0.369460	0.171046	0.855232
16:17:42.077	0.368572	0.170635	0.853175
16:17:42.127	0.366747	0.169790	0.848951
16:17:42.178	0.366832	0.169830	0.849148
16:17:42.229	0.370836	0.171683	0.858416
16:17:42.280	0.370355	0.171460	0.857302
16:17:42.331	0.369381	0.171010	0.855049
16:17:42.382	0.370043	0.171316	0.856581
16:17:42.433	0.367316	0.170054	0.850269
16:17:42.484	0.367183	0.169992	0.849961
16:17:42.535	0.368960	0.170815	0.854075
16:17:42.585	0.368177	0.170452	0.852262
16:17:42.636	0.368478	0.170592	0.852959
16:17:42.687	0.368426	0.170568	0.852838
16:17:42.738	0.365592	0.169256	0.846278
16:17:42.789	0.366182	0.169529	0.847645
16:17:42.840	0.367042	0.169927	0.849634
16:17:42.890	0.366465	0.169660	0.848298
16:17:42.941	0.368959	0.170814	0.854072
16:17:42.992	0.370717	0.171628	0.858142
16:17:43.043	0.368279	0.170499	0.852497
16:17:43.094	0.369835	0.171220	0.856101
16:17:43.145	0.371246	0.171873	0.859366
16:17:43.195	0.371168	0.171837	0.859185
16:17:43.246	0.374574	0.173414	0.867069
16:17:43.297	0.377350	0.174699	0.873496
16:17:43.348	0.377883	0.174946	0.874730
16:17:43.399	0.379310	0.175606	0.878032
16:17:43.450	0.378020	0.175009	0.875046
16:17:43.500	0.376806	0.174447	0.872236
16:17:43.551	0.378159	0.175074	0.875369
16:17:43.602	0.377671	0.174848	0.874239
16:17:43.653	0.378952	0.175441	0.877204
16:17:43.704	0.377125	0.174595	0.872974
16:17:43.755	0.373600	0.172963	0.864815
16:17:43.806	0.373433	0.172886	0.864429
16:17:43.857	0.373904	0.173104	0.865519
16:17:43.908	0.370972	0.171746	0.858732
16:17:43.958	0.371374	0.171933	0.859663
16:17:44.009	0.371194	0.171849	0.859246
16:17:44.060	0.367006	0.169910	0.849550
16:17:44.111	0.365954	0.169423	0.847116
16:17:44.162	0.365855	0.169377	0.846886
16:17:44.213	0.364039	0.168537	0.842684
16:17:44.263	0.365483	0.169205	0.846026
16:17:44.314	0.367508	0.170143	0.850714
16:17:44.365	0.364505	0.168753	0.843763
16:17:44.416	0.363293	0.168191	0.840956
16:17:44.467	0.363312	0.168200	0.840999
16:17:44.518	0.362259	0.167713	0.838563
16:17:44.568	0.363313	0.168200	0.841001
16:17:44.619	0.365103	0.169029	0.845146
16:17:44.670	0.363611	0.168338	0.841692
16:17:44.721	0.362499	0.167823	0.839117
16:17:44.772	0.361939	0.167564	0.837822
16:17:44.823	0.358886	0.166151	0.830756
16:17:44.874	0.359617	0.166489	0.832447
16:17:44.924	0.361996	0.167591	0.837954
16:17:44.975	0.360210	0.166764	0.833820
16:17:45.026	0.360771	0.167024	0.835119
16:17:45.077	0.360964	0.167113	0.835564
16:17:45.128	0.358117	0.165795	0.828974
16:17:45.179	0.358007	0.165744	0.828720
16:17:45.229	0.358911	0.166163	0.830813
16:17:45.280	0.358621	0.166028	0.830142
16:17:45.331	0.359387	0.166383	0.831915
16:17:45.382	0.358802	0.166112	0.830561
16:17:45.433	0.355796	0.164720	0.823601
16:17:45.484	0.355781	0.164713	0.823566
16:17:45.534	0.356925	0.165243	0.826216
16:17:45.585	0.356340	0.164972	0.824862
16:17:45.636	0.357798	0.165647	0.828236
16:17:45.687	0.359227	0.166309	0.831545
16:17:45.738	0.356313	0.164960	0.824799
16:17:45.789	0.355096	0.164396	0.821982
16:17:45.839	0.355177	0.164434	0.822168
16:17:45.890	0.353463	0.163640	0.818201
16:17:45.941	0.354950	0.164329	0.821643
16:17:45.992	0.357325	0.165428	0.827142
16:17:46.043	0.356184	0.164900	0.824500
16:17:46.094	0.356131	0.164876	0.824378
16:17:46.145	0.357719	0.165611	0.828054
16:17:46.195	0.355634	0.164646	0.823228
16:17:46.246	0.356784	0.165178	0.825890
16:17:46.297	0.359279	0.166333	0.831664
16:17:46.348	0.357879	0.165685	0.828425
16:17:46.399	0.357640	0.165574	0.827870
16:17:46.449	0.357439	0.165481	0.827405
16:17:46.500	0.355674	0.164664	0.823319
16:17:46.551	0.356373	0.164988	0.824938
16:17:46.602	0.358103	0.165788	0.828941
16:17:46.653	0.359156	0.166276	0.831380
16:17:46.704	0.359771	0.166560	0.832802
16:17:46.755	0.359968	0.166652	0.833260
16:17:46.805	0.358059	0.165768	0.828839
16:17:46.856	0.358303	0.165881	0.829406
16:17:46.907	0.360316	0.166813	0.834064
16:17:46.958	0.359576	0.166470	0.832351
16:17:47.009	0.361699	0.167453	0.837267
16:17:47.059	0.362360	0.167759	0.838796
16:17:47.110	0.360577	0.166934	0.834669
16:17:47.161	0.360723	0.167001	0.835007
16:17:47.212	0.362260	0.167713	0.838564
16:17:47.263	0.362061	0.167621	0.838105
16:17:47.314	0.362953	0.168034	0.840170
16:17:47.365	0.361907	0.167549	0.837747
16:17:47.417	0.361432	0.167329	0.836647
16:17:47.469	0.358103	0.165789	0.828943
16:17:47.522	0.359352	0.166367	0.831834
16:17:47.574	0.357081	0.165315	0.826577
16:17:47.626	0.357815	0.165655	0.828276
16:17:47.678	0.360144	0.166734	0.833668
16:17:47.731	0.359714	0.166534	0.832672
16:17:47.783	0.361070	0.167162	0.835811
16:17:47.835	0.357864	0.165678	0.828388
16:17:47.888	0.356312	0.164959	0.824797
16:17:47.940	0.356242	0.164927	0.824634
16:17:47.992	0.353363	0.163594	0.817970
16:17:48.045	0.355123	0.164409	0.822044
16:17:48.097	0.354239	0.164000	0.819998
16:17:48.149	0.354733	0.164228	0.821142
16:17:48.201	0.354927	0.164318	0.821590
16:17:48.253	0.351357	0.162665	0.813326
16:17:48.304	0.349964	0.162020	0.810101
16:17:48.354	0.348870	0.161514	0.807570
16:17:48.405	0.348062	0.161140	0.805700
16:17:48.455	0.347043	0.160668	0.803340
16:17:48.506	0.347339	0.160805	0.804025
16:17:48.557	0.343925	0.159224	0.796122
16:17:48.607	0.342192	0.158422	0.792110
16:17:48.658	0.341081	0.157908	0.789540
16:17:48.708	0.338574	0.156747	0.783737
16:17:48.759	0.338418	0.156675	0.783374
16:17:48.810	0.339643	0.157242	0.786211
16:17:48.860	0.339809	0.157319	0.786595
16:17:48.911	0.338072	0.156515	0.782574
16:17:48.961	0.337782	0.156380	0.781902
16:17:49.012	0.338826	0.156864	0.784319
16:17:49.063	0.339905	0.157363	0.786817
16:17:49.113	0.341765	0.158225	0.791124
16:17:49.164	0.346426	0.160382	0.801911
16:17:49.214	0.346136	0.160248	0.801240
16:17:49.265	0.346299	0.160324	0.801618
16:17:49.315	0.347224	0.160752	0.803760
16:17:49.366	0.348526	0.161354	0.806772
16:17:49.416	0.349121	0.161630	0.808151
16:17:49.467	0.350713	0.162367	0.811836
16:17:49.517	0.352292	0.163098	0.815491
16:17:49.568	0.349200	0.161667	0.808334
16:17:49.619	0.350067	0.162068	0.810339
16:17:49.669	0.350732	0.162376	0.811879
16:17:49.720	0.351308	0.162642	0.813212
16:17:49.770	0.351850	0.162893	0.814467
16:17:49.821	0.353563	0.163686	0.818432
16:17:49.871	0.353352	0.163589	0.817943
16:17:49.922	0.352010	0.162968	0.814838
16:17:49.972	0.352512	0.163200	0.816001
16:17:50.023	0.356870	0.165218	0.826088
16:17:50.074	0.355230	0.164458	0.822291
16:17:50.124	0.356203	0.164909	0.824544
16:17:50.175	0.357373	0.165451	0.827253
16:17:50.225	0.358673	0.166052	0.830260
16:17:50.276	0.357313	0.165423	0.827114
16:17:50.326	0.358869	0.166143	0.830715
16:17:50.377	0.361546	0.167382	0.836912
16:17:50.427	0.361565	0.167391	0.836955
16:17:50.478	0.361837	0.167517	0.837586
16:17:50.528	0.361783	0.167492	0.837460
16:17:50.579	0.359592	0.166478	0.832390
16:17:50.630	0.358341	0.165899	0.829493
16:17:50.680	0.359880	0.166611	0.833055
16:17:50.731	0.360439	0.166870	0.834350
16:17:50.781	0.359971	0.166653	0.833265
16:17:50.832	0.359197	0.166295	0.831476
16:17:50.882	0.361088	0.167171	0.835853
16:17:50.933	0.359055	0.166229	0.831147
16:17:50.984	0.359712	0.166533	0.832667
16:17:51.034	0.361700	0.167454	0.837268
16:17:51.085	0.363256	0.168174	0.840870
16:17:51.135	0.361440	0.167333	0.836667
16:17:51.186	0.361700	0.167454	0.837269
16:17:51.236	0.360488	0.166892	0.834462
16:17:51.287	0.359559	0.166463	0.832313
16:17:51.337	0.360777	0.167027	0.835133
16:17:51.388	0.363679	0.168370	0.841849
16:17:51.439	0.363382	0.168232	0.841162
16:17:51.489	0.361005	0.167132	0.835660
16:17:51.540	0.361018	0.167138	0.835690
16:17:51.590	0.360817	0.167045	0.835226
16:17:51.641	0.360229	0.166773	0.833864
16:17:51.691	0.361568	0.167393	0.836964
16:17:51.742	0.362791	0.167959	0.839793
16:17:51.792	0.363508	0.168291	0.841453
16:17:51.843	0.360836	0.167054	0.835268
16:17:51.894	0.361067	0.167161	0.835803
16:17:51.944	0.362114	0.167645	0.838227
16:17:51.995	0.362177	0.167675	0.838373
16:17:52.045	0.364217	0.168619	0.843094
16:17:52.096	0.364614	0.168803	0.844013
16:17:52.146	0.363889	0.168467	0.842336
16:17:52.197	0.359801	0.166574	0.832872
16:17:52.247	0.359153	0.166274	0.831372
16:17:52.298	0.359971	0.166653	0.833267
16:17:52.348	0.359319	0.166351	0.831757
16:17:52.399	0.358581	0.166010	0.830050
16:17:52.450	0.358416	0.165933	0.829667
16:17:52.501	0.357649	0.165578	0.827891
16:17:52.552	0.358013	0.165747	0.828733
16:17:52.603	0.359509	0.166439	0.832197
16:17:52.653	0.361557	0.167388	0.836938
16:17:52.704	0.362772	0.167950	0.839749
16:17:52.755	0.363473	0.168274	0.841372
16:17:52.806	0.362394	0.167775	0.838874
16:17:52.857	0.360675	0.166979	0.834896
16:17:52.907	0.360697	0.166989	0.834947
16:17:52.958	0.361447	0.167336	0.836682
16:17:53.009	0.361649	0.167430	0.837151
16:17:53.060	0.362428	0.167791	0.838953
16:17:53.111	0.361924	0.167558	0.837788
16:17:53.161	0.360622	0.166955	0.834773
16:17:53.212	0.359289	0.166338	0.831688
16:17:53.263	0.359637	0.166499	0.832493
16:17:53.314	0.360969	0.167115	0.835577
16:17:53.365	0.363206	0.168151	0.840754
16:17:53.416	0.362242	0.167705	0.838523
16:17:53.466	0.361023	0.167140	0.835702
16:17:53.517	0.361778	0.167490	0.837449
16:17:53.568	0.359530	0.166449	0.832245
16:17:53.619	0.359888	0.166615	0.833073
16:17:53.670	0.364112	0.168570	0.842852
16:17:53.721	0.364557	0.168776	0.843882
16:17:53.771	0.364725	0.168854	0.844271
16:17:53.823	0.366077	0.169480	0.847401
16:17:53.873	0.362688	0.167911	0.839556
16:17:53.924	0.362284	0.167724	0.838619
16:17:53.975	0.364512	0.168756	0.843778
16:17:54.026	0.363947	0.168494	0.842470
16:17:54.077	0.365221	0.169084	0.845419
16:17:54.128	0.366462	0.169659	0.848293
16:17:54.178	0.363500	0.168287	0.841436
16:17:54.229	0.362444	0.167798	0.838992
16:17:54.280	0.362533	0.167839	0.839197
16:17:54.331	0.359697	0.166526	0.832631
16:17:54.382	0.357701	0.165602	0.828011
16:17:54.433	0.353401	0.163611	0.818057
16:17:54.483	0.344419	0.159453	0.797266
16:17:54.534	0.337615	0.156303	0.781516
16:17:54.585	0.331001	0.153241	0.766207
16:17:54.636	0.322405	0.149262	0.746308
16:17:54.687	0.316396	0.146480	0.732399
16:17:54.737	0.308565	0.142854	0.714271
16:17:54.788	0.302160	0.139889	0.699445
16:17:54.839	0.295847	0.136966	0.684830
16:17:54.890	0.288231	0.133440	0.667201
16:17:54.941	0.284345	0.131641	0.658207
16:17:54.991	0.280227	0.129735	0.648674
16:17:55.042	0.275081	0.127352	0.636762
16:17:55.093	0.271346	0.125623	0.628115
16:17:55.144	0.269313	0.124682	0.623409
16:17:55.195	0.264566	0.122484	0.612421
16:17:55.246	0.261004	0.120835	0.604177
16:17:55.296	0.259488	0.120133	0.600666
16:17:55.347	0.255430	0.118255	0.591273
16:17:55.398	0.251529	0.116449	0.582243
16:17:55.449	0.249223	0.115381	0.576904
16:17:55.500	0.245587	0.113698	0.568490
16:17:55.551	0.241668	0.111883	0.559417
16:17:55.601	0.239460	0.110861	0.554307
16:17:55.652	0.236568	0.109522	0.547612
16:17:55.703	0.234917	0.108758	0.543789
16:17:55.754	0.232999	0.107870	0.539350
16:17:55.805	0.229681	0.106334	0.531670
16:17:55.855	0.227410	0.105282	0.526411
16:17:55.906	0.224762	0.104057	0.520284
16:17:55.957	0.221357	0.102480	0.512401
16:17:56.008	0.220840	0.102241	0.511204
16:17:56.059	0.221072	0.102348	0.511741
16:17:56.110	0.218303	0.101066	0.505332
16:17:56.160	0.217712	0.100793	0.503963
16:17:56.211	0.216383	0.100177	0.500886
16:17:56.262	0.211695	0.098007	0.490034
16:17:56.313	0.210593	0.097497	0.487484
16:17:56.364	0.209967	0.097207	0.486034
16:17:56.415	0.207790	0.096199	0.480996
16:17:56.465	0.205693	0.095228	0.476142
16:17:56.516	0.203050	0.094005	0.470024
16:17:56.567	0.198863	0.092066	0.460330
16:17:56.618	0.197092	0.091246	0.456232
16:17:56.669	0.195891	0.090690	0.453452
16:17:56.720	0.193469	0.089569	0.447844
16:17:56.770	0.191476	0.088646	0.443232
16:17:56.821	0.189251	0.087616	0.438080
16:17:56.872	0.185737	0.085989	0.429947
16:17:56.923	0.184482	0.085409	0.427043
16:17:56.973	0.185104	0.085696	0.428482
16:17:57.024	0.185921	0.086075	0.430373
16:17:57.074	0.186691	0.086431	0.432155
16:17:57.125	0.189375	0.087673	0.438367
16:17:57.176	0.189154	0.087571	0.437856
16:17:57.227	0.190478	0.088184	0.440921
16:17:57.278	0.193230	0.089458	0.447292
16:17:57.328	0.194960	0.090259	0.451297
16:17:57.379	0.197100	0.091250	0.456251
16:17:57.430	0.200130	0.092653	0.463264
16:17:57.481	0.199661	0.092436	0.462178
16:17:57.532	0.200752	0.092941	0.464704
16:17:57.583	0.201491	0.093283	0.466414
16:17:57.634	0.198749	0.092013	0.460066
16:17:57.684	0.200458	0.092805	0.464024
16:17:57.735	0.202577	0.093786	0.468928
16:17:57.785	0.203067	0.094012	0.470062
16:17:57.836	0.202097	0.093564	0.467818
16:17:57.886	0.203940	0.094417	0.472084
16:17:57.937	0.203697	0.094304	0.471521
16:17:57.987	0.204894	0.094858	0.474292
16:17:58.038	0.209487	0.096985	0.484924
16:17:58.088	0.211008	0.097689	0.488446
16:17:58.139	0.211866	0.098086	0.490430
16:17:58.190	0.212510	0.098384	0.491922
16:17:58.240	0.214973	0.099525	0.497624
16:17:58.291	0.214790	0.099440	0.497199
16:17:58.341	0.215642	0.099834	0.499171
16:17:58.392	0.217465	0.100678	0.503392
16:17:58.443	0.217675	0.100775	0.503877
16:17:58.494	0.216835	0.100387	0.501934
16:17:58.545	0.217130	0.100523	0.502616
16:17:58.596	0.217850	0.100857	0.504283
16:17:58.646	0.217258	0.100582	0.502911
16:17:58.697	0.218750	0.101273	0.506366
16:17:58.748	0.219621	0.101676	0.508382
16:17:58.799	0.218320	0.101074	0.505371
16:17:58.850	0.218810	0.101301	0.506505
16:17:58.901	0.217909	0.100884	0.504420
16:17:58.951	0.218272	0.101052	0.505258
16:17:59.002	0.221340	0.102472	0.512360
16:17:59.053	0.220953	0.102293	0.511465
16:17:59.104	0.221060	0.102343	0.511714
16:17:59.155	0.223304	0.103381	0.516907
16:17:59.206	0.221515	0.102553	0.512766
16:17:59.257	0.219890	0.101801	0.509006
16:17:59.307	0.220776	0.102211	0.511055
16:17:59.358	0.219740	0.101732	0.508658
16:17:59.409	0.221078	0.102351	0.511755
16:17:59.460	0.222347	0.102938	0.514692
16:17:59.511	0.218865	0.101326	0.506632
16:17:59.561	0.219175	0.101470	0.507350
16:17:59.612	0.217970	0.100912	0.504560
16:17:59.663	0.215613	0.099821	0.499104
16:17:59.714	0.217089	0.100504	0.502520
16:17:59.765	0.216614	0.100284	0.501422
16:17:59.816	0.216152	0.100070	0.500351
16:17:59.867	0.216383	0.100177	0.500886
16:17:59.917	0.213941	0.099047	0.495233
16:17:59.968	0.213702	0.098936	0.494680
16:18:00.019	0.215367	0.099707	0.498536
16:18:00.070	0.214841	0.099463	0.497316
16:18:00.121	0.215214	0.099636	0.498180
16:18:00.171	0.216340	0.100157	0.500787
16:18:00.222	0.214509	0.099310	0.496548
16:18:00.273	0.212607	0.098429	0.492145
16:18:00.324	0.213529	0.098856	0.494280
16:18:00.375	0.212940	0.098584	0.492918
16:18:00.426	0.213860	0.099009	0.495045
16:18:00.476	0.214447	0.099281	0.496405
16:18:00.527	0.212053	0.098172	0.490862
16:18:00.578	0.213424	0.098807	0.494037
16:18:00.629	0.214145	0.099141	0.495705
16:18:00.680	0.214164	0.099150	0.495750
16:18:00.730	0.215239	0.099648	0.498239
16:18:00.781	0.215756	0.099887	0.499436
16:18:00.832	0.216003	0.100001	0.500006
16:18:00.883	0.217775	0.100822	0.504109
16:18:00.934	0.215383	0.099714	0.498572
16:18:00.985	0.213858	0.099008	0.495041
16:18:01.036	0.215960	0.099981	0.499907
16:18:01.086	0.215232	0.099644	0.498222
16:18:01.137	0.215310	0.099681	0.498403
16:18:01.188	0.216402	0.100186	0.500930
16:18:01.239	0.214505	0.099308	0.496540
16:18:01.290	0.215419	0.099731	0.498654
16:18:01.341	0.214226	0.099179	0.495895
16:18:01.391	0.214338	0.099231	0.496154
16:18:01.442	0.214781	0.099436	0.497178
16:18:01.493	0.214466	0.099290	0.496450
16:18:01.544	0.214201	0.099167	0.495837
16:18:01.595	0.214705	0.099401	0.497003
16:18:01.646	0.213290	0.098745	0.493727
16:18:01.697	0.215079	0.099573	0.497867
16:18:01.747	0.217219	0.100564	0.502821
16:18:01.798	0.215963	0.099983	0.499915
16:18:01.849	0.217100	0.100509	0.502547
16:18:01.900	0.216343	0.100159	0.500794
16:18:01.951	0.214942	0.099510	0.497551
16:18:02.002	0.216151	0.100070	0.500350
16:18:02.053	0.214721	0.099408	0.497040
16:18:02.104	0.214234	0.099183	0.495913
16:18:02.154	0.216179	0.100083	0.500414
16:18:02.205	0.214318	0.099221	0.496107
16:18:02.256	0.214345	0.099234	0.496169
16:18:02.307	0.214786	0.099438	0.497190
16:18:02.358	0.213043	0.098631	0.493155
16:18:02.408	0.215224	0.099641	0.498205
16:18:02.459	0.216238	0.100110	0.500551
16:18:02.510	0.216318	0.100147	0.500736
16:18:02.561	0.217342	0.100621	0.503106
16:18:02.612	0.215524	0.099780	0.498898
16:18:02.663	0.214779	0.099435	0.497174
16:18:02.714	0.215285	0.099669	0.498344
16:18:02.764	0.214094	0.099118	0.495588
16:18:02.815	0.214467	0.099290	0.496452
16:18:02.866	0.215193	0.099627	0.498133
16:18:02.917	0.214224	0.099178	0.495889
16:18:02.968	0.213601	0.098889	0.494447
16:18:03.019	0.214154	0.099146	0.495728
16:18:03.069	0.213693	0.098932	0.494660
16:18:03.120	0.214866	0.099475	0.497375
16:18:03.171	0.215859	0.099935	0.499675
16:18:03.222	0.214782	0.099436	0.497181
16:18:03.273	0.215216	0.099637	0.498186
16:18:03.324	0.216084	0.100039	0.500194
16:18:03.374	0.215363	0.099705	0.498525
16:18:03.425	0.216136	0.100063	0.500314
16:18:03.476	0.216496	0.100230	0.501148
16:18:03.527	0.217108	0.100513	0.502564
16:18:03.578	0.217583	0.100733	0.503664
16:18:03.629	0.215224	0.099641	0.498203
16:18:03.679	0.215072	0.099570	0.497851
16:18:03.730	0.217592	0.100737	0.503684
16:18:03.781	0.216516	0.100239	0.501195
16:18:03.832	0.216351	0.100162	0.500812
16:18:03.883	0.217865	0.100863	0.504317
16:18:03.934	0.215885	0.099947	0.499735
16:18:03.985	0.216663	0.100307	0.501535
16:18:04.036	0.216909	0.100421	0.502103
16:18:04.086	0.215190	0.099625	0.498126
16:18:04.137	0.218595	0.101201	0.506006
16:18:04.188	0.219460	0.101602	0.508010
16:18:04.239	0.219432	0.101589	0.507945
16:18:04.290	0.220332	0.102006	0.510028
16:18:04.341	0.218598	0.101203	0.506013
16:18:04.391	0.220053	0.101876	0.509381
16:18:04.442	0.220434	0.102053	0.510265
16:18:04.493	0.218926	0.101355	0.506773
16:18:04.544	0.218832	0.101311	0.506555
16:18:04.595	0.219386	0.101568	0.507838
16:18:04.646	0.217358	0.100629	0.503143
16:18:04.696	0.216920	0.100426	0.502130
16:18:04.747	0.218238	0.101036	0.505180
16:18:04.798	0.219200	0.101482	0.507408
16:18:04.849	0.219338	0.101545	0.507727
16:18:04.900	0.219971	0.101839	0.509193
16:18:04.951	0.219658	0.101694	0.508469
16:18:05.001	0.218179	0.101009	0.505044
16:18:05.052	0.217737	0.100804	0.504021
16:18:05.103	0.216713	0.100330	0.501651
16:18:05.154	0.218620	0.101213	0.506066
16:18:05.205	0.220479	0.102074	0.510368
16:18:05.256	0.217823	0.100844	0.504221
16:18:05.306	0.217616	0.100748	0.503741
16:18:05.357	0.216760	0.100352	0.501760
16:18:05.408	0.215379	0.099712	0.498562
16:18:05.459	0.217102	0.100510	0.502551
16:18:05.510	0.217702	0.100788	0.503939
16:18:05.561	0.217909	0.100884	0.504419
16:18:05.611	0.218873	0.101330	0.506651
16:18:05.662	0.219034	0.101405	0.507024
16:18:05.713	0.218969	0.101374	0.506872
16:18:05.764	0.220984	0.102308	0.511538
16:18:05.815	0.220358	0.102017	0.510087
16:18:05.866	0.220813	0.102228	0.511142
16:18:05.916	0.223483	0.103465	0.517323
16:18:05.967	0.221323	0.102465	0.512323
16:18:06.018	0.220745	0.102197	0.510985
16:18:06.069	0.222455	0.102989	0.514943
16:18:06.120	0.221614	0.102599	0.512996
16:18:06.171	0.222318	0.102925	0.514625
16:18:06.221	0.222733	0.103117	0.515587
16:18:06.272	0.220555	0.102109	0.510544
16:18:06.323	0.220979	0.102305	0.511525
16:18:06.374	0.219490	0.101616	0.508079
16:18:06.425	0.219022	0.101399	0.506996
16:18:06.476	0.221368	0.102485	0.512426
16:18:06.527	0.221297	0.102452	0.512262
16:18:06.578	0.222064	0.102808	0.514038
16:18:06.628	0.222250	0.102893	0.514467
16:18:06.679	0.220579	0.102120	0.510598
16:18:06.730	0.222063	0.102807	0.514035
16:18:06.781	0.220773	0.102210	0.511048
16:18:06.832	0.221473	0.102534	0.512669
16:18:06.883	0.222122	0.102834	0.514171
16:18:06.934	0.222401	0.102963	0.514817
16:18:06.985	0.222082	0.102816	0.514079
16:18:07.036	0.219267	0.101513	0.507563
16:18:07.087	0.218447	0.101133	0.505665
16:18:07.138	0.219397	0.101573	0.507864
16:18:07.189	0.218455	0.101136	0.505682
16:18:07.240	0.219794	0.101757	0.508783
16:18:07.291	0.220176	0.101933	0.509667
16:18:07.342	0.220358	0.102018	0.510088
16:18:07.394	0.221791	0.102681	0.513405
16:18:07.444	0.219459	0.101601	0.508006
16:18:07.495	0.222368	0.102948	0.514741
16:18:07.546	0.222112	0.102830	0.514148
16:18:07.597	0.223242	0.103353	0.516763
16:18:07.648	0.222504	0.103011	0.515056
16:18:07.699	0.221505	0.102548	0.512742
16:18:07.750	0.220175	0.101933	0.509664
16:18:07.801	0.220768	0.102208	0.511038
16:18:07.852	0.220519	0.102092	0.510460
16:18:07.903	0.224630	0.103995	0.519976
16:18:07.954	0.223076	0.103276	0.516381
16:18:08.005	0.224150	0.103773	0.518865
16:18:08.056	0.225409	0.104356	0.521781
16:18:08.107	0.224462	0.103918	0.519588
16:18:08.158	0.225580	0.104435	0.522177
16:18:08.209	0.225672	0.104478	0.522390
16:18:08.260	0.228338	0.105712	0.528560
16:18:08.311	0.230340	0.106639	0.533193
16:18:08.362	0.229894	0.106432	0.532161
16:18:08.413	0.230921	0.106908	0.534539
16:18:08.464	0.231555	0.107201	0.536007
16:18:08.514	0.233698	0.108194	0.540968
16:18:08.565	0.237948	0.110161	0.550806
16:18:08.616	0.237736	0.110063	0.550316
16:18:08.667	0.239750	0.110995	0.554976
16:18:08.718	0.237968	0.110170	0.550852
16:18:08.769	0.237016	0.109730	0.548649
16:18:08.820	0.237107	0.109772	0.548858
16:18:08.871	0.233918	0.108296	0.541478
16:18:08.922	0.234668	0.108643	0.543214
16:18:08.973	0.231026	0.106957	0.534783
16:18:09.024	0.229627	0.106309	0.531543
16:18:09.075	0.223878	0.103647	0.518235
16:18:09.126	0.219839	0.101777	0.508887
16:18:09.177	0.213460	0.098824	0.494121
16:18:09.228	0.209930	0.097190	0.485949
16:18:09.279	0.203696	0.094304	0.471518
16:18:09.330	0.197285	0.091335	0.456677
16:18:09.381	0.188587	0.087309	0.436544
16:18:09.432	0.180262	0.083455	0.417273
16:18:09.483	0.174185	0.080641	0.403205
16:18:09.534	0.164030	0.075940	0.379699
16:18:09.585	0.158907	0.073568	0.367841
16:18:09.636	0.151032	0.069922	0.349611
16:18:09.687	0.143831	0.066588	0.332941
16:18:09.738	0.136185	0.063048	0.315242
16:18:09.789	0.127420	0.058991	0.294954
16:18:09.840	0.119337	0.055248	0.276242
16:18:09.891	0.112897	0.052267	0.261336
16:18:09.942	0.106272	0.049200	0.246000
16:18:09.993	0.102651	0.047524	0.237619
16:18:10.044	0.098218	0.045471	0.227356
16:18:10.095	0.093815	0.043433	0.217165
16:18:10.146	0.091313	0.042275	0.211374
16:18:10.197	0.085701	0.039676	0.198381
16:18:10.248	0.081534	0.037747	0.188736
16:18:10.299	0.081831	0.037885	0.189423
16:18:10.350	0.078293	0.036247	0.181233
16:18:10.401	0.075741	0.035065	0.175327
16:18:10.452	0.076753	0.035534	0.177670
16:18:10.503	0.074974	0.034710	0.173550
16:18:10.553	0.077144	0.035715	0.178574
16:18:10.604	0.081446	0.037707	0.188533
16:18:10.655	0.077937	0.036082	0.180409
16:18:10.706	0.078412	0.036302	0.181509
16:18:10.757	0.081830	0.037884	0.189421
16:18:10.808	0.082199	0.038055	0.190275
16:18:10.859	0.083380	0.038602	0.193009
16:18:10.910	0.088060	0.040768	0.203842
16:18:10.961	0.087922	0.040705	0.203524
16:18:11.012	0.088250	0.040857	0.204283
16:18:11.063	0.091683	0.042446	0.212230
16:18:11.114	0.089487	0.041429	0.207147
16:18:11.165	0.089507	0.041438	0.207192
16:18:11.216	0.091833	0.042515	0.212575
16:18:11.267	0.091197	0.042221	0.211104
16:18:11.318	0.091993	0.042589	0.212947
16:18:11.369	0.093188	0.043142	0.215712
16:18:11.420	0.094200	0.043611	0.218057
16:18:11.471	0.095219	0.044083	0.220415
16:18:11.522	0.096338	0.044601	0.223004
16:18:11.573	0.100815	0.046674	0.233369
16:18:11.624	0.103143	0.047751	0.238757
16:18:11.675	0.105703	0.048936	0.244682
16:18:11.726	0.109881	0.050871	0.254353
16:18:11.777	0.112884	0.052261	0.261306
16:18:11.828	0.113150	0.052384	0.261922
16:18:11.879	0.114894	0.053192	0.265958
16:18:11.930	0.119287	0.055225	0.276127
16:18:11.981	0.117345	0.054326	0.271631
16:18:12.031	0.117858	0.054564	0.272820
16:18:12.082	0.117286	0.054299	0.271495
16:18:12.134	0.117073	0.054200	0.271002
16:18:12.184	0.113292	0.052450	0.262250
16:18:12.235	0.111719	0.051722	0.258608
16:18:12.286	0.111316	0.051535	0.257676
16:18:12.337	0.109455	0.050674	0.253368
16:18:12.388	0.111079	0.051425	0.257127
16:18:12.439	0.112655	0.052155	0.260776
16:18:12.490	0.113846	0.052707	0.263533
16:18:12.541	0.114714	0.053109	0.265543
16:18:12.592	0.118963	0.055075	0.275377
16:18:12.643	0.124642	0.057704	0.288522
16:18:12.694	0.126913	0.058756	0.293780
16:18:12.745	0.131678	0.060962	0.304810
16:18:12.796	0.136591	0.063237	0.316183
16:18:12.847	0.141833	0.065664	0.328318
16:18:12.898	0.143947	0.066642	0.333212
16:18:12.949	0.148160	0.068592	0.342962
16:18:13.000	0.151874	0.070312	0.351560
16:18:13.051	0.154928	0.071726	0.358630
16:18:13.102	0.157465	0.072900	0.364502
16:18:13.153	0.161801	0.074908	0.374539
16:18:13.204	0.163533	0.075710	0.378549
16:18:13.255	0.165296	0.076526	0.382629
16:18:13.306	0.169293	0.078377	0.391883
16:18:13.357	0.173599	0.080370	0.401850
16:18:13.408	0.175327	0.081170	0.405850
16:18:13.459	0.179174	0.082951	0.414754
16:18:13.510	0.183241	0.084834	0.424170
16:18:13.561	0.184468	0.085402	0.427010
16:18:13.612	0.185376	0.085822	0.429111
16:18:13.663	0.189581	0.087769	0.438844
16:18:13.714	0.189325	0.087650	0.438252
16:18:13.765	0.190516	0.088202	0.441009
16:18:13.816	0.189850	0.087894	0.439468
16:18:13.866	0.189502	0.087732	0.438661
16:18:13.917	0.185785	0.086012	0.430059
16:18:13.968	0.182378	0.084434	0.422171
16:18:14.019	0.182843	0.084649	0.423247
16:18:14.070	0.179596	0.083146	0.415731
16:18:14.121	0.180132	0.083395	0.416973
16:18:14.172	0.180832	0.083719	0.418593
16:18:14.223	0.178351	0.082570	0.412849
16:18:14.274	0.176156	0.081554	0.407769
16:18:14.325	0.177071	0.081977	0.409886
16:18:14.376	0.176442	0.081686	0.408429
16:18:14.427	0.175328	0.081170	0.405851
16:18:14.478	0.173205	0.080188	0.400938
16:18:14.529	0.171572	0.079432	0.397158
16:18:14.580	0.166388	0.077032	0.385158
16:18:14.631	0.160731	0.074413	0.372064
16:18:14.682	0.155775	0.072118	0.360590
16:18:14.733	0.149258	0.069101	0.345505
16:18:14.784	0.143644	0.066502	0.332509
16:18:14.835	0.139156	0.064424	0.322119
16:18:14.886	0.135933	0.062932	0.314661
16:18:14.937	0.130098	0.060231	0.301154
16:18:14.988	0.127504	0.059030	0.295149
16:18:15.039	0.125188	0.057958	0.289788
16:18:15.090	0.121288	0.056152	0.280759
16:18:15.141	0.118178	0.054712	0.273561
16:18:15.192	0.116090	0.053746	0.268728
16:18:15.243	0.113274	0.052441	0.262207
16:18:15.294	0.112391	0.052033	0.260165
16:18:15.345	0.115271	0.053366	0.266831
16:18:15.396	0.118453	0.054839	0.274197
16:18:15.447	0.122921	0.056908	0.284540
16:18:15.498	0.130385	0.060363	0.301817
16:18:15.549	0.134798	0.062407	0.312033
16:18:15.600	0.140600	0.065092	0.325462
16:18:15.651	0.146326	0.067743	0.338717
16:18:15.702	0.153869	0.071235	0.356177
16:18:15.753	0.157797	0.073054	0.365270
16:18:15.804	0.166787	0.077216	0.386080
16:18:15.855	0.169227	0.078346	0.391729
16:18:15.905	0.175926	0.081447	0.407236
16:18:15.956	0.179418	0.083064	0.415319
16:18:16.007	0.187552	0.086830	0.434148
16:18:16.058	0.192668	0.089198	0.445990
16:18:16.109	0.198678	0.091981	0.459903
16:18:16.160	0.202833	0.093904	0.469522
16:18:16.211	0.207016	0.095841	0.479203
16:18:16.262	0.208634	0.096590	0.482949
16:18:16.313	0.208576	0.096563	0.482814
16:18:16.364	0.206654	0.095673	0.478366
16:18:16.415	0.207905	0.096252	0.481261
16:18:16.466	0.205890	0.095319	0.476597
16:18:16.517	0.208141	0.096362	0.481808
16:18:16.568	0.207704	0.096159	0.480796
16:18:16.619	0.209073	0.096793	0.483966
16:18:16.670	0.209050	0.096783	0.483913
16:18:16.721	0.209999	0.097222	0.486110
16:18:16.772	0.209844	0.097150	0.485749
16:18:16.823	0.210003	0.097224	0.486118
16:18:16.874	0.210645	0.097521	0.487605
16:18:16.925	0.209204	0.096854	0.484269
16:18:16.976	0.210880	0.097630	0.488148
16:18:17.027	0.207950	0.096273	0.481367
16:18:17.078	0.208453	0.096506	0.482529
16:18:17.129	0.208850	0.096690	0.483450
16:18:17.180	0.209374	0.096932	0.484662
16:18:17.231	0.211012	0.097691	0.488453
16:18:17.282	0.210213	0.097321	0.486603
16:18:17.333	0.212971	0.098598	0.492988
16:18:17.384	0.211766	0.098040	0.490199
16:18:17.435	0.213661	0.098917	0.494585
16:18:17.486	0.214096	0.099119	0.495593
16:18:17.537	0.215356	0.099702	0.498508
16:18:17.588	0.216889	0.100412	0.502058
16:18:17.639	0.214582	0.099344	0.496718
16:18:17.690	0.217205	0.100558	0.502789
16:18:17.741	0.215237	0.099647	0.498233
16:18:17.792	0.216970	0.100449	0.502246
16:18:17.843	0.216677	0.100314	0.501568
16:18:17.894	0.216280	0.100129	0.500647
16:18:17.945	0.217436	0.100665	0.503324
16:18:17.996	0.216205	0.100095	0.500474
16:18:18.047	0.215755	0.099887	0.499433
16:18:18.098	0.214682	0.099390	0.496949
16:18:18.149	0.215177	0.099619	0.498096
16:18:18.200	0.216178	0.100082	0.500411
16:18:18.251	0.214965	0.099521	0.497604
16:18:18.302	0.215221	0.099640	0.498198
16:18:18.353	0.212831	0.098533	0.492664
16:18:18.404	0.213381	0.098787	0.493937
16:18:18.454	0.212697	0.098471	0.492355
16:18:18.505	0.213220	0.098713	0.493565
16:18:18.556	0.215476	0.099757	0.498787
16:18:18.607	0.214724	0.099409	0.497045
16:18:18.658	0.217083	0.100501	0.502507
16:18:18.709	0.216603	0.100279	0.501397
16:18:18.760	0.216376	0.100174	0.500871
16:18:18.811	0.217091	0.100505	0.502525
16:18:18.862	0.215234	0.099645	0.498227
16:18:18.913	0.216730	0.100338	0.501690
16:18:18.964	0.214300	0.099213	0.496065
16:18:19.015	0.214829	0.099458	0.497290
16:18:19.066	0.214567	0.099337	0.496683
16:18:19.117	0.213670	0.098921	0.494607
16:18:19.168	0.215565	0.099799	0.498993
16:18:19.219	0.214537	0.099323	0.496613
16:18:19.270	0.215322	0.099686	0.498431
16:18:19.321	0.215632	0.099830	0.499149
16:18:19.372	0.216974	0.100451	0.502254
16:18:19.423	0.218127	0.100985	0.504923
16:18:19.474	0.215974	0.099988	0.499939
16:18:19.525	0.218799	0.101296	0.506479
16:18:19.576	0.217002	0.100464	0.502320
16:18:19.627	0.217369	0.100634	0.503169
16:18:19.678	0.218637	0.101221	0.506105
16:18:19.729	0.218055	0.100951	0.504757
16:18:19.780	0.219001	0.101389	0.506947
16:18:19.831	0.218145	0.100993	0.504965
16:18:19.882	0.219178	0.101471	0.507356
16:18:19.933	0.218235	0.101035	0.505173
16:18:19.984	0.218493	0.101154	0.505770
16:18:20.035	0.219201	0.101482	0.507410
16:18:20.086	0.217586	0.100734	0.503670
16:18:20.137	0.217649	0.100763	0.503817
16:18:20.189	0.217586	0.100734	0.503672
16:18:20.240	0.218412	0.101117	0.505583
16:18:20.291	0.220890	0.102264	0.511319
16:18:20.342	0.219632	0.101682	0.508408
16:18:20.393	0.220440	0.102055	0.510277
16:18:20.444	0.218195	0.101016	0.505080
16:18:20.495	0.217001	0.100463	0.502316
16:18:20.546	0.218488	0.101152	0.505758
16:18:20.597	0.218300	0.101065	0.505325
