ID Read success  
REG_MODE2 success
REG_REFMUX success
REG_MODE0 success
09/13/2022,  Range is 5[kV/m], Resistor is 2.2[kOhm]
Timestamp 	voltage[V] 	current[mA] 	field strength[kV/m]
22:20:44.344	-0.001644	-0.000747	-0.003735
22:20:44.395	0.001098	0.000499	0.002496
22:20:44.446	0.015992	0.007269	0.036345
22:20:44.497	0.000699	0.000318	0.001588
22:20:44.548	0.010321	0.004691	0.023457
22:20:44.598	0.004640	0.002109	0.010546
22:20:44.649	0.015960	0.007255	0.036273
22:20:44.700	0.009915	0.004507	0.022534
22:20:44.752	0.000709	0.000322	0.001612
22:20:44.803	-0.019397	-0.008817	-0.044083
22:20:44.855	-0.017829	-0.008104	-0.040521
22:20:44.906	-0.014152	-0.006433	-0.032164
22:20:44.957	0.011820	0.005373	0.026864
22:20:45.008	0.020385	0.009266	0.046330
22:20:45.059	0.023715	0.010780	0.053898
22:20:45.110	0.019220	0.008736	0.043682
22:20:45.161	0.015684	0.007129	0.035644
22:20:45.211	0.015320	0.006964	0.034818
22:20:45.262	0.022001	0.010001	0.050003
22:20:45.313	0.017069	0.007759	0.038793
22:20:45.364	0.014341	0.006518	0.032592
22:20:45.415	0.014435	0.006562	0.032808
22:20:45.466	0.013796	0.006271	0.031354
22:20:45.517	0.013491	0.006132	0.030662
22:20:45.567	0.017527	0.007967	0.039833
22:20:45.618	0.008125	0.003693	0.018465
22:20:45.669	0.018269	0.008304	0.041521
22:20:45.720	0.016190	0.007359	0.036796
22:20:45.771	0.013665	0.006211	0.031056
22:20:45.822	0.018091	0.008223	0.041117
22:20:45.873	0.015902	0.007228	0.036141
22:20:45.924	0.013521	0.006146	0.030730
22:20:45.975	0.003398	0.001545	0.007723
22:20:46.026	0.010711	0.004868	0.024342
22:20:46.077	0.015534	0.007061	0.035305
22:20:46.128	0.006677	0.003035	0.015174
22:20:46.178	0.016809	0.007640	0.038201
22:20:46.229	0.021199	0.009636	0.048179
22:20:46.280	0.005441	0.002473	0.012366
22:20:46.331	0.018600	0.008454	0.042272
22:20:46.382	0.016821	0.007646	0.038229
22:20:46.433	0.021716	0.009871	0.049354
22:20:46.484	0.017852	0.008114	0.040572
22:20:46.535	0.019642	0.008928	0.044640
22:20:46.585	0.017819	0.008100	0.040498
22:20:46.636	0.021449	0.009750	0.048748
22:20:46.687	0.023006	0.010457	0.052287
22:20:46.738	0.019635	0.008925	0.044626
22:20:46.789	0.017324	0.007874	0.039372
22:20:46.840	0.023234	0.010561	0.052805
22:20:46.890	0.019040	0.008654	0.043272
22:20:46.941	0.017246	0.007839	0.039196
22:20:46.992	0.016067	0.007303	0.036516
22:20:47.043	0.013357	0.006071	0.030357
22:20:47.094	0.017780	0.008082	0.040409
22:20:47.145	0.017224	0.007829	0.039145
22:20:47.195	0.015526	0.007057	0.035287
22:20:47.246	0.024044	0.010929	0.054646
22:20:47.297	0.019848	0.009022	0.045110
22:20:47.348	0.015950	0.007250	0.036250
22:20:47.399	0.016637	0.007562	0.037812
22:20:47.450	0.020575	0.009352	0.046761
22:20:47.500	0.017500	0.007955	0.039773
22:20:47.551	0.016953	0.007706	0.038529
22:20:47.602	0.014988	0.006813	0.034064
22:20:47.653	0.019883	0.009038	0.045189
22:20:47.704	0.019643	0.008929	0.044644
22:20:47.755	0.005245	0.002384	0.011919
22:20:47.806	0.022925	0.010420	0.052102
22:20:47.856	0.019489	0.008859	0.044294
22:20:47.907	0.018573	0.008442	0.042211
22:20:47.958	0.017887	0.008131	0.040653
22:20:48.009	0.010826	0.004921	0.024605
22:20:48.060	0.019386	0.008812	0.044059
22:20:48.111	0.019988	0.009085	0.045426
22:20:48.162	0.016223	0.007374	0.036870
22:20:48.212	0.019911	0.009051	0.045253
22:20:48.263	0.017481	0.007946	0.039729
22:20:48.314	0.019069	0.008668	0.043339
22:20:48.365	0.020249	0.009204	0.046021
22:20:48.416	0.023357	0.010617	0.053083
22:20:48.467	0.017458	0.007935	0.039677
22:20:48.517	0.017132	0.007787	0.038936
22:20:48.568	0.016078	0.007308	0.036542
22:20:48.619	0.001366	0.000621	0.003104
22:20:48.670	0.020464	0.009302	0.046509
22:20:48.721	0.018540	0.008427	0.042137
22:20:48.772	0.017067	0.007758	0.038788
22:20:48.822	0.024546	0.011157	0.055786
22:20:48.873	0.019573	0.008897	0.044484
22:20:48.924	0.017868	0.008122	0.040608
22:20:48.975	-0.004075	-0.001852	-0.009261
22:20:49.026	0.018317	0.008326	0.041629
22:20:49.077	0.023060	0.010482	0.052410
22:20:49.128	0.018810	0.008550	0.042750
22:20:49.179	0.018078	0.008217	0.041087
22:20:49.230	0.020923	0.009510	0.047552
22:20:49.280	0.019870	0.009032	0.045160
22:20:49.331	0.018098	0.008226	0.041131
22:20:49.382	0.016483	0.007492	0.037461
22:20:49.433	0.020501	0.009319	0.046593
22:20:49.484	0.007814	0.003552	0.017758
22:20:49.535	0.026619	0.012100	0.060498
22:20:49.586	0.017860	0.008118	0.040592
22:20:49.637	0.021442	0.009746	0.048731
22:20:49.687	0.019836	0.009016	0.045082
22:20:49.738	0.018221	0.008282	0.041412
22:20:49.790	-0.020732	-0.009424	-0.047118
22:20:49.841	0.014927	0.006785	0.033926
22:20:49.892	0.014151	0.006432	0.032161
22:20:49.942	0.007187	0.003267	0.016334
22:20:49.994	0.007300	0.003318	0.016591
22:20:50.045	-0.002366	-0.001076	-0.005378
22:20:50.095	0.015316	0.006962	0.034809
22:20:50.146	0.015065	0.006848	0.034239
22:20:50.198	-0.030513	-0.013869	-0.069347
22:20:50.249	0.009398	0.004272	0.021359
22:20:50.300	0.005691	0.002587	0.012934
22:20:50.351	0.021204	0.009638	0.048191
22:20:50.402	0.012421	0.005646	0.028231
22:20:50.453	0.025829	0.011741	0.058703
22:20:50.503	0.018316	0.008325	0.041627
22:20:50.554	0.018053	0.008206	0.041029
22:20:50.605	0.011172	0.005078	0.025390
22:20:50.656	0.018543	0.008429	0.042144
22:20:50.707	0.021855	0.009934	0.049670
22:20:50.758	0.005757	0.002617	0.013084
22:20:50.809	0.022962	0.010437	0.052187
22:20:50.860	0.018215	0.008280	0.041398
22:20:50.910	0.022111	0.010050	0.050252
22:20:50.961	0.015339	0.006972	0.034862
22:20:51.012	0.012627	0.005739	0.028697
22:20:51.063	0.025645	0.011657	0.058285
22:20:51.114	0.019081	0.008673	0.043365
22:20:51.165	0.018461	0.008391	0.041957
22:20:51.216	0.025256	0.011480	0.057400
22:20:51.267	0.009655	0.004389	0.021943
22:20:51.318	0.019743	0.008974	0.044871
22:20:51.368	0.019847	0.009021	0.045107
22:20:51.419	0.024541	0.011155	0.055776
22:20:51.470	0.021687	0.009858	0.049288
22:20:51.521	0.019345	0.008793	0.043967
22:20:51.572	0.017378	0.007899	0.039496
22:20:51.623	0.023579	0.010718	0.053588
22:20:51.673	0.018751	0.008523	0.042616
22:20:51.724	0.015560	0.007073	0.035363
22:20:51.775	0.016854	0.007661	0.038304
22:20:51.826	0.019011	0.008641	0.043206
22:20:51.877	0.016042	0.007292	0.036460
22:20:51.928	0.017620	0.008009	0.040047
22:20:51.978	0.015807	0.007185	0.035924
22:20:52.029	0.016762	0.007619	0.038095
22:20:52.080	0.019156	0.008707	0.043536
22:20:52.131	0.018675	0.008489	0.042443
22:20:52.182	0.016641	0.007564	0.037821
22:20:52.233	0.024411	0.011096	0.055481
22:20:52.284	0.020989	0.009540	0.047702
22:20:52.334	0.019303	0.008774	0.043871
22:20:52.385	0.018846	0.008566	0.042832
22:20:52.436	0.021983	0.009992	0.049962
22:20:52.487	0.017884	0.008129	0.040645
22:20:52.538	0.017827	0.008103	0.040517
22:20:52.589	0.015560	0.007073	0.035363
22:20:52.639	0.012249	0.005568	0.027840
22:20:52.690	0.020754	0.009433	0.047167
22:20:52.741	0.017410	0.007914	0.039568
22:20:52.792	0.014535	0.006607	0.033034
22:20:52.843	0.021734	0.009879	0.049395
22:20:52.894	0.018373	0.008351	0.041756
22:20:52.944	0.017387	0.007903	0.039517
22:20:52.995	0.016001	0.007273	0.036366
22:20:53.046	0.015860	0.007209	0.036045
22:20:53.097	0.019047	0.008658	0.043289
22:20:53.148	0.017613	0.008006	0.040030
22:20:53.199	0.017088	0.007767	0.038837
22:20:53.250	0.015123	0.006874	0.034371
22:20:53.301	0.017970	0.008168	0.040841
22:20:53.351	0.016345	0.007430	0.037148
22:20:53.402	0.014936	0.006789	0.033946
22:20:53.453	0.023134	0.010516	0.052578
22:20:53.504	0.018119	0.008236	0.041180
22:20:53.555	0.018035	0.008198	0.040988
22:20:53.606	0.017110	0.007777	0.038887
22:20:53.656	0.020695	0.009407	0.047035
22:20:53.707	0.021677	0.009853	0.049265
22:20:53.758	0.017898	0.008135	0.040676
22:20:53.809	0.014988	0.006813	0.034063
22:20:53.860	0.019298	0.008772	0.043858
22:20:53.910	0.019829	0.009013	0.045065
22:20:53.962	0.003226	0.001466	0.007332
22:20:54.013	0.014579	0.006627	0.033135
22:20:54.063	0.020322	0.009237	0.046187
22:20:54.114	0.018100	0.008227	0.041137
22:20:54.165	0.020389	0.009268	0.046339
22:20:54.216	0.021664	0.009847	0.049236
22:20:54.267	0.018424	0.008374	0.041872
22:20:54.317	0.028914	0.013143	0.065713
22:20:54.368	0.008743	0.003974	0.019871
22:20:54.419	0.016063	0.007301	0.036506
22:20:54.471	-0.019760	-0.008982	-0.044908
22:20:54.523	0.022624	0.010284	0.051418
22:20:54.574	0.014191	0.006451	0.032253
22:20:54.625	0.019366	0.008803	0.044014
22:20:54.676	0.020871	0.009487	0.047435
22:20:54.726	0.018875	0.008579	0.042897
22:20:54.777	0.017856	0.008116	0.040581
22:20:54.828	0.020600	0.009364	0.046818
22:20:54.879	0.018797	0.008544	0.042721
22:20:54.930	0.016658	0.007572	0.037860
22:20:54.981	0.006672	0.003033	0.015165
22:20:55.032	0.023559	0.010709	0.053544
22:20:55.082	0.018625	0.008466	0.042330
22:20:55.133	0.016663	0.007574	0.037871
22:20:55.184	0.016940	0.007700	0.038500
22:20:55.235	0.013102	0.005955	0.029777
22:20:55.286	0.006044	0.002747	0.013736
22:20:55.337	0.003235	0.001470	0.007352
22:20:55.388	0.005832	0.002651	0.013254
22:20:55.439	-0.072976	-0.033171	-0.165855
22:20:55.490	0.009061	0.004119	0.020594
22:20:55.540	0.008759	0.003981	0.019906
22:20:55.591	0.008270	0.003759	0.018794
22:20:55.642	0.001012	0.000460	0.002300
22:20:55.693	0.003245	0.001475	0.007376
22:20:55.744	0.002800	0.001273	0.006364
22:20:55.795	-0.011877	-0.005398	-0.026992
22:20:55.846	0.013279	0.006036	0.030179
22:20:55.897	0.010576	0.004807	0.024036
22:20:55.948	0.006870	0.003123	0.015613
22:20:55.999	0.017420	0.007918	0.039590
22:20:56.050	0.015365	0.006984	0.034920
22:20:56.101	0.017679	0.008036	0.040180
22:20:56.152	0.016363	0.007438	0.037189
22:20:56.203	0.014745	0.006702	0.033511
22:20:56.254	0.007941	0.003610	0.018049
22:20:56.304	0.014307	0.006503	0.032515
22:20:56.355	0.014311	0.006505	0.032524
22:20:56.406	0.013989	0.006359	0.031794
22:20:56.457	0.019307	0.008776	0.043879
22:20:56.508	0.014228	0.006467	0.032337
22:20:56.559	0.015993	0.007269	0.036347
22:20:56.609	0.014256	0.006480	0.032401
22:20:56.660	0.017644	0.008020	0.040101
22:20:56.711	0.017685	0.008039	0.040194
22:20:56.762	0.027209	0.012368	0.061839
22:20:56.813	0.018203	0.008274	0.041371
22:20:56.863	0.018949	0.008613	0.043066
22:20:56.914	0.015378	0.006990	0.034950
22:20:56.965	0.003650	0.001659	0.008295
22:20:57.016	0.014168	0.006440	0.032200
22:20:57.067	0.018785	0.008538	0.042692
22:20:57.118	0.016922	0.007692	0.038459
22:20:57.168	0.015751	0.007160	0.035798
22:20:57.219	0.017386	0.007903	0.039514
22:20:57.270	0.016832	0.007651	0.038254
22:20:57.321	0.017418	0.007917	0.039586
22:20:57.372	0.015641	0.007109	0.035547
22:20:57.423	0.018058	0.008208	0.041041
22:20:57.473	0.015716	0.007144	0.035718
22:20:57.524	0.013707	0.006231	0.031153
22:20:57.575	0.018304	0.008320	0.041599
22:20:57.626	0.007022	0.003192	0.015960
22:20:57.677	-0.019659	-0.008936	-0.044680
22:20:57.729	-0.059266	-0.026939	-0.134696
22:20:57.780	-0.021342	-0.009701	-0.048504
22:20:57.831	-0.061119	-0.027782	-0.138908
22:20:57.882	-0.006788	-0.003086	-0.015428
22:20:57.934	-0.016789	-0.007631	-0.038157
22:20:57.985	-0.014358	-0.006526	-0.032632
22:20:58.036	-0.037118	-0.016872	-0.084359
22:20:58.087	-0.008298	-0.003772	-0.018859
22:20:58.138	0.013107	0.005958	0.029788
22:20:58.189	0.011236	0.005107	0.025537
22:20:58.241	0.009473	0.004306	0.021530
22:20:58.292	0.010139	0.004609	0.023044
22:20:58.343	0.016103	0.007320	0.036598
22:20:58.394	0.006820	0.003100	0.015501
22:20:58.445	-0.014708	-0.006685	-0.033427
22:20:58.496	0.011248	0.005113	0.025563
22:20:58.547	0.003121	0.001418	0.007092
22:20:58.598	0.009849	0.004477	0.022383
22:20:58.649	0.001528	0.000695	0.003473
22:20:58.700	0.009274	0.004215	0.021076
22:20:58.752	0.011287	0.005131	0.025653
22:20:58.803	0.010040	0.004564	0.022819
22:20:58.854	0.009276	0.004216	0.021081
22:20:58.905	0.014552	0.006614	0.033072
22:20:58.956	0.011572	0.005260	0.026299
22:20:59.007	0.006410	0.002914	0.014568
22:20:59.058	0.009528	0.004331	0.021654
22:20:59.110	-0.016156	-0.007343	-0.036717
22:20:59.161	-0.035012	-0.015914	-0.079572
22:20:59.213	-0.021752	-0.009887	-0.049437
22:20:59.265	-0.000329	-0.000150	-0.000748
22:20:59.315	0.023171	0.010532	0.052662
22:20:59.366	0.017617	0.008008	0.040038
22:20:59.417	0.016656	0.007571	0.037855
22:20:59.468	0.017534	0.007970	0.039851
22:20:59.519	0.006877	0.003126	0.015628
22:20:59.570	0.015811	0.007187	0.035935
22:20:59.621	0.014825	0.006739	0.033693
22:20:59.672	0.013385	0.006084	0.030421
22:20:59.723	0.023646	0.010748	0.053740
22:20:59.773	0.015447	0.007021	0.035107
22:20:59.825	0.009247	0.004203	0.021016
22:20:59.875	0.021136	0.009607	0.048037
22:20:59.926	0.010451	0.004750	0.023752
22:20:59.978	0.009527	0.004331	0.021653
22:21:00.028	0.017459	0.007936	0.039680
22:21:00.079	0.009309	0.004231	0.021156
22:21:00.131	0.009635	0.004380	0.021898
22:21:00.182	0.007380	0.003354	0.016772
22:21:00.233	0.014309	0.006504	0.032520
22:21:00.284	0.005521	0.002509	0.012547
22:21:00.335	0.007519	0.003418	0.017089
22:21:00.386	-0.025307	-0.011503	-0.057515
22:21:00.437	0.014080	0.006400	0.031999
22:21:00.488	0.018789	0.008540	0.042702
22:21:00.539	0.013301	0.006046	0.030229
22:21:00.590	0.013672	0.006215	0.031074
22:21:00.641	-0.036953	-0.016797	-0.083984
22:21:00.692	0.012093	0.005497	0.027484
22:21:00.743	0.012330	0.005604	0.028022
22:21:00.795	-0.007202	-0.003274	-0.016369
22:21:00.846	-0.101994	-0.046361	-0.231805
22:21:00.897	-0.003768	-0.001713	-0.008564
22:21:00.948	0.000262	0.000119	0.000595
22:21:00.999	-0.002877	-0.001308	-0.006538
22:21:01.050	-0.003045	-0.001384	-0.006921
22:21:01.101	-0.001909	-0.000868	-0.004340
22:21:01.152	0.009210	0.004186	0.020932
22:21:01.203	-0.001930	-0.000877	-0.004385
22:21:01.254	-0.001465	-0.000666	-0.003329
22:21:01.306	0.004458	0.002027	0.010133
22:21:01.357	0.006307	0.002867	0.014334
22:21:01.408	0.017006	0.007730	0.038650
22:21:01.458	0.021443	0.009747	0.048735
22:21:01.509	0.019266	0.008757	0.043787
22:21:01.560	0.014294	0.006497	0.032487
22:21:01.611	0.013711	0.006232	0.031161
22:21:01.662	0.014909	0.006777	0.033883
22:21:01.713	0.018182	0.008265	0.041323
22:21:01.763	0.017591	0.007996	0.039980
22:21:01.814	0.004094	0.001861	0.009304
22:21:01.865	-0.013913	-0.006324	-0.031620
22:21:01.917	-0.010769	-0.004895	-0.024476
22:21:01.968	0.002051	0.000932	0.004661
22:21:02.019	0.007560	0.003436	0.017182
22:21:02.070	0.017131	0.007787	0.038933
22:21:02.121	0.021795	0.009907	0.049533
22:21:02.171	0.016611	0.007551	0.037753
22:21:02.222	0.007678	0.003490	0.017451
22:21:02.273	0.018389	0.008359	0.041793
22:21:02.324	0.022295	0.010134	0.050671
22:21:02.375	0.008639	0.003927	0.019635
22:21:02.426	0.020883	0.009492	0.047462
22:21:02.477	0.019761	0.008982	0.044912
22:21:02.528	-0.020549	-0.009341	-0.046703
22:21:02.579	0.009657	0.004390	0.021948
22:21:02.630	0.019425	0.008830	0.044148
22:21:02.681	0.019260	0.008755	0.043774
22:21:02.732	0.023228	0.010558	0.052790
22:21:02.783	0.016897	0.007680	0.038402
22:21:02.834	0.010220	0.004645	0.023227
22:21:02.884	0.011885	0.005402	0.027012
22:21:02.935	0.017748	0.008067	0.040336
22:21:02.986	-0.019735	-0.008970	-0.044852
22:21:03.037	0.000653	0.000297	0.001485
22:21:03.088	0.014524	0.006602	0.033010
22:21:03.139	0.002384	0.001084	0.005419
22:21:03.190	0.010979	0.004990	0.024952
22:21:03.241	-0.017763	-0.008074	-0.040370
22:21:03.293	-0.005446	-0.002475	-0.012376
22:21:03.344	-0.019974	-0.009079	-0.045395
22:21:03.395	-0.015757	-0.007162	-0.035811
22:21:03.446	-0.013116	-0.005962	-0.029809
22:21:03.497	-0.010844	-0.004929	-0.024646
22:21:03.548	-0.016207	-0.007367	-0.036835
22:21:03.599	-0.014476	-0.006580	-0.032901
22:21:03.651	-0.011949	-0.005431	-0.027156
22:21:03.702	-0.016308	-0.007413	-0.037063
22:21:03.753	-0.013428	-0.006104	-0.030519
22:21:03.804	-0.011812	-0.005369	-0.026844
22:21:03.856	-0.013339	-0.006063	-0.030315
22:21:03.907	-0.012986	-0.005903	-0.029513
22:21:03.958	-0.014354	-0.006525	-0.032623
22:21:04.009	-0.013487	-0.006130	-0.030651
22:21:04.060	-0.012671	-0.005760	-0.028798
22:21:04.111	-0.016024	-0.007283	-0.036417
22:21:04.162	-0.018990	-0.008632	-0.043158
22:21:04.218	-0.047539	-0.021609	-0.108043
22:21:04.269	-0.022697	-0.010317	-0.051584
22:21:04.320	-0.020877	-0.009490	-0.047448
22:21:04.371	-0.023015	-0.010461	-0.052307
22:21:04.423	-0.018215	-0.008280	-0.041398
22:21:04.474	-0.014463	-0.006574	-0.032870
22:21:04.525	-0.017725	-0.008057	-0.040284
22:21:04.576	-0.018445	-0.008384	-0.041921
22:21:04.627	-0.037427	-0.017012	-0.085061
22:21:04.678	-0.015763	-0.007165	-0.035824
22:21:04.729	-0.040704	-0.018502	-0.092509
22:21:04.781	-0.034270	-0.015577	-0.077886
22:21:04.832	-0.041592	-0.018905	-0.094526
22:21:04.883	0.006685	0.003039	0.015193
22:21:04.934	-0.043658	-0.019845	-0.099223
22:21:04.986	-0.025217	-0.011462	-0.057311
22:21:05.037	-0.008238	-0.003744	-0.018722
22:21:05.088	-0.043770	-0.019895	-0.099477
22:21:05.139	-0.054162	-0.024619	-0.123096
22:21:05.191	-0.043706	-0.019867	-0.099333
22:21:05.242	-0.038845	-0.017657	-0.088284
22:21:05.293	-0.037529	-0.017059	-0.085293
22:21:05.344	-0.033730	-0.015332	-0.076659
22:21:05.395	-0.047568	-0.021622	-0.108110
22:21:05.447	-0.038527	-0.017512	-0.087560
22:21:05.498	-0.042061	-0.019119	-0.095594
22:21:05.549	-0.046485	-0.021130	-0.105648
22:21:05.600	-0.067020	-0.030463	-0.152317
22:21:05.652	-0.036082	-0.016401	-0.082005
22:21:05.703	-0.048716	-0.022144	-0.110719
22:21:05.754	-0.030527	-0.013876	-0.069379
22:21:05.805	-0.057233	-0.026015	-0.130075
22:21:05.857	-0.035066	-0.015939	-0.079697
22:21:05.908	-0.035283	-0.016038	-0.080189
22:21:05.959	-0.037343	-0.016974	-0.084871
22:21:06.010	-0.036016	-0.016371	-0.081855
22:21:06.062	-0.050621	-0.023010	-0.115048
22:21:06.113	-0.035229	-0.016013	-0.080066
22:21:06.164	-0.056353	-0.025615	-0.128074
22:21:06.216	-0.037266	-0.016939	-0.084695
22:21:06.267	-0.060750	-0.027614	-0.138069
22:21:06.318	-0.079311	-0.036050	-0.180252
22:21:06.370	-0.039903	-0.018138	-0.090688
22:21:06.421	-0.041198	-0.018726	-0.093632
22:21:06.472	-0.047963	-0.021801	-0.109007
22:21:06.523	-0.020424	-0.009284	-0.046418
22:21:06.575	-0.030750	-0.013977	-0.069887
22:21:06.626	-0.094439	-0.042927	-0.214635
22:21:06.677	-0.021694	-0.009861	-0.049304
22:21:06.728	-0.022324	-0.010147	-0.050736
22:21:06.779	-0.145717	-0.066235	-0.331175
22:21:06.832	-0.024720	-0.011236	-0.056181
22:21:06.883	-0.034043	-0.015474	-0.077370
22:21:06.935	-0.025772	-0.011714	-0.058572
22:21:06.986	-0.014351	-0.006523	-0.032616
22:21:07.037	-0.014741	-0.006701	-0.033503
22:21:07.088	-0.014780	-0.006718	-0.033591
22:21:07.139	0.001172	0.000533	0.002663
22:21:07.190	0.000251	0.000114	0.000570
22:21:07.242	0.004050	0.001841	0.009204
22:21:07.293	0.002157	0.000980	0.004902
22:21:07.344	0.002147	0.000976	0.004879
22:21:07.395	0.001684	0.000766	0.003828
22:21:07.446	-0.000591	-0.000269	-0.001344
22:21:07.497	0.001470	0.000668	0.003341
22:21:07.548	-0.003905	-0.001775	-0.008875
22:21:07.599	-0.002163	-0.000983	-0.004916
22:21:07.650	0.000378	0.000172	0.000859
22:21:07.701	0.000302	0.000137	0.000686
22:21:07.753	0.000142	0.000064	0.000322
22:21:07.804	0.001803	0.000820	0.004098
22:21:07.855	0.000225	0.000102	0.000511
22:21:07.906	0.000402	0.000183	0.000914
22:21:07.957	-0.013751	-0.006250	-0.031252
22:21:08.008	0.001611	0.000732	0.003661
22:21:08.059	-0.000910	-0.000414	-0.002069
22:21:08.110	0.000921	0.000418	0.002092
22:21:08.162	-0.013676	-0.006216	-0.031082
22:21:08.213	-0.007746	-0.003521	-0.017604
22:21:08.264	0.002497	0.001135	0.005676
22:21:08.315	-0.016566	-0.007530	-0.037651
22:21:08.366	0.003339	0.001518	0.007589
22:21:08.418	0.002912	0.001324	0.006618
22:21:08.468	0.028641	0.013019	0.065094
22:21:08.519	0.033200	0.015091	0.075454
22:21:08.570	0.026051	0.011841	0.059207
22:21:08.621	0.024122	0.010965	0.054823
22:21:08.672	0.026418	0.012008	0.060041
22:21:08.723	0.026181	0.011900	0.059502
22:21:08.773	0.024579	0.011172	0.055862
22:21:08.824	0.025612	0.011642	0.058209
22:21:08.875	0.031578	0.014354	0.071769
22:21:08.926	0.031708	0.014413	0.072063
22:21:08.977	0.031021	0.014100	0.070501
22:21:09.028	0.025633	0.011651	0.058256
22:21:09.078	0.030088	0.013676	0.068382
22:21:09.130	-0.000913	-0.000415	-0.002076
22:21:09.181	0.002210	0.001005	0.005023
22:21:09.232	-0.000482	-0.000219	-0.001095
22:21:09.283	0.020995	0.009543	0.047715
22:21:09.334	0.029762	0.013528	0.067640
22:21:09.385	0.027999	0.012727	0.063634
22:21:09.436	0.032677	0.014853	0.074266
22:21:09.487	0.025504	0.011593	0.057963
22:21:09.537	0.031617	0.014371	0.071857
22:21:09.588	0.026995	0.012270	0.061352
22:21:09.639	0.031611	0.014369	0.071844
22:21:09.690	0.027989	0.012722	0.063610
22:21:09.741	0.029731	0.013514	0.067571
22:21:09.792	0.027649	0.012568	0.062839
22:21:09.842	0.029274	0.013306	0.066532
22:21:09.893	0.026230	0.011923	0.059613
22:21:09.944	0.022910	0.010414	0.052068
22:21:09.995	0.032899	0.014954	0.074770
22:21:10.046	0.026272	0.011942	0.059708
22:21:10.097	0.031933	0.014515	0.072576
22:21:10.148	0.031394	0.014270	0.071351
22:21:10.199	0.028014	0.012734	0.063669
22:21:10.250	0.019965	0.009075	0.045376
22:21:10.301	0.024050	0.010932	0.054660
22:21:10.352	0.015684	0.007129	0.035646
22:21:10.403	0.029179	0.013263	0.066316
22:21:10.454	0.023104	0.010502	0.052509
22:21:10.505	0.029477	0.013399	0.066993
22:21:10.555	0.034604	0.015729	0.078646
22:21:10.606	0.028841	0.013110	0.065548
22:21:10.657	0.034288	0.015585	0.077927
22:21:10.708	0.028881	0.013128	0.065640
22:21:10.759	0.024612	0.011187	0.055937
22:21:10.810	0.024811	0.011278	0.056388
22:21:10.861	0.033330	0.015150	0.075750
22:21:10.911	0.029388	0.013358	0.066790
22:21:10.962	0.034719	0.015781	0.078907
22:21:11.013	0.030666	0.013939	0.069696
22:21:11.064	0.007698	0.003499	0.017495
22:21:11.115	0.027304	0.012411	0.062055
22:21:11.166	0.029590	0.013450	0.067249
22:21:11.217	0.027071	0.012305	0.061526
22:21:11.268	0.022107	0.010049	0.050243
22:21:11.319	0.028759	0.013072	0.065362
22:21:11.370	0.028333	0.012879	0.064393
22:21:11.420	0.025760	0.011709	0.058547
22:21:11.471	0.030145	0.013702	0.068512
22:21:11.522	0.032127	0.014603	0.073017
22:21:11.573	0.028689	0.013040	0.065201
22:21:11.624	0.027352	0.012433	0.062164
22:21:11.675	0.023183	0.010538	0.052689
22:21:11.726	0.030132	0.013697	0.068483
22:21:11.776	0.029053	0.013206	0.066031
22:21:11.827	0.027596	0.012543	0.062717
22:21:11.878	0.015121	0.006873	0.034365
22:21:11.929	0.023779	0.010808	0.054042
22:21:11.980	0.027511	0.012505	0.062524
22:21:12.031	0.023905	0.010866	0.054330
22:21:12.082	-0.055924	-0.025420	-0.127099
22:21:12.132	0.029463	0.013392	0.066962
22:21:12.183	0.022803	0.010365	0.051824
22:21:12.234	0.020196	0.009180	0.045899
22:21:12.285	0.026929	0.012241	0.061203
22:21:12.336	0.016279	0.007400	0.036998
22:21:12.387	0.020640	0.009382	0.046910
22:21:12.438	0.033030	0.015014	0.075069
22:21:12.489	0.022882	0.010401	0.052005
22:21:12.540	0.034025	0.015466	0.077331
22:21:12.591	0.030757	0.013981	0.069903
22:21:12.641	0.033855	0.015389	0.076943
22:21:12.692	0.028001	0.012728	0.063638
22:21:12.743	0.033280	0.015127	0.075636
22:21:12.794	0.021733	0.009879	0.049393
22:21:12.845	0.036710	0.016686	0.083431
22:21:12.896	0.030137	0.013699	0.068494
22:21:12.947	0.036247	0.016476	0.082380
22:21:12.998	0.030789	0.013995	0.069975
22:21:13.048	0.033723	0.015328	0.076642
22:21:13.099	0.033181	0.015082	0.075411
22:21:13.150	0.024309	0.011049	0.055247
22:21:13.201	0.031518	0.014326	0.071632
22:21:13.252	0.036442	0.016565	0.082824
22:21:13.303	0.027676	0.012580	0.062900
22:21:13.354	0.034576	0.015717	0.078583
22:21:13.404	0.027091	0.012314	0.061570
22:21:13.455	0.032449	0.014749	0.073747
22:21:13.506	0.030810	0.014005	0.070023
22:21:13.557	0.033730	0.015332	0.076660
22:21:13.608	0.029570	0.013441	0.067203
22:21:13.659	0.034085	0.015493	0.077465
22:21:13.709	0.028851	0.013114	0.065571
22:21:13.760	0.033543	0.015247	0.076233
22:21:13.811	0.030126	0.013693	0.068467
22:21:13.862	0.030576	0.013898	0.069490
22:21:13.913	0.027695	0.012589	0.062943
22:21:13.964	0.033950	0.015432	0.077160
22:21:14.015	0.019614	0.008916	0.044578
22:21:14.065	0.030469	0.013850	0.069248
22:21:14.116	0.028088	0.012767	0.063836
22:21:14.167	0.030994	0.014088	0.070442
22:21:14.218	0.026994	0.012270	0.061351
22:21:14.269	0.033222	0.015101	0.075504
22:21:14.320	0.031169	0.014168	0.070838
22:21:14.370	0.029163	0.013256	0.066280
22:21:14.421	0.028276	0.012853	0.064263
22:21:14.472	0.018955	0.008616	0.043079
22:21:14.523	0.032703	0.014865	0.074325
22:21:14.574	0.032734	0.014879	0.074395
22:21:14.625	0.031033	0.014106	0.070530
22:21:14.676	0.032558	0.014799	0.073995
22:21:14.727	0.030185	0.013720	0.068601
22:21:14.777	0.028084	0.012765	0.063827
22:21:14.828	0.026475	0.012034	0.060170
22:21:14.879	0.029865	0.013575	0.067876
22:21:14.930	0.030199	0.013727	0.068635
22:21:14.981	0.022033	0.010015	0.050076
22:21:15.033	0.004913	0.002233	0.011166
22:21:15.084	-0.002617	-0.001189	-0.005947
22:21:15.135	0.019183	0.008720	0.043598
22:21:15.187	0.023047	0.010476	0.052379
22:21:15.238	0.023319	0.010599	0.052997
22:21:15.289	0.030679	0.013945	0.069724
22:21:15.340	0.020541	0.009337	0.046684
22:21:15.391	0.024668	0.011213	0.056064
22:21:15.442	0.029616	0.013462	0.067309
22:21:15.493	-0.001653	-0.000751	-0.003757
22:21:15.544	0.015143	0.006883	0.034415
22:21:15.595	0.029849	0.013568	0.067838
22:21:15.646	0.023505	0.010684	0.053420
22:21:15.697	0.025612	0.011642	0.058209
22:21:15.748	0.032562	0.014801	0.074004
22:21:15.798	0.032464	0.014756	0.073782
22:21:15.849	0.034074	0.015488	0.077442
22:21:15.900	0.032415	0.014734	0.073671
22:21:15.951	0.026352	0.011978	0.059892
22:21:16.002	0.029720	0.013509	0.067546
22:21:16.053	0.023892	0.010860	0.054301
22:21:16.104	-0.021983	-0.009992	-0.049962
22:21:16.155	-0.018361	-0.008346	-0.041730
22:21:16.206	0.007001	0.003182	0.015911
22:21:16.258	0.005219	0.002372	0.011860
22:21:16.309	-0.002961	-0.001346	-0.006729
22:21:16.360	-0.017277	-0.007853	-0.039265
22:21:16.412	0.000530	0.000241	0.001205
22:21:16.463	0.002925	0.001330	0.006648
22:21:16.514	-0.001684	-0.000766	-0.003828
22:21:16.565	0.005478	0.002490	0.012450
22:21:16.616	0.024658	0.011208	0.056040
22:21:16.668	0.019254	0.008752	0.043759
22:21:16.719	0.022059	0.010027	0.050135
22:21:16.770	0.023707	0.010776	0.053880
22:21:16.821	0.030917	0.014053	0.070266
22:21:16.872	0.020258	0.009208	0.046041
22:21:16.923	0.025782	0.011719	0.058595
22:21:16.974	0.021266	0.009666	0.048331
22:21:17.025	0.012437	0.005653	0.028266
22:21:17.076	0.016436	0.007471	0.037354
22:21:17.127	0.021043	0.009565	0.047824
22:21:17.178	0.021765	0.009893	0.049467
22:21:17.229	0.023594	0.010724	0.053622
22:21:17.280	0.021807	0.009912	0.049561
22:21:17.331	0.022540	0.010245	0.051227
22:21:17.382	0.012615	0.005734	0.028671
22:21:17.433	0.022713	0.010324	0.051621
22:21:17.485	0.012621	0.005737	0.028685
22:21:17.535	-0.030301	-0.013773	-0.068866
22:21:17.586	0.025876	0.011762	0.058809
22:21:17.637	0.014858	0.006753	0.033767
22:21:17.688	-0.094958	-0.043163	-0.215814
22:21:17.739	0.019560	0.008891	0.044454
22:21:17.791	0.020978	0.009535	0.047677
22:21:17.842	0.024285	0.011039	0.055194
22:21:17.893	0.022690	0.010313	0.051567
22:21:17.944	0.034516	0.015689	0.078445
22:21:17.994	0.023123	0.010511	0.052553
22:21:18.045	0.029695	0.013498	0.067489
22:21:18.096	0.028151	0.012796	0.063980
22:21:18.147	0.035229	0.016013	0.080065
22:21:18.198	0.013762	0.006255	0.031277
22:21:18.249	0.032093	0.014588	0.072938
22:21:18.300	0.017209	0.007822	0.039111
22:21:18.351	0.006349	0.002886	0.014430
22:21:18.402	0.025018	0.011372	0.056859
22:21:18.454	0.024820	0.011282	0.056408
22:21:18.505	0.021193	0.009633	0.048167
22:21:18.556	0.034652	0.015751	0.078756
22:21:18.606	0.032080	0.014582	0.072908
22:21:18.657	0.033409	0.015186	0.075928
22:21:18.708	0.028463	0.012938	0.064690
22:21:18.759	0.032665	0.014848	0.074238
22:21:18.810	0.029405	0.013366	0.066830
22:21:18.861	0.030877	0.014035	0.070174
22:21:18.911	0.029731	0.013514	0.067571
22:21:18.962	0.035060	0.015936	0.079682
22:21:19.013	0.027792	0.012633	0.063164
22:21:19.064	0.032596	0.014816	0.074082
22:21:19.115	0.022090	0.010041	0.050205
22:21:19.166	0.032130	0.014605	0.073024
22:21:19.216	0.011287	0.005131	0.025653
22:21:19.267	0.030866	0.014030	0.070149
22:21:19.318	0.024999	0.011363	0.056816
22:21:19.369	0.034815	0.015825	0.079125
22:21:19.420	0.029889	0.013586	0.067928
22:21:19.471	-0.002251	-0.001023	-0.005115
22:21:19.522	0.025873	0.011760	0.058801
22:21:19.573	0.036487	0.016585	0.082925
22:21:19.624	0.031590	0.014359	0.071795
22:21:19.675	0.016980	0.007718	0.038591
22:21:19.725	0.035491	0.016132	0.080662
22:21:19.776	0.032503	0.014774	0.073870
22:21:19.827	0.029908	0.013594	0.067972
22:21:19.878	0.032294	0.014679	0.073395
22:21:19.929	0.032451	0.014750	0.073752
22:21:19.980	0.020700	0.009409	0.047044
22:21:20.031	0.024388	0.011085	0.055427
22:21:20.082	0.028083	0.012765	0.063826
22:21:20.133	0.028365	0.012893	0.064466
22:21:20.184	0.031078	0.014126	0.070631
22:21:20.235	0.015016	0.006825	0.034127
22:21:20.286	0.031183	0.014174	0.070870
22:21:20.336	0.034619	0.015736	0.078680
22:21:20.387	0.031883	0.014492	0.072461
22:21:20.438	0.028896	0.013134	0.065672
22:21:20.489	0.004580	0.002082	0.010409
22:21:20.540	0.025812	0.011733	0.058664
22:21:20.591	0.032895	0.014952	0.074761
22:21:20.642	0.030413	0.013824	0.069120
22:21:20.693	0.023970	0.010896	0.054478
22:21:20.744	0.032169	0.014622	0.073112
22:21:20.795	0.031068	0.014122	0.070608
22:21:20.845	0.029134	0.013243	0.066214
22:21:20.896	0.032305	0.014684	0.073420
22:21:20.947	0.033778	0.015354	0.076769
22:21:20.998	0.022869	0.010395	0.051976
22:21:21.049	0.023900	0.010864	0.054318
22:21:21.100	0.025380	0.011536	0.057681
22:21:21.151	0.031961	0.014528	0.072638
22:21:21.202	0.031019	0.014100	0.070499
22:21:21.253	0.022949	0.010431	0.052157
22:21:21.304	0.030857	0.014026	0.070130
22:21:21.355	0.026326	0.011966	0.059831
22:21:21.405	0.030109	0.013686	0.068429
22:21:21.456	0.035774	0.016261	0.081306
22:21:21.507	0.032526	0.014784	0.073922
22:21:21.558	0.033462	0.015210	0.076050
22:21:21.609	0.031163	0.014165	0.070824
22:21:21.660	0.034238	0.015563	0.077815
22:21:21.710	0.032406	0.014730	0.073650
22:21:21.761	0.031066	0.014121	0.070603
22:21:21.812	0.028101	0.012773	0.063865
22:21:21.863	0.030264	0.013756	0.068782
22:21:21.914	0.028635	0.013016	0.065080
22:21:21.965	0.034074	0.015488	0.077442
22:21:22.015	0.029710	0.013505	0.067523
22:21:22.066	0.023435	0.010652	0.053262
22:21:22.117	0.029984	0.013629	0.068145
22:21:22.168	0.030302	0.013774	0.068868
22:21:22.219	0.028276	0.012853	0.064264
22:21:22.270	0.030010	0.013641	0.068204
22:21:22.321	0.027680	0.012582	0.062909
22:21:22.371	0.031474	0.014306	0.071531
22:21:22.422	0.027000	0.012273	0.061365
22:21:22.473	0.030282	0.013765	0.068823
22:21:22.524	0.026983	0.012265	0.061325
22:21:22.575	0.027424	0.012465	0.062327
22:21:22.626	0.027591	0.012542	0.062708
22:21:22.677	0.030678	0.013945	0.069723
22:21:22.727	0.033242	0.015110	0.075550
22:21:22.778	0.028455	0.012934	0.064671
22:21:22.829	0.025872	0.011760	0.058801
22:21:22.880	0.016199	0.007363	0.036817
22:21:22.931	0.016925	0.007693	0.038467
22:21:22.982	0.021305	0.009684	0.048420
22:21:23.033	0.018547	0.008430	0.042152
22:21:23.084	0.013666	0.006212	0.031059
22:21:23.135	0.017051	0.007750	0.038752
22:21:23.185	0.020351	0.009251	0.046253
22:21:23.236	0.018091	0.008223	0.041115
22:21:23.287	0.022310	0.010141	0.050704
22:21:23.338	0.021753	0.009888	0.049438
22:21:23.389	0.001914	0.000870	0.004349
22:21:23.440	0.019798	0.008999	0.044995
22:21:23.491	0.027311	0.012414	0.062070
22:21:23.542	0.032110	0.014596	0.072978
22:21:23.593	0.029468	0.013394	0.066972
22:21:23.643	0.028711	0.013051	0.065253
22:21:23.694	0.031253	0.014206	0.071028
22:21:23.745	0.037046	0.016839	0.084195
22:21:23.796	0.030789	0.013995	0.069975
22:21:23.847	0.029319	0.013327	0.066634
22:21:23.898	0.030194	0.013725	0.068623
22:21:23.948	0.032126	0.014603	0.073014
22:21:23.999	0.028874	0.013124	0.065622
22:21:24.050	0.026540	0.012064	0.060319
22:21:24.101	0.024846	0.011293	0.056467
22:21:24.152	0.033691	0.015314	0.076571
22:21:24.203	0.029227	0.013285	0.066425
22:21:24.253	0.027604	0.012547	0.062737
22:21:24.304	0.029994	0.013634	0.068168
22:21:24.355	0.035305	0.016048	0.080239
22:21:24.406	0.029781	0.013537	0.067684
22:21:24.457	0.027793	0.012633	0.063165
22:21:24.508	0.021677	0.009853	0.049267
22:21:24.559	0.031920	0.014509	0.072546
22:21:24.610	0.026252	0.011933	0.059663
22:21:24.660	0.028556	0.012980	0.064900
22:21:24.711	0.026877	0.012217	0.061084
22:21:24.762	0.031018	0.014099	0.070495
22:21:24.825	-0.039700	-0.018045	-0.090227
22:21:24.876	0.020622	0.009374	0.046869
22:21:24.927	0.033958	0.015435	0.077177
22:21:24.978	0.024107	0.010958	0.054789
22:21:25.029	0.029490	0.013404	0.067022
22:21:25.080	0.027372	0.012442	0.062209
22:21:25.131	0.024642	0.011201	0.056005
22:21:25.182	0.031514	0.014325	0.071624
22:21:25.233	0.019199	0.008727	0.043634
22:21:25.284	0.029602	0.013456	0.067278
22:21:25.334	0.027091	0.012314	0.061571
22:21:25.385	0.031436	0.014289	0.071446
22:21:25.437	0.024583	0.011174	0.055871
22:21:25.488	0.023681	0.010764	0.053820
22:21:25.539	0.021828	0.009922	0.049609
22:21:25.590	0.030437	0.013835	0.069174
22:21:25.641	0.032738	0.014881	0.074405
22:21:25.692	0.025011	0.011369	0.056843
22:21:25.743	0.023541	0.010700	0.053502
22:21:25.794	0.021407	0.009730	0.048652
22:21:25.845	0.003972	0.001805	0.009027
22:21:25.896	0.003481	0.001582	0.007912
22:21:25.947	0.002099	0.000954	0.004770
22:21:25.998	0.025437	0.011562	0.057812
22:21:26.049	0.019096	0.008680	0.043401
22:21:26.101	0.003736	0.001698	0.008490
22:21:26.152	0.017002	0.007728	0.038640
22:21:26.203	0.025109	0.011413	0.057067
22:21:26.254	0.025286	0.011494	0.057469
22:21:26.305	0.024720	0.011236	0.056181
22:21:26.356	0.021467	0.009758	0.048789
22:21:26.407	0.022527	0.010239	0.051197
22:21:26.458	0.004750	0.002159	0.010796
22:21:26.510	0.019124	0.008693	0.043464
22:21:26.561	0.010227	0.004649	0.023243
22:21:26.612	0.006922	0.003146	0.015731
22:21:26.663	0.005071	0.002305	0.011524
22:21:26.714	-0.001819	-0.000827	-0.004135
22:21:26.765	-0.022547	-0.010249	-0.051244
22:21:26.816	-0.002754	-0.001252	-0.006259
22:21:26.868	-0.002645	-0.001202	-0.006010
22:21:26.919	0.027073	0.012306	0.061529
22:21:26.970	0.023688	0.010767	0.053837
22:21:27.021	0.030124	0.013693	0.068464
22:21:27.072	0.026525	0.012057	0.060285
22:21:27.123	0.023336	0.010607	0.053037
22:21:27.174	0.021811	0.009914	0.049570
22:21:27.225	0.023569	0.010713	0.053566
22:21:27.276	0.001132	0.000515	0.002573
22:21:27.327	0.004766	0.002167	0.010833
22:21:27.378	0.024859	0.011300	0.056499
22:21:27.429	0.030532	0.013878	0.069392
22:21:27.480	0.027489	0.012495	0.062475
22:21:27.531	0.036507	0.016594	0.082971
22:21:27.582	0.031474	0.014307	0.071533
22:21:27.633	0.030072	0.013669	0.068345
22:21:27.684	0.032163	0.014619	0.073097
22:21:27.735	0.010013	0.004552	0.022758
22:21:27.786	0.010418	0.004735	0.023677
22:21:27.837	0.015091	0.006859	0.034297
22:21:27.888	0.015135	0.006879	0.034397
22:21:27.939	0.014761	0.006710	0.033548
22:21:27.990	0.016200	0.007364	0.036818
22:21:28.041	0.022885	0.010402	0.052012
22:21:28.092	-0.068172	-0.030987	-0.154936
22:21:28.143	0.015742	0.007155	0.035777
22:21:28.195	0.012730	0.005787	0.028933
22:21:28.246	0.025590	0.011632	0.058160
22:21:28.296	0.031991	0.014541	0.072706
22:21:28.347	0.028944	0.013156	0.065782
22:21:28.398	0.032429	0.014741	0.073703
22:21:28.449	0.029531	0.013423	0.067116
22:21:28.500	0.032128	0.014604	0.073019
22:21:28.551	0.025157	0.011435	0.057174
22:21:28.602	0.018011	0.008187	0.040933
22:21:28.653	0.024428	0.011104	0.055519
22:21:28.705	-0.013366	-0.006076	-0.030378
22:21:28.756	0.006823	0.003101	0.015507
22:21:28.807	0.018169	0.008259	0.041293
22:21:28.858	0.024273	0.011033	0.055165
22:21:28.909	0.025549	0.011613	0.058067
22:21:28.960	0.024221	0.011009	0.055047
22:21:29.012	0.022419	0.010191	0.050953
22:21:29.063	0.023217	0.010553	0.052765
22:21:29.114	0.016978	0.007717	0.038586
22:21:29.165	0.035758	0.016254	0.081269
22:21:29.216	0.032559	0.014799	0.073997
22:21:29.266	0.030314	0.013779	0.068895
22:21:29.317	0.016113	0.007324	0.036621
22:21:29.368	0.030048	0.013658	0.068290
22:21:29.419	0.002351	0.001069	0.005343
22:21:29.471	0.000492	0.000224	0.001119
22:21:29.522	0.030655	0.013934	0.069671
22:21:29.573	0.031514	0.014325	0.071623
22:21:29.623	0.032026	0.014557	0.072787
22:21:29.674	0.025610	0.011641	0.058204
22:21:29.725	0.028221	0.012828	0.064139
22:21:29.776	0.031005	0.014093	0.070466
22:21:29.827	0.025300	0.011500	0.057500
22:21:29.878	0.034739	0.015790	0.078952
22:21:29.929	0.026528	0.012058	0.060290
22:21:29.980	0.024876	0.011307	0.056536
22:21:30.031	0.030831	0.014014	0.070070
22:21:30.082	0.026690	0.012132	0.060658
22:21:30.133	0.027572	0.012533	0.062664
22:21:30.184	0.030577	0.013899	0.069493
22:21:30.235	0.020516	0.009326	0.046628
22:21:30.285	0.030350	0.013795	0.068977
22:21:30.336	0.033764	0.015347	0.076737
22:21:30.387	0.033078	0.015036	0.075178
22:21:30.438	0.028647	0.013021	0.065107
22:21:30.489	0.033770	0.015350	0.076749
22:21:30.540	0.034335	0.015607	0.078033
22:21:30.590	0.026912	0.012233	0.061164
22:21:30.641	0.028458	0.012935	0.064676
22:21:30.692	0.017787	0.008085	0.040425
22:21:30.743	0.029845	0.013566	0.067830
22:21:30.794	0.030352	0.013797	0.068983
22:21:30.845	0.029858	0.013572	0.067860
22:21:30.896	0.031980	0.014536	0.072681
22:21:30.947	0.026836	0.012198	0.060991
22:21:30.998	0.031283	0.014220	0.071099
22:21:31.048	0.030016	0.013644	0.068219
22:21:31.099	0.027419	0.012463	0.062316
22:21:31.151	0.021295	0.009680	0.048399
22:21:31.201	0.029155	0.013252	0.066261
22:21:31.252	0.022620	0.010282	0.051409
22:21:31.303	0.031177	0.014171	0.070856
22:21:31.354	0.036304	0.016502	0.082509
22:21:31.405	0.036862	0.016755	0.083777
22:21:31.456	0.031408	0.014277	0.071383
22:21:31.507	0.033970	0.015441	0.077205
22:21:31.558	0.033471	0.015214	0.076070
22:21:31.608	0.028815	0.013098	0.065488
22:21:31.659	0.030190	0.013723	0.068614
22:21:31.710	0.032903	0.014956	0.074779
22:21:31.761	0.032246	0.014657	0.073287
22:21:31.812	0.029555	0.013434	0.067171
22:21:31.863	0.031427	0.014285	0.071425
22:21:31.913	0.034750	0.015796	0.078978
22:21:31.964	0.027235	0.012380	0.061898
22:21:32.015	0.032258	0.014663	0.073313
22:21:32.066	0.031480	0.014309	0.071545
22:21:32.117	0.035833	0.016288	0.081439
22:21:32.168	0.036619	0.016645	0.083224
22:21:32.218	0.032389	0.014722	0.073611
22:21:32.269	0.031748	0.014431	0.072155
22:21:32.320	0.033096	0.015044	0.075218
22:21:32.371	0.034457	0.015662	0.078312
22:21:32.422	0.032020	0.014555	0.072773
22:21:32.473	0.036074	0.016397	0.081987
22:21:32.523	0.030221	0.013737	0.068685
22:21:32.574	0.032995	0.014998	0.074989
22:21:32.625	0.031219	0.014191	0.070953
22:21:32.676	0.033167	0.015076	0.075379
22:21:32.727	0.030584	0.013902	0.069509
22:21:32.778	0.031708	0.014413	0.072063
22:21:32.828	0.027677	0.012580	0.062902
22:21:32.879	0.026815	0.012189	0.060944
22:21:32.930	0.028182	0.012810	0.064050
22:21:32.981	0.024610	0.011186	0.055931
22:21:33.032	0.026380	0.011991	0.059954
22:21:33.083	0.026864	0.012211	0.061055
22:21:33.134	0.030711	0.013960	0.069798
22:21:33.185	0.026594	0.012088	0.060440
22:21:33.235	-0.001732	-0.000787	-0.003936
22:21:33.286	0.015287	0.006948	0.034742
22:21:33.337	0.018137	0.008244	0.041220
22:21:33.388	-0.059466	-0.027030	-0.135151
22:21:33.439	0.018772	0.008533	0.042663
22:21:33.490	0.015711	0.007141	0.035706
22:21:33.541	0.019882	0.009037	0.045186
22:21:33.592	0.022379	0.010172	0.050862
22:21:33.642	0.022208	0.010095	0.050473
22:21:33.693	0.021733	0.009879	0.049393
22:21:33.744	0.023704	0.010775	0.053874
22:21:33.795	0.027955	0.012707	0.063533
22:21:33.846	0.031269	0.014213	0.071065
22:21:33.897	0.033790	0.015359	0.076796
22:21:33.948	0.031448	0.014295	0.071473
22:21:33.999	0.030392	0.013815	0.069074
22:21:34.049	0.030156	0.013707	0.068535
22:21:34.100	0.026723	0.012147	0.060735
22:21:34.151	0.034371	0.015623	0.078115
22:21:34.202	0.031895	0.014498	0.072490
22:21:34.253	0.028219	0.012827	0.064134
22:21:34.304	0.032377	0.014717	0.073584
22:21:34.355	0.032877	0.014944	0.074720
22:21:34.405	0.030988	0.014086	0.070428
22:21:34.456	0.029834	0.013561	0.067805
22:21:34.507	0.024291	0.011041	0.055207
22:21:34.558	0.030883	0.014038	0.070189
22:21:34.609	0.030944	0.014066	0.070328
22:21:34.660	0.029214	0.013279	0.066396
22:21:34.711	0.033311	0.015141	0.075707
22:21:34.761	0.035253	0.016024	0.080121
22:21:34.812	0.030422	0.013828	0.069140
22:21:34.863	0.030223	0.013738	0.068688
22:21:34.914	0.031637	0.014381	0.071903
22:21:34.965	0.027111	0.012323	0.061616
22:21:35.016	0.031133	0.014151	0.070757
22:21:35.067	0.031225	0.014193	0.070966
22:21:35.118	0.028906	0.013139	0.065695
22:21:35.169	0.036363	0.016529	0.082643
22:21:35.219	0.033084	0.015038	0.075190
22:21:35.270	0.029777	0.013535	0.067674
22:21:35.321	0.030494	0.013861	0.069304
22:21:35.372	0.033473	0.015215	0.076074
22:21:35.423	0.032457	0.014753	0.073766
22:21:35.474	0.034131	0.015514	0.077571
22:21:35.525	0.027354	0.012434	0.062168
22:21:35.575	0.035244	0.016020	0.080101
22:21:35.626	0.029535	0.013425	0.067125
22:21:35.677	0.032051	0.014569	0.072844
22:21:35.728	0.022416	0.010189	0.050946
22:21:35.779	0.030938	0.014063	0.070313
22:21:35.830	0.024083	0.010947	0.054734
22:21:35.881	0.025045	0.011384	0.056920
22:21:35.933	0.001824	0.000829	0.004144
22:21:35.984	-0.001867	-0.000848	-0.004242
22:21:36.035	-0.005922	-0.002692	-0.013460
22:21:36.086	0.026570	0.012077	0.060386
22:21:36.137	0.026495	0.012043	0.060215
22:21:36.188	0.021655	0.009843	0.049216
22:21:36.239	0.025337	0.011517	0.057583
22:21:36.291	0.000267	0.000121	0.000606
22:21:36.342	0.022313	0.010142	0.050711
22:21:36.393	0.023282	0.010583	0.052913
22:21:36.444	0.022160	0.010073	0.050363
22:21:36.495	0.024000	0.010909	0.054545
22:21:36.546	0.037162	0.016892	0.084458
22:21:36.597	0.033520	0.015236	0.076182
22:21:36.647	0.030815	0.014007	0.070035
22:21:36.698	0.024291	0.011041	0.055207
22:21:36.750	0.023538	0.010699	0.053495
22:21:36.801	0.002764	0.001256	0.006282
22:21:36.852	0.019223	0.008738	0.043689
22:21:36.903	0.004429	0.002013	0.010066
22:21:36.954	0.000118	0.000054	0.000269
22:21:37.005	0.010908	0.004958	0.024790
22:21:37.056	-0.001033	-0.000469	-0.002347
22:21:37.107	0.000625	0.000284	0.001420
22:21:37.159	0.004494	0.002043	0.010214
22:21:37.210	0.002824	0.001284	0.006419
22:21:37.261	-0.000044	-0.000020	-0.000101
22:21:37.312	0.023814	0.010825	0.054124
22:21:37.363	0.020011	0.009096	0.045479
22:21:37.414	0.023123	0.010511	0.052553
22:21:37.465	0.022885	0.010402	0.052011
22:21:37.517	0.023336	0.010607	0.053037
22:21:37.568	0.024754	0.011252	0.056260
22:21:37.619	0.001862	0.000846	0.004232
22:21:37.670	0.026843	0.012202	0.061008
22:21:37.721	0.034937	0.015881	0.079403
22:21:37.772	0.029254	0.013297	0.066486
22:21:37.823	0.025443	0.011565	0.057825
22:21:37.874	0.024372	0.011078	0.055390
22:21:37.925	0.025765	0.011712	0.058558
22:21:37.976	0.029283	0.013311	0.066553
22:21:38.027	0.030828	0.014013	0.070065
22:21:38.077	0.033460	0.015209	0.076044
22:21:38.128	0.035859	0.016300	0.081498
22:21:38.179	0.028614	0.013007	0.065033
22:21:38.230	0.029285	0.013311	0.066556
22:21:38.281	0.034855	0.015843	0.079216
22:21:38.332	0.022845	0.010384	0.051921
22:21:38.383	0.002394	0.001088	0.005441
22:21:38.434	0.025274	0.011488	0.057440
22:21:38.485	0.025205	0.011457	0.057284
22:21:38.536	0.031103	0.014138	0.070688
22:21:38.587	0.018376	0.008353	0.041763
22:21:38.638	0.031283	0.014220	0.071098
22:21:38.689	0.014514	0.006597	0.032986
22:21:38.740	0.014118	0.006417	0.032086
22:21:38.791	0.015544	0.007066	0.035328
22:21:38.842	0.029609	0.013459	0.067294
22:21:38.893	0.021806	0.009912	0.049558
22:21:38.944	0.026247	0.011930	0.059652
22:21:38.994	0.018135	0.008243	0.041216
22:21:39.045	0.025254	0.011479	0.057395
22:21:39.096	-0.051203	-0.023274	-0.116370
22:21:39.147	0.030785	0.013993	0.069965
22:21:39.198	0.024631	0.011196	0.055980
22:21:39.249	0.023680	0.010764	0.053818
22:21:39.300	0.021274	0.009670	0.048349
22:21:39.351	0.038350	0.017432	0.087159
22:21:39.402	0.022147	0.010067	0.050334
22:21:39.452	0.031372	0.014260	0.071300
22:21:39.503	0.026918	0.012235	0.061177
22:21:39.554	0.031401	0.014273	0.071367
22:21:39.605	0.031630	0.014377	0.071886
22:21:39.656	0.029187	0.013267	0.066334
22:21:39.707	0.033549	0.015250	0.076248
22:21:39.758	0.034282	0.015583	0.077913
22:21:39.809	0.030172	0.013715	0.068573
22:21:39.859	0.028372	0.012897	0.064483
22:21:39.910	0.032498	0.014772	0.073858
22:21:39.961	0.026271	0.011941	0.059707
22:21:40.012	0.031583	0.014356	0.071779
22:21:40.063	0.034747	0.015794	0.078971
22:21:40.114	0.025786	0.011721	0.058605
22:21:40.165	0.036671	0.016669	0.083344
22:21:40.216	0.033004	0.015002	0.075010
22:21:40.266	0.029240	0.013291	0.066454
22:21:40.318	-0.006875	-0.003125	-0.015624
22:21:40.369	0.004816	0.002189	0.010945
22:21:40.420	-0.007810	-0.003550	-0.017751
22:21:40.471	0.022006	0.010003	0.050014
22:21:40.522	0.030596	0.013907	0.069537
22:21:40.573	0.034953	0.015888	0.079438
22:21:40.624	0.033890	0.015405	0.077024
22:21:40.675	0.023727	0.010785	0.053924
22:21:40.726	0.030213	0.013733	0.068667
22:21:40.777	0.032800	0.014909	0.074546
22:21:40.828	0.014058	0.006390	0.031951
22:21:40.878	0.033613	0.015279	0.076394
22:21:40.929	0.030991	0.014087	0.070433
22:21:40.980	0.034361	0.015619	0.078093
22:21:41.031	0.033493	0.015224	0.076120
22:21:41.082	0.031185	0.014175	0.070875
22:21:41.133	0.022440	0.010200	0.051001
22:21:41.184	0.034395	0.015634	0.078170
22:21:41.235	0.019513	0.008869	0.044347
22:21:41.286	0.026033	0.011833	0.059166
22:21:41.336	0.029220	0.013282	0.066409
22:21:41.387	0.035302	0.016046	0.080231
22:21:41.438	0.030813	0.014006	0.070030
22:21:41.489	0.033098	0.015045	0.075223
22:21:41.540	0.030690	0.013950	0.069750
22:21:41.591	0.036342	0.016519	0.082596
22:21:41.641	0.030644	0.013929	0.069645
22:21:41.692	0.030335	0.013789	0.068943
22:21:41.743	0.029763	0.013529	0.067644
22:21:41.794	0.032224	0.014647	0.073237
22:21:41.845	0.030614	0.013915	0.069576
22:21:41.896	0.033168	0.015076	0.075382
22:21:41.946	0.029566	0.013439	0.067195
22:21:41.997	0.038468	0.017486	0.087428
22:21:42.048	0.030461	0.013846	0.069231
22:21:42.099	0.015556	0.007071	0.035355
22:21:42.150	0.029375	0.013352	0.066762
22:21:42.201	0.032256	0.014662	0.073310
22:21:42.252	0.030837	0.014017	0.070084
22:21:42.302	0.032611	0.014823	0.074116
22:21:42.353	0.035912	0.016323	0.081617
22:21:42.404	0.031979	0.014536	0.072680
22:21:42.455	0.031801	0.014455	0.072274
22:21:42.506	0.034181	0.015537	0.077684
22:21:42.557	0.034648	0.015749	0.078745
22:21:42.607	0.030941	0.014064	0.070321
22:21:42.658	0.029854	0.013570	0.067849
22:21:42.709	0.033536	0.015244	0.076219
22:21:42.760	0.032609	0.014822	0.074112
22:21:42.811	0.029085	0.013220	0.066102
22:21:42.862	0.033186	0.015085	0.075423
22:21:42.912	0.037206	0.016912	0.084560
22:21:42.963	0.037811	0.017187	0.085935
22:21:43.014	0.038134	0.017334	0.086669
22:21:43.065	0.032934	0.014970	0.074851
22:21:43.116	0.006006	0.002730	0.013650
22:21:43.167	0.021244	0.009656	0.048281
22:21:43.218	0.032573	0.014806	0.074030
22:21:43.269	0.022901	0.010410	0.052048
22:21:43.320	0.035832	0.016287	0.081436
22:21:43.371	0.037902	0.017228	0.086141
22:21:43.422	0.033875	0.015398	0.076989
22:21:43.472	0.031882	0.014492	0.072458
22:21:43.523	0.034533	0.015697	0.078483
22:21:43.574	0.033178	0.015081	0.075405
22:21:43.625	0.032308	0.014685	0.073427
22:21:43.676	0.030415	0.013825	0.069126
22:21:43.727	0.033607	0.015276	0.076379
22:21:43.777	0.033565	0.015257	0.076285
22:21:43.828	0.038860	0.017664	0.088319
22:21:43.879	0.034015	0.015461	0.077307
22:21:43.930	0.034398	0.015636	0.078178
22:21:43.981	0.001694	0.000770	0.003850
22:21:44.032	0.026796	0.012180	0.060900
22:21:44.083	0.031788	0.014449	0.072245
22:21:44.134	0.035648	0.016204	0.081018
22:21:44.185	0.019524	0.008874	0.044372
22:21:44.236	0.032675	0.014852	0.074262
22:21:44.287	0.020387	0.009267	0.046333
22:21:44.338	-0.051476	-0.023398	-0.116990
22:21:44.389	0.015970	0.007259	0.036295
22:21:44.440	-0.014373	-0.006533	-0.032665
22:21:44.491	-0.008997	-0.004090	-0.020448
22:21:44.542	0.018564	0.008438	0.042191
22:21:44.593	-0.065038	-0.029563	-0.147814
22:21:44.644	0.022996	0.010453	0.052264
22:21:44.695	0.023928	0.010876	0.054381
22:21:44.748	-0.024342	-0.011064	-0.055322
22:21:44.799	0.005295	0.002407	0.012034
22:21:44.850	0.025010	0.011368	0.056841
22:21:44.902	0.023735	0.010788	0.053942
22:21:44.953	0.023632	0.010742	0.053708
22:21:45.004	0.030806	0.014003	0.070013
22:21:45.055	0.025084	0.011402	0.057009
22:21:45.105	0.033737	0.015335	0.076675
22:21:45.156	0.032757	0.014890	0.074448
22:21:45.207	0.029487	0.013403	0.067017
22:21:45.258	0.029925	0.013602	0.068011
22:21:45.309	0.032822	0.014919	0.074595
22:21:45.360	0.026175	0.011898	0.059488
22:21:45.411	0.003666	0.001666	0.008332
22:21:45.462	0.012332	0.005606	0.028028
22:21:45.513	-0.000812	-0.000369	-0.001845
22:21:45.564	0.023206	0.010548	0.052742
22:21:45.615	0.022029	0.010013	0.050066
22:21:45.666	0.031119	0.014145	0.070726
22:21:45.717	0.025954	0.011797	0.058985
22:21:45.768	0.030511	0.013869	0.069344
22:21:45.819	0.031339	0.014245	0.071224
22:21:45.870	0.030596	0.013907	0.069537
22:21:45.921	0.024574	0.011170	0.055849
22:21:45.972	0.027630	0.012559	0.062796
22:21:46.023	0.033189	0.015086	0.075429
22:21:46.074	0.028020	0.012736	0.063681
22:21:46.125	0.024158	0.010981	0.054904
22:21:46.176	0.029386	0.013357	0.066787
22:21:46.226	0.029747	0.013521	0.067606
22:21:46.278	0.025005	0.011366	0.056829
22:21:46.329	-0.000084	-0.000038	-0.000190
22:21:46.380	0.024098	0.010954	0.054769
22:21:46.431	0.006639	0.003018	0.015089
22:21:46.482	0.031592	0.014360	0.071801
22:21:46.533	0.022266	0.010121	0.050605
22:21:46.584	0.024069	0.010941	0.054703
22:21:46.635	0.021952	0.009978	0.049892
22:21:46.686	0.032871	0.014941	0.074706
22:21:46.737	0.023115	0.010507	0.052534
22:21:46.788	0.034870	0.015850	0.079251
22:21:46.839	0.033748	0.015340	0.076699
22:21:46.890	0.033356	0.015162	0.075809
22:21:46.940	0.029693	0.013497	0.067485
22:21:46.991	0.036084	0.016402	0.082010
22:21:47.042	0.031530	0.014332	0.071659
22:21:47.093	0.033312	0.015142	0.075709
22:21:47.144	0.033072	0.015033	0.075164
22:21:47.194	0.033474	0.015215	0.076077
22:21:47.245	0.029188	0.013267	0.066336
22:21:47.296	0.035504	0.016138	0.080691
22:21:47.347	0.004285	0.001948	0.009739
22:21:47.398	-0.016962	-0.007710	-0.038550
22:21:47.450	0.001821	0.000828	0.004139
22:21:47.501	0.002715	0.001234	0.006170
22:21:47.552	0.023856	0.010843	0.054217
22:21:47.603	0.008803	0.004002	0.020008
22:21:47.654	0.023726	0.010784	0.053922
22:21:47.705	0.024093	0.010952	0.054758
22:21:47.756	0.026951	0.012250	0.061252
22:21:47.807	0.023222	0.010555	0.052777
22:21:47.858	0.030073	0.013669	0.068347
22:21:47.909	0.024609	0.011186	0.055930
22:21:47.960	0.032270	0.014668	0.073341
22:21:48.011	0.033428	0.015194	0.075972
22:21:48.062	0.030774	0.013988	0.069942
22:21:48.113	0.032813	0.014915	0.074574
22:21:48.164	0.025333	0.011515	0.057574
22:21:48.215	0.036467	0.016576	0.082879
22:21:48.266	0.026192	0.011905	0.059527
22:21:48.316	0.027614	0.012552	0.062759
22:21:48.367	0.028771	0.013078	0.065389
22:21:48.418	0.023588	0.010722	0.053610
22:21:48.469	0.032420	0.014736	0.073681
22:21:48.520	0.036015	0.016370	0.081851
22:21:48.571	0.028073	0.012760	0.063802
22:21:48.622	0.030241	0.013746	0.068728
22:21:48.673	0.029674	0.013488	0.067441
22:21:48.724	0.033119	0.015054	0.075270
22:21:48.775	0.024716	0.011235	0.056173
22:21:48.825	0.029003	0.013183	0.065916
22:21:48.876	0.028921	0.013146	0.065730
22:21:48.927	0.031310	0.014232	0.071158
22:21:48.978	0.034086	0.015493	0.077467
22:21:49.029	0.033664	0.015302	0.076508
22:21:49.080	0.030944	0.014065	0.070327
22:21:49.130	0.032556	0.014798	0.073991
22:21:49.181	0.035656	0.016207	0.081036
22:21:49.232	0.032105	0.014593	0.072966
22:21:49.283	0.030102	0.013683	0.068414
22:21:49.334	0.032682	0.014855	0.074277
22:21:49.385	0.032866	0.014939	0.074695
22:21:49.435	0.030630	0.013923	0.069614
22:21:49.486	0.023813	0.010824	0.054121
22:21:49.537	0.034366	0.015621	0.078104
22:21:49.588	0.022554	0.010252	0.051259
22:21:49.639	0.033932	0.015424	0.077119
22:21:49.690	0.028841	0.013109	0.065547
22:21:49.741	0.032276	0.014671	0.073355
22:21:49.792	0.017036	0.007744	0.038718
22:21:49.843	0.022289	0.010131	0.050656
22:21:49.894	0.020163	0.009165	0.045825
22:21:49.945	0.021405	0.009730	0.048648
22:21:49.996	0.027085	0.012311	0.061556
22:21:50.047	0.021100	0.009591	0.047954
22:21:50.098	0.026971	0.012260	0.061299
22:21:50.149	0.027626	0.012557	0.062786
22:21:50.199	-0.041651	-0.018932	-0.094662
22:21:50.250	0.021117	0.009598	0.047992
22:21:50.301	0.023266	0.010576	0.052878
22:21:50.352	0.033898	0.015408	0.077041
22:21:50.403	0.028954	0.013161	0.065805
22:21:50.454	0.032694	0.014861	0.074304
22:21:50.505	0.028467	0.012940	0.064698
22:21:50.556	0.035899	0.016318	0.081589
22:21:50.607	0.032342	0.014701	0.073506
22:21:50.658	0.031444	0.014293	0.071464
22:21:50.709	0.025457	0.011571	0.057857
22:21:50.760	0.032734	0.014879	0.074395
22:21:50.810	0.034347	0.015612	0.078061
22:21:50.861	0.032695	0.014861	0.074307
22:21:50.912	0.034639	0.015745	0.078724
22:21:50.963	0.037696	0.017135	0.085673
22:21:51.014	0.031528	0.014331	0.071654
22:21:51.065	0.023553	0.010706	0.053530
22:21:51.116	0.034311	0.015596	0.077980
22:21:51.167	0.039055	0.017752	0.088762
22:21:51.217	0.035406	0.016094	0.080469
22:21:51.268	0.028868	0.013122	0.065609
22:21:51.319	0.027393	0.012452	0.062258
22:21:51.370	0.037436	0.017016	0.085081
22:21:51.421	0.032117	0.014599	0.072994
22:21:51.472	0.032445	0.014748	0.073739
22:21:51.523	0.033890	0.015404	0.077022
22:21:51.573	0.033689	0.015313	0.076566
22:21:51.624	0.030741	0.013973	0.069867
22:21:51.675	0.035450	0.016114	0.080568
22:21:51.726	0.031196	0.014180	0.070901
22:21:51.777	0.040725	0.018511	0.092557
22:21:51.828	0.035424	0.016102	0.080508
22:21:51.878	0.030342	0.013792	0.068958
22:21:51.929	0.031967	0.014530	0.072652
22:21:51.980	0.036498	0.016590	0.082951
22:21:52.031	0.032694	0.014861	0.074305
22:21:52.082	0.031446	0.014294	0.071469
22:21:52.133	0.033057	0.015026	0.075130
22:21:52.183	0.037986	0.017267	0.086333
22:21:52.234	0.032627	0.014831	0.074153
22:21:52.285	0.029900	0.013591	0.067954
22:21:52.336	0.034032	0.015469	0.077345
22:21:52.387	0.034739	0.015790	0.078952
22:21:52.438	0.032915	0.014962	0.074808
22:21:52.488	0.031533	0.014333	0.071666
22:21:52.539	0.032320	0.014691	0.073454
22:21:52.590	0.031631	0.014378	0.071888
22:21:52.641	0.032843	0.014929	0.074644
22:21:52.692	0.032220	0.014646	0.073228
22:21:52.743	0.034878	0.015853	0.079267
22:21:52.793	0.038306	0.017412	0.087060
22:21:52.844	0.031737	0.014426	0.072129
22:21:52.895	0.037156	0.016889	0.084446
22:21:52.946	0.028054	0.012752	0.063760
22:21:52.997	0.038205	0.017366	0.086830
22:21:53.048	0.032448	0.014749	0.073745
22:21:53.099	0.031181	0.014173	0.070866
22:21:53.150	0.025961	0.011800	0.059002
22:21:53.200	0.033345	0.015157	0.075785
22:21:53.251	0.026521	0.012055	0.060276
22:21:53.302	0.035961	0.016346	0.081729
22:21:53.353	0.029863	0.013574	0.067871
22:21:53.404	0.033652	0.015296	0.076481
22:21:53.455	0.028729	0.013059	0.065294
22:21:53.505	0.032394	0.014724	0.073622
22:21:53.556	0.033849	0.015386	0.076931
22:21:53.607	0.032070	0.014577	0.072886
22:21:53.658	0.031135	0.014152	0.070762
22:21:53.709	0.036503	0.016592	0.082961
22:21:53.760	0.034376	0.015625	0.078127
22:21:53.810	0.032577	0.014808	0.074038
22:21:53.861	0.031505	0.014321	0.071603
22:21:53.912	0.034530	0.015696	0.078478
22:21:53.963	0.032219	0.014645	0.073224
22:21:54.014	0.033081	0.015037	0.075184
22:21:54.064	0.031129	0.014150	0.070749
22:21:54.115	0.033711	0.015323	0.076617
22:21:54.166	0.036893	0.016770	0.083848
22:21:54.217	0.032997	0.014999	0.074994
22:21:54.268	0.030390	0.013814	0.069069
22:21:54.319	0.034003	0.015456	0.077280
22:21:54.369	0.032494	0.014770	0.073850
22:21:54.420	0.028554	0.012979	0.064895
22:21:54.472	0.022265	0.010120	0.050602
22:21:54.523	0.024953	0.011342	0.056711
22:21:54.574	0.032731	0.014878	0.074389
22:21:54.625	0.037011	0.016823	0.084117
22:21:54.676	0.033808	0.015367	0.076837
22:21:54.727	0.033883	0.015401	0.077007
22:21:54.777	0.030941	0.014064	0.070321
22:21:54.828	0.027430	0.012468	0.062340
22:21:54.879	0.026712	0.012142	0.060709
22:21:54.930	0.027923	0.012692	0.063462
22:21:54.981	0.020610	0.009368	0.046841
22:21:55.032	0.025481	0.011582	0.057912
22:21:55.083	0.025755	0.011707	0.058535
22:21:55.133	0.025464	0.011575	0.057873
22:21:55.184	0.027610	0.012550	0.062751
22:21:55.236	-0.001160	-0.000527	-0.002636
22:21:55.287	0.015592	0.007087	0.035437
22:21:55.338	0.016395	0.007452	0.037261
22:21:55.389	0.021329	0.009695	0.048475
22:21:55.440	0.020292	0.009223	0.046117
22:21:55.490	0.018156	0.008253	0.041263
22:21:55.541	0.021516	0.009780	0.048900
22:21:55.592	0.019782	0.008992	0.044960
22:21:55.643	0.018352	0.008342	0.041710
22:21:55.694	0.005970	0.002714	0.013569
22:21:55.745	0.015751	0.007159	0.035797
22:21:55.796	0.001198	0.000545	0.002723
22:21:55.847	0.025764	0.011711	0.058555
22:21:55.898	0.030987	0.014085	0.070424
22:21:55.949	0.027495	0.012498	0.062489
22:21:56.000	0.027633	0.012560	0.062802
22:21:56.051	0.028285	0.012857	0.064284
22:21:56.102	0.026766	0.012166	0.060832
22:21:56.153	0.035612	0.016187	0.080937
22:21:56.204	0.034961	0.015891	0.079457
22:21:56.255	0.017448	0.007931	0.039655
22:21:56.306	0.031772	0.014442	0.072209
22:21:56.356	0.031511	0.014323	0.071615
22:21:56.407	0.032341	0.014701	0.073503
22:21:56.458	0.029747	0.013521	0.067606
22:21:56.509	0.020759	0.009436	0.047181
22:21:56.560	0.031156	0.014162	0.070810
22:21:56.611	0.030807	0.014003	0.070017
22:21:56.661	0.031316	0.014234	0.071172
22:21:56.715	-0.015298	-0.006954	-0.034768
22:21:56.766	0.021339	0.009699	0.048497
22:21:56.817	0.004770	0.002168	0.010841
22:21:56.868	0.027713	0.012597	0.062985
22:21:56.919	0.030552	0.013887	0.069436
22:21:56.970	0.032211	0.014641	0.073207
22:21:57.021	0.024591	0.011178	0.055890
22:21:57.072	0.025593	0.011633	0.058166
22:21:57.123	0.026564	0.012075	0.060374
22:21:57.174	0.035714	0.016234	0.081168
22:21:57.225	0.032579	0.014809	0.074044
22:21:57.276	0.032173	0.014624	0.073120
22:21:57.327	0.034087	0.015494	0.077471
22:21:57.378	0.032877	0.014944	0.074721
22:21:57.429	0.029694	0.013497	0.067487
22:21:57.479	0.029445	0.013384	0.066921
22:21:57.530	0.027154	0.012343	0.061713
22:21:57.581	0.036026	0.016376	0.081878
22:21:57.632	0.032335	0.014698	0.073488
22:21:57.683	0.035555	0.016162	0.080808
22:21:57.744	0.026227	0.011921	0.059607
22:21:57.795	0.007640	0.003473	0.017363
22:21:57.847	0.021617	0.009826	0.049129
22:21:57.898	0.002619	0.001190	0.005952
22:21:57.949	0.005889	0.002677	0.013385
22:21:58.000	0.025909	0.011777	0.058883
22:21:58.051	0.007338	0.003336	0.016678
22:21:58.102	0.005767	0.002621	0.013106
22:21:58.154	0.021916	0.009962	0.049809
22:21:58.205	0.022136	0.010062	0.050309
22:21:58.256	0.024783	0.011265	0.056324
22:21:58.307	0.024635	0.011198	0.055988
22:21:58.358	0.033086	0.015039	0.075196
22:21:58.409	0.035154	0.015979	0.079896
22:21:58.459	0.031364	0.014256	0.071281
22:21:58.510	0.028331	0.012878	0.064389
22:21:58.561	0.035551	0.016160	0.080798
22:21:58.612	0.035968	0.016349	0.081746
22:21:58.663	0.030943	0.014065	0.070326
22:21:58.714	0.036686	0.016675	0.083377
22:21:58.765	0.026676	0.012125	0.060627
22:21:58.815	0.031010	0.014095	0.070477
22:21:58.866	0.029830	0.013559	0.067795
22:21:58.917	0.032150	0.014613	0.073067
22:21:58.968	0.028875	0.013125	0.065626
22:21:59.019	0.031359	0.014254	0.071271
22:21:59.070	0.031382	0.014265	0.071323
22:21:59.121	0.028209	0.012822	0.064111
22:21:59.172	0.030527	0.013876	0.069379
22:21:59.223	0.033020	0.015009	0.075046
22:21:59.273	0.031998	0.014544	0.072722
22:21:59.324	0.035806	0.016275	0.081377
22:21:59.375	0.030332	0.013787	0.068936
22:21:59.426	0.032712	0.014869	0.074345
22:21:59.477	0.024903	0.011319	0.056597
22:21:59.528	0.034753	0.015797	0.078984
22:21:59.579	0.029336	0.013335	0.066673
22:21:59.630	0.035050	0.015932	0.079658
22:21:59.681	0.019757	0.008980	0.044901
22:21:59.732	0.028795	0.013088	0.065442
22:21:59.783	0.024446	0.011112	0.055559
22:21:59.834	0.031248	0.014204	0.071019
22:21:59.885	0.032165	0.014621	0.073103
22:21:59.936	0.019687	0.008949	0.044743
22:21:59.987	0.036671	0.016668	0.083342
22:22:00.038	0.027206	0.012366	0.061831
22:22:00.090	0.023270	0.010577	0.052886
22:22:00.141	0.031292	0.014224	0.071118
22:22:00.192	0.029383	0.013356	0.066780
22:22:00.242	0.031944	0.014520	0.072599
22:22:00.293	0.028743	0.013065	0.065324
22:22:00.345	0.017378	0.007899	0.039494
22:22:00.396	0.034103	0.015501	0.077506
22:22:00.446	0.036059	0.016390	0.081952
22:22:00.497	0.032491	0.014769	0.073843
22:22:00.548	0.037059	0.016845	0.084225
22:22:00.599	0.031055	0.014116	0.070579
22:22:00.650	0.032053	0.014570	0.072849
22:22:00.701	0.024825	0.011284	0.056421
22:22:00.752	0.034611	0.015732	0.078662
22:22:00.803	0.022159	0.010072	0.050362
22:22:00.854	0.013182	0.005992	0.029960
22:22:00.905	0.025505	0.011593	0.057966
22:22:00.956	0.007985	0.003630	0.018148
22:22:01.015	0.012538	0.005699	0.028496
22:22:01.066	0.021217	0.009644	0.048221
22:22:01.117	0.014950	0.006795	0.033976
22:22:01.168	0.022203	0.010092	0.050461
22:22:01.220	0.019303	0.008774	0.043870
22:22:01.271	0.019835	0.009016	0.045080
22:22:01.322	0.025621	0.011646	0.058230
22:22:01.373	0.036270	0.016486	0.082432
22:22:01.424	0.031791	0.014451	0.072253
22:22:01.475	0.032092	0.014587	0.072936
22:22:01.526	0.035084	0.015947	0.079736
22:22:01.577	0.032183	0.014629	0.073143
22:22:01.628	0.031793	0.014451	0.072257
22:22:01.679	0.032082	0.014583	0.072914
22:22:01.730	0.030611	0.013914	0.069569
22:22:01.781	0.034237	0.015562	0.077811
22:22:01.832	0.033375	0.015171	0.075853
22:22:01.883	0.031815	0.014461	0.072307
22:22:01.934	0.029287	0.013312	0.066562
22:22:01.985	0.032344	0.014702	0.073509
22:22:02.036	0.031190	0.014177	0.070886
22:22:02.087	0.031327	0.014239	0.071197
22:22:02.138	0.028370	0.012895	0.064476
22:22:02.189	0.036802	0.016728	0.083641
22:22:02.240	0.033116	0.015053	0.075263
22:22:02.291	0.031797	0.014453	0.072265
22:22:02.342	0.028835	0.013107	0.065535
22:22:02.393	0.035001	0.015910	0.079548
22:22:02.444	0.030521	0.013873	0.069367
22:22:02.495	0.031668	0.014395	0.071974
22:22:02.546	0.030416	0.013825	0.069127
22:22:02.598	0.021043	0.009565	0.047825
22:22:02.649	0.029557	0.013435	0.067174
22:22:02.700	0.031144	0.014157	0.070783
22:22:02.751	0.030562	0.013892	0.069459
22:22:02.802	0.035785	0.016266	0.081329
22:22:02.853	0.031723	0.014420	0.072098
22:22:02.904	0.031761	0.014437	0.072185
22:22:02.955	0.022332	0.010151	0.050755
22:22:03.006	0.039127	0.017785	0.088926
22:22:03.057	0.032092	0.014587	0.072937
22:22:03.107	0.031280	0.014218	0.071092
22:22:03.158	0.028697	0.013044	0.065221
22:22:03.209	0.027203	0.012365	0.061824
22:22:03.261	0.023219	0.010554	0.052771
22:22:03.312	0.015513	0.007051	0.035257
22:22:03.363	0.027363	0.012438	0.062188
22:22:03.415	0.025303	0.011502	0.057508
22:22:03.466	0.007109	0.003231	0.016156
22:22:03.517	0.007947	0.003612	0.018061
22:22:03.568	0.028778	0.013081	0.065405
22:22:03.620	0.027889	0.012677	0.063383
22:22:03.671	0.026025	0.011830	0.059148
22:22:03.722	0.029363	0.013347	0.066733
22:22:03.773	0.027764	0.012620	0.063099
22:22:03.824	0.034375	0.015625	0.078125
22:22:03.875	0.026751	0.012160	0.060798
22:22:03.927	0.030042	0.013656	0.068278
22:22:03.978	0.030361	0.013801	0.069003
22:22:04.029	0.033367	0.015167	0.075835
22:22:04.080	0.030147	0.013703	0.068515
22:22:04.131	0.029154	0.013252	0.066258
22:22:04.182	0.029296	0.013316	0.066581
22:22:04.233	0.029198	0.013272	0.066360
22:22:04.284	0.025384	0.011538	0.057691
22:22:04.336	0.028537	0.012972	0.064858
22:22:04.387	0.024296	0.011044	0.055219
22:22:04.438	0.026497	0.012044	0.060221
22:22:04.490	0.021826	0.009921	0.049604
22:22:04.541	0.028218	0.012826	0.064132
22:22:04.592	0.007293	0.003315	0.016575
22:22:04.643	0.010349	0.004704	0.023520
22:22:04.695	0.016222	0.007374	0.036869
22:22:04.746	0.034783	0.015810	0.079051
22:22:04.797	0.033454	0.015207	0.076033
22:22:04.848	0.034067	0.015485	0.077426
22:22:04.899	0.028409	0.012913	0.064565
22:22:04.950	0.032039	0.014563	0.072816
22:22:05.001	0.027331	0.012423	0.062116
22:22:05.053	0.027008	0.012276	0.061381
22:22:05.104	0.026248	0.011931	0.059655
22:22:05.155	0.024650	0.011204	0.056022
22:22:05.206	0.031140	0.014154	0.070772
22:22:05.257	0.026552	0.012069	0.060345
22:22:05.308	0.032481	0.014764	0.073819
22:22:05.358	0.037640	0.017109	0.085546
22:22:05.409	0.007744	0.003520	0.017600
22:22:05.461	0.005935	0.002698	0.013488
22:22:05.512	0.005887	0.002676	0.013379
22:22:05.563	0.025299	0.011500	0.057498
22:22:05.614	0.022696	0.010316	0.051581
22:22:05.665	0.023888	0.010858	0.054290
22:22:05.716	0.023541	0.010701	0.053503
22:22:05.767	0.034182	0.015537	0.077687
22:22:05.818	0.025160	0.011436	0.057182
22:22:05.869	0.030297	0.013771	0.068856
22:22:05.920	0.028230	0.012832	0.064158
22:22:05.971	0.025154	0.011434	0.057169
22:22:06.022	0.019178	0.008717	0.043587
22:22:06.073	0.009660	0.004391	0.021955
22:22:06.125	0.005518	0.002508	0.012542
22:22:06.176	0.013993	0.006361	0.031803
22:22:06.227	0.022897	0.010408	0.052038
22:22:06.278	0.025194	0.011452	0.057260
22:22:06.329	0.026770	0.012168	0.060841
22:22:06.380	0.021386	0.009721	0.048604
22:22:06.431	0.030708	0.013958	0.069791
22:22:06.482	0.016294	0.007406	0.037032
22:22:06.533	0.023487	0.010676	0.053381
22:22:06.584	0.016840	0.007655	0.038274
22:22:06.635	0.018335	0.008334	0.041670
22:22:06.686	0.016732	0.007605	0.038027
22:22:06.737	0.022351	0.010159	0.050797
22:22:06.788	0.018369	0.008350	0.041748
22:22:06.839	-0.001163	-0.000529	-0.002643
22:22:06.891	0.025832	0.011742	0.058708
22:22:06.942	0.026548	0.012067	0.060337
22:22:06.993	0.034228	0.015558	0.077790
22:22:07.044	0.032162	0.014619	0.073095
22:22:07.095	0.034548	0.015703	0.078517
22:22:07.146	0.019497	0.008862	0.044311
22:22:07.197	0.026677	0.012126	0.060630
22:22:07.249	0.005182	0.002356	0.011778
22:22:07.300	-0.012962	-0.005892	-0.029458
22:22:07.351	0.026598	0.012090	0.060451
22:22:07.402	0.030547	0.013885	0.069425
22:22:07.453	0.038586	0.017539	0.087695
22:22:07.504	0.030309	0.013777	0.068885
22:22:07.555	0.015970	0.007259	0.036296
22:22:07.606	0.025543	0.011610	0.058052
22:22:07.657	0.031425	0.014284	0.071421
22:22:07.708	0.030673	0.013942	0.069712
22:22:07.759	0.013360	0.006073	0.030363
22:22:07.810	0.014106	0.006412	0.032059
22:22:07.861	0.020644	0.009384	0.046919
22:22:07.912	0.029276	0.013307	0.066535
22:22:07.963	0.032385	0.014720	0.073602
22:22:08.014	0.030808	0.014004	0.070018
22:22:08.064	0.031720	0.014418	0.072091
22:22:08.115	0.035070	0.015941	0.079704
22:22:08.166	0.033086	0.015039	0.075196
22:22:08.217	0.036969	0.016804	0.084022
22:22:08.268	-0.001506	-0.000685	-0.003423
22:22:08.319	-0.011004	-0.005002	-0.025009
22:22:08.371	-0.029233	-0.013288	-0.066438
22:22:08.423	0.017980	0.008173	0.040865
22:22:08.474	-0.006502	-0.002955	-0.014777
22:22:08.525	0.004778	0.002172	0.010858
22:22:08.577	0.026469	0.012031	0.060157
22:22:08.627	0.035045	0.015929	0.079647
22:22:08.678	0.035820	0.016282	0.081408
22:22:08.729	0.034854	0.015843	0.079215
22:22:08.780	0.024384	0.011084	0.055419
22:22:08.831	0.026380	0.011991	0.059955
22:22:08.882	0.034262	0.015574	0.077868
22:22:08.933	0.029856	0.013571	0.067856
22:22:08.984	0.038566	0.017530	0.087649
22:22:09.035	0.038908	0.017685	0.088427
22:22:09.086	0.023743	0.010792	0.053961
22:22:09.137	0.025457	0.011572	0.057858
22:22:09.188	0.027658	0.012572	0.062860
22:22:09.239	0.034140	0.015518	0.077590
22:22:09.289	0.031923	0.014511	0.072553
22:22:09.340	0.032417	0.014735	0.073674
22:22:09.391	0.035984	0.016356	0.081782
22:22:09.442	0.036760	0.016709	0.083545
22:22:09.493	0.025392	0.011542	0.057709
22:22:09.544	0.032415	0.014734	0.073671
22:22:09.595	0.032004	0.014547	0.072736
22:22:09.646	0.030779	0.013990	0.069951
22:22:09.697	0.026429	0.012013	0.060066
22:22:09.748	0.034818	0.015826	0.079131
22:22:09.798	0.032995	0.014998	0.074989
22:22:09.849	0.031668	0.014394	0.071972
22:22:09.900	0.026529	0.012059	0.060294
22:22:09.951	0.023498	0.010681	0.053404
22:22:10.002	0.030436	0.013835	0.069174
22:22:10.053	0.034056	0.015480	0.077399
22:22:10.104	0.030156	0.013707	0.068535
22:22:10.155	0.027299	0.012409	0.062043
22:22:10.205	0.035332	0.016060	0.080300
22:22:10.256	0.029998	0.013635	0.068177
22:22:10.307	0.029340	0.013336	0.066682
22:22:10.358	0.035632	0.016196	0.080981
22:22:10.409	0.027557	0.012526	0.062629
22:22:10.460	0.029077	0.013217	0.066085
22:22:10.511	0.024210	0.011004	0.055022
22:22:10.562	0.021393	0.009724	0.048620
22:22:10.613	0.027350	0.012432	0.062159
22:22:10.664	0.018907	0.008594	0.042971
22:22:10.715	0.012725	0.005784	0.028920
22:22:10.766	0.022823	0.010374	0.051871
22:22:10.817	0.020398	0.009272	0.046360
22:22:10.868	0.029214	0.013279	0.066396
22:22:10.919	0.028815	0.013098	0.065489
22:22:10.970	0.027145	0.012338	0.061692
22:22:11.021	0.028155	0.012798	0.063988
22:22:11.072	0.024366	0.011075	0.055376
22:22:11.123	0.025410	0.011550	0.057751
22:22:11.174	0.026160	0.011891	0.059455
22:22:11.225	0.028685	0.013039	0.065193
22:22:11.276	0.019132	0.008696	0.043482
22:22:11.327	0.026684	0.012129	0.060645
22:22:11.378	0.026346	0.011975	0.059877
22:22:11.429	0.024029	0.010922	0.054610
22:22:11.480	0.023203	0.010547	0.052733
22:22:11.532	0.020607	0.009367	0.046834
22:22:11.583	0.022023	0.010010	0.050052
22:22:11.634	0.020656	0.009389	0.046945
22:22:11.685	0.024021	0.010919	0.054594
22:22:11.736	0.023090	0.010495	0.052477
22:22:11.787	0.028994	0.013179	0.065895
22:22:11.838	0.027326	0.012421	0.062104
22:22:11.890	0.012471	0.005669	0.028343
22:22:11.941	-0.005800	-0.002636	-0.013181
22:22:11.993	0.010007	0.004549	0.022744
22:22:12.044	-0.084909	-0.038595	-0.192976
22:22:12.096	0.015762	0.007165	0.035823
22:22:12.147	0.020910	0.009505	0.047524
22:22:12.198	0.022921	0.010418	0.052092
22:22:12.249	0.016171	0.007350	0.036752
22:22:12.300	0.019732	0.008969	0.044846
22:22:12.351	0.006379	0.002899	0.014497
22:22:12.402	0.022821	0.010373	0.051865
22:22:12.453	0.030142	0.013701	0.068505
22:22:12.504	0.031124	0.014147	0.070737
22:22:12.555	0.025548	0.011613	0.058063
22:22:12.606	0.033289	0.015132	0.075658
22:22:12.657	0.028300	0.012864	0.064319
22:22:12.708	0.027503	0.012501	0.062506
22:22:12.759	0.023366	0.010621	0.053105
22:22:12.809	0.033486	0.015221	0.076104
22:22:12.860	0.019851	0.009023	0.045116
22:22:12.911	0.025918	0.011781	0.058904
22:22:12.962	0.024185	0.010993	0.054966
22:22:13.013	0.034934	0.015879	0.079396
22:22:13.064	0.015258	0.006936	0.034678
22:22:13.115	-0.002493	-0.001133	-0.005666
22:22:13.167	0.023544	0.010702	0.053510
22:22:13.218	0.021578	0.009808	0.049041
22:22:13.269	0.004263	0.001938	0.009688
22:22:13.320	0.010534	0.004788	0.023942
22:22:13.371	0.003523	0.001601	0.008006
22:22:13.422	0.000812	0.000369	0.001846
22:22:13.473	0.018480	0.008400	0.041999
22:22:13.525	0.019915	0.009052	0.045261
22:22:13.576	0.030001	0.013637	0.068184
22:22:13.626	0.028751	0.013069	0.065344
22:22:13.677	0.024530	0.011150	0.055750
22:22:13.728	0.025498	0.011590	0.057950
22:22:13.779	0.022665	0.010302	0.051512
22:22:13.830	0.026640	0.012109	0.060546
22:22:13.881	0.024906	0.011321	0.056605
22:22:13.932	0.028407	0.012912	0.064562
22:22:13.982	0.024476	0.011126	0.055628
22:22:14.033	0.027967	0.012712	0.063561
22:22:14.084	0.024506	0.011139	0.055696
22:22:14.135	0.024052	0.010933	0.054664
22:22:14.186	0.024444	0.011111	0.055555
22:22:14.237	0.027846	0.012657	0.063285
22:22:14.288	0.026307	0.011958	0.059790
22:22:14.339	0.031271	0.014214	0.071071
22:22:14.389	0.030512	0.013869	0.069345
22:22:14.440	0.027592	0.012542	0.062710
22:22:14.491	0.018734	0.008515	0.042577
22:22:14.542	0.028701	0.013046	0.065230
22:22:14.593	0.027330	0.012423	0.062114
22:22:14.644	0.027525	0.012511	0.062556
22:22:14.695	0.024452	0.011114	0.055572
22:22:14.746	0.030679	0.013945	0.069726
22:22:14.796	0.031501	0.014319	0.071593
22:22:14.847	0.029255	0.013298	0.066489
22:22:14.898	0.026811	0.012187	0.060934
22:22:14.949	0.023700	0.010773	0.053865
22:22:15.000	0.030147	0.013703	0.068516
22:22:15.051	0.029981	0.013628	0.068138
22:22:15.102	0.026281	0.011946	0.059729
22:22:15.153	0.025452	0.011569	0.057846
22:22:15.204	0.023971	0.010896	0.054479
22:22:15.255	0.008220	0.003736	0.018682
22:22:15.306	0.024627	0.011194	0.055971
22:22:15.357	0.024242	0.011019	0.055095
22:22:15.407	0.022515	0.010234	0.051170
22:22:15.458	0.025719	0.011690	0.058452
22:22:15.509	0.030078	0.013672	0.068360
22:22:15.560	0.023478	0.010672	0.053360
22:22:15.611	0.021876	0.009944	0.049719
22:22:15.662	0.028935	0.013152	0.065761
22:22:15.713	0.017650	0.008023	0.040113
22:22:15.764	0.005439	0.002472	0.012361
22:22:15.815	0.014863	0.006756	0.033780
22:22:15.867	-0.000562	-0.000255	-0.001277
22:22:15.918	0.000728	0.000331	0.001655
22:22:15.970	0.020998	0.009545	0.047724
22:22:16.021	0.020397	0.009271	0.046356
22:22:16.072	0.021722	0.009874	0.049369
22:22:16.123	0.020182	0.009174	0.045869
22:22:16.175	0.019901	0.009046	0.045229
22:22:16.226	0.021560	0.009800	0.048999
22:22:16.277	0.020809	0.009459	0.047293
22:22:16.328	0.023440	0.010654	0.053272
22:22:16.379	0.027961	0.012709	0.063547
22:22:16.431	0.023234	0.010561	0.052804
22:22:16.482	0.029844	0.013565	0.067826
22:22:16.533	0.026419	0.012008	0.060042
22:22:16.584	0.023078	0.010490	0.052449
22:22:16.636	0.013379	0.006082	0.030408
22:22:16.687	0.020099	0.009136	0.045680
22:22:16.738	0.000727	0.000330	0.001651
22:22:16.790	0.023893	0.010860	0.054302
22:22:16.841	0.022679	0.010308	0.051542
22:22:16.892	0.022748	0.010340	0.051699
22:22:16.943	0.018715	0.008507	0.042535
22:22:16.994	0.029932	0.013605	0.068027
22:22:17.045	0.030745	0.013975	0.069876
22:22:17.096	0.026235	0.011925	0.059624
22:22:17.148	0.002893	0.001315	0.006576
22:22:17.199	0.024690	0.011223	0.056114
22:22:17.250	0.022732	0.010333	0.051663
22:22:17.301	0.028902	0.013137	0.065687
22:22:17.352	0.009099	0.004136	0.020680
22:22:17.404	0.017466	0.007939	0.039695
22:22:17.455	0.005315	0.002416	0.012080
22:22:17.506	0.015300	0.006954	0.034772
22:22:17.557	0.022840	0.010382	0.051909
22:22:17.608	0.024129	0.010968	0.054838
22:22:17.659	-0.023425	-0.010648	-0.053239
22:22:17.711	-0.005194	-0.002361	-0.011805
22:22:17.762	0.006613	0.003006	0.015030
22:22:17.813	0.013206	0.006003	0.030013
22:22:17.864	0.020531	0.009332	0.046661
22:22:17.915	0.018236	0.008289	0.041445
22:22:17.966	-0.000209	-0.000095	-0.000474
22:22:18.017	0.023531	0.010696	0.053480
22:22:18.068	0.021357	0.009708	0.048539
22:22:18.119	0.020636	0.009380	0.046901
22:22:18.170	0.012074	0.005488	0.027440
22:22:18.221	0.030631	0.013923	0.069617
22:22:18.272	0.025774	0.011716	0.058578
22:22:18.323	0.027615	0.012552	0.062760
22:22:18.374	0.029294	0.013316	0.066578
22:22:18.425	0.035114	0.015961	0.079804
22:22:18.476	0.019338	0.008790	0.043950
22:22:18.527	0.026554	0.012070	0.060351
22:22:18.578	0.025524	0.011602	0.058010
22:22:18.628	0.029427	0.013376	0.066879
22:22:18.679	0.029018	0.013190	0.065949
22:22:18.732	-0.001344	-0.000611	-0.003056
22:22:18.784	-0.014868	-0.006758	-0.033791
22:22:18.835	-0.006836	-0.003107	-0.015537
22:22:18.886	-0.002823	-0.001283	-0.006415
22:22:18.937	0.001744	0.000793	0.003963
22:22:18.988	0.021578	0.009808	0.049041
22:22:19.039	0.021496	0.009771	0.048856
22:22:19.090	0.029498	0.013408	0.067041
22:22:19.141	0.027850	0.012659	0.063295
22:22:19.192	0.035137	0.015972	0.079858
22:22:19.243	0.021746	0.009885	0.049423
22:22:19.294	0.021487	0.009767	0.048834
22:22:19.345	0.034165	0.015529	0.077647
22:22:19.396	0.034418	0.015645	0.078224
22:22:19.447	0.030428	0.013831	0.069156
22:22:19.498	0.027045	0.012293	0.061466
22:22:19.549	0.030816	0.014007	0.070037
22:22:19.599	0.023456	0.010662	0.053308
22:22:19.650	0.030032	0.013651	0.068255
22:22:19.701	0.003122	0.001419	0.007096
22:22:19.752	0.026401	0.012000	0.060002
22:22:19.803	0.024411	0.011096	0.055479
22:22:19.854	0.032906	0.014957	0.074786
22:22:19.905	0.025899	0.011772	0.058860
22:22:19.956	0.023608	0.010731	0.053653
22:22:20.007	0.031758	0.014435	0.072176
22:22:20.058	0.029210	0.013277	0.066387
22:22:20.109	0.028825	0.013102	0.065511
22:22:20.159	0.033551	0.015251	0.076253
22:22:20.210	0.034816	0.015825	0.079127
22:22:20.261	0.023282	0.010583	0.052913
22:22:20.312	0.028265	0.012848	0.064239
22:22:20.363	0.027539	0.012518	0.062589
22:22:20.414	0.028330	0.012877	0.064386
22:22:20.465	0.036037	0.016380	0.081902
22:22:20.516	0.028287	0.012858	0.064289
22:22:20.567	0.032895	0.014952	0.074762
22:22:20.617	0.032048	0.014567	0.072837
22:22:20.668	0.026567	0.012076	0.060380
22:22:20.719	0.021411	0.009732	0.048662
22:22:20.770	0.028106	0.012775	0.063877
22:22:20.821	0.025608	0.011640	0.058200
22:22:20.872	0.029513	0.013415	0.067074
22:22:20.923	0.026781	0.012173	0.060867
22:22:20.974	0.021332	0.009696	0.048481
22:22:21.025	0.028877	0.013126	0.065629
22:22:21.076	0.020486	0.009312	0.046560
22:22:21.127	0.027120	0.012327	0.061636
22:22:21.178	0.035820	0.016282	0.081410
22:22:21.229	0.030181	0.013719	0.068593
22:22:21.279	0.024475	0.011125	0.055625
22:22:21.330	0.022317	0.010144	0.050720
22:22:21.381	0.035037	0.015926	0.079630
22:22:21.432	0.030819	0.014008	0.070042
22:22:21.483	0.027397	0.012453	0.062266
22:22:21.534	0.027500	0.012500	0.062501
22:22:21.585	0.033498	0.015226	0.076132
22:22:21.635	0.030264	0.013756	0.068782
22:22:21.686	0.033601	0.015273	0.076366
22:22:21.737	0.027205	0.012366	0.061829
22:22:21.788	0.031815	0.014461	0.072307
22:22:21.839	0.030848	0.014022	0.070108
22:22:21.890	0.028650	0.013023	0.065113
22:22:21.940	0.026176	0.011898	0.059492
22:22:21.991	0.034242	0.015565	0.077823
22:22:22.042	0.029972	0.013624	0.068118
22:22:22.093	0.026015	0.011825	0.059125
22:22:22.144	0.023848	0.010840	0.054200
22:22:22.195	0.032537	0.014790	0.073948
22:22:22.246	0.025743	0.011701	0.058507
22:22:22.297	0.025074	0.011397	0.056986
22:22:22.347	0.020178	0.009172	0.045859
22:22:22.398	0.034515	0.015689	0.078443
22:22:22.449	0.030852	0.014024	0.070119
22:22:22.500	0.027818	0.012644	0.063222
22:22:22.551	0.030044	0.013656	0.068281
22:22:22.602	0.031734	0.014425	0.072123
22:22:22.652	0.027303	0.012410	0.062052
22:22:22.703	0.027781	0.012628	0.063138
22:22:22.754	0.030557	0.013889	0.069447
22:22:22.805	0.025144	0.011429	0.057145
22:22:22.856	0.026044	0.011838	0.059192
22:22:22.907	0.007685	0.003493	0.017466
22:22:22.958	0.010453	0.004751	0.023756
22:22:23.009	0.024984	0.011356	0.056782
22:22:23.060	0.024212	0.011006	0.055028
22:22:23.110	0.022902	0.010410	0.052051
22:22:23.161	0.015229	0.006922	0.034611
22:22:23.212	0.026861	0.012209	0.061047
22:22:23.263	0.015657	0.007117	0.035583
22:22:23.314	0.024778	0.011263	0.056313
22:22:23.365	-0.061176	-0.027807	-0.139037
22:22:23.416	0.025158	0.011435	0.057177
22:22:23.467	0.022923	0.010420	0.052098
22:22:23.518	0.031669	0.014395	0.071974
22:22:23.569	0.026137	0.011881	0.059403
22:22:23.620	0.035047	0.015931	0.079653
22:22:23.671	0.034198	0.015545	0.077723
22:22:23.721	0.023125	0.010511	0.052556
22:22:23.772	0.030278	0.013763	0.068814
22:22:23.823	0.036594	0.016634	0.083168
22:22:23.874	0.020538	0.009335	0.046677
22:22:23.925	0.030942	0.014065	0.070324
22:22:23.976	0.025852	0.011751	0.058754
22:22:24.027	0.031077	0.014126	0.070629
22:22:24.078	0.030860	0.014027	0.070136
22:22:24.129	0.029525	0.013421	0.067103
22:22:24.180	0.027927	0.012694	0.063471
22:22:24.231	0.035249	0.016022	0.080111
22:22:24.281	0.032563	0.014801	0.074007
22:22:24.332	0.029847	0.013567	0.067835
22:22:24.383	0.034098	0.015499	0.077496
22:22:24.434	0.024715	0.011234	0.056171
22:22:24.485	0.017189	0.007813	0.039065
22:22:24.536	0.032341	0.014701	0.073503
22:22:24.587	0.028587	0.012994	0.064971
22:22:24.638	0.037165	0.016893	0.084467
22:22:24.689	0.030462	0.013846	0.069231
22:22:24.740	0.028356	0.012889	0.064446
22:22:24.791	0.026208	0.011913	0.059564
22:22:24.842	0.030317	0.013781	0.068903
22:22:24.893	0.022383	0.010174	0.050872
22:22:24.944	0.023142	0.010519	0.052596
22:22:24.995	0.030880	0.014036	0.070182
22:22:25.045	0.031816	0.014462	0.072309
22:22:25.096	0.010035	0.004561	0.022806
22:22:25.147	0.034717	0.015781	0.078903
22:22:25.198	0.028636	0.013016	0.065081
22:22:25.249	0.032654	0.014843	0.074213
22:22:25.300	0.020884	0.009493	0.047464
22:22:25.351	0.031600	0.014363	0.071817
22:22:25.402	0.029552	0.013433	0.067164
ctrl + c:
Program end
