ID Read success  
REG_MODE2 success
REG_REFMUX success
REG_MODE0 success
07/06/2022,  Range is 5[kV/m], Resistor is 2.2[kOhm]
Timestamp 	voltage[V] 	current[mA] 	field strength[kV/m]
17:01:21.879	0.060378	0.027444	0.137222
17:01:21.937	0.059831	0.027196	0.135979
17:01:21.996	0.060899	0.027681	0.138407
17:01:22.056	0.061854	0.028115	0.140577
17:01:22.115	0.062276	0.028307	0.141536
17:01:22.175	0.062347	0.028339	0.141697
17:01:22.233	0.061450	0.027932	0.139660
17:01:22.291	0.060912	0.027687	0.138436
17:01:22.349	0.060629	0.027559	0.137793
17:01:22.406	0.061810	0.028096	0.140478
17:01:22.463	0.060914	0.027688	0.138441
17:01:22.521	0.062121	0.028237	0.141184
17:01:22.579	0.062719	0.028509	0.142543
17:01:22.636	0.060380	0.027445	0.137227
17:01:22.693	0.062613	0.028460	0.142302
17:01:22.750	0.060617	0.027553	0.137766
17:01:22.808	0.062359	0.028345	0.141724
17:01:22.865	0.061616	0.028007	0.140036
17:01:22.922	0.062051	0.028205	0.141026
17:01:22.980	0.063401	0.028819	0.144094
17:01:23.038	0.060731	0.027605	0.138026
17:01:23.097	0.062468	0.028394	0.141972
17:01:23.156	0.062259	0.028300	0.141498
17:01:23.214	0.061690	0.028041	0.140204
17:01:23.273	0.060595	0.027543	0.137717
17:01:23.332	0.060588	0.027540	0.137699
17:01:23.390	0.061132	0.027787	0.138936
17:01:23.449	0.062324	0.028329	0.141647
17:01:23.507	0.061173	0.027806	0.139029
17:01:23.565	0.060680	0.027582	0.137909
17:01:23.624	0.061789	0.028086	0.140429
17:01:23.682	0.061302	0.027865	0.139323
17:01:23.740	0.060748	0.027613	0.138064
17:01:23.799	0.060881	0.027673	0.138365
17:01:23.857	0.062993	0.028633	0.143167
17:01:23.915	0.062087	0.028221	0.141106
17:01:23.974	0.061353	0.027888	0.139439
17:01:24.032	0.061443	0.027929	0.139643
17:01:24.090	0.062407	0.028367	0.141834
17:01:24.149	0.060892	0.027678	0.138391
17:01:24.207	0.061166	0.027803	0.139014
17:01:24.266	0.061765	0.028075	0.140374
17:01:24.324	0.062874	0.028579	0.142896
17:01:24.382	0.062954	0.028615	0.143077
17:01:24.441	0.061021	0.027737	0.138684
17:01:24.500	0.061106	0.027775	0.138876
17:01:24.558	0.060856	0.027662	0.138310
17:01:24.617	0.062396	0.028362	0.141810
17:01:24.675	0.062340	0.028336	0.141681
17:01:24.733	0.062180	0.028264	0.141319
17:01:24.792	0.061636	0.028016	0.140082
17:01:24.851	0.061560	0.027982	0.139909
17:01:24.909	0.062380	0.028354	0.141772
17:01:24.968	0.061149	0.027795	0.138974
17:01:25.026	0.060835	0.027652	0.138260
17:01:25.085	0.061188	0.027813	0.139063
17:01:25.143	0.062569	0.028440	0.142202
17:01:25.202	0.062255	0.028298	0.141489
17:01:25.260	0.061106	0.027775	0.138876
17:01:25.318	0.061545	0.027975	0.139875
17:01:25.377	0.062453	0.028388	0.141939
17:01:25.436	0.062727	0.028512	0.142561
17:01:25.494	0.061317	0.027871	0.139357
17:01:25.552	0.060766	0.027621	0.138105
17:01:25.610	0.061867	0.028122	0.140608
17:01:25.668	0.060509	0.027504	0.137520
17:01:25.728	0.060762	0.027619	0.138096
17:01:25.787	0.060919	0.027691	0.138453
17:01:25.845	0.061573	0.027988	0.139938
17:01:25.904	0.062085	0.028220	0.141102
17:01:25.963	0.060905	0.027684	0.138421
17:01:26.022	0.060544	0.027520	0.137601
17:01:26.081	0.060539	0.027518	0.137588
17:01:26.140	0.060769	0.027622	0.138110
17:01:26.199	0.060936	0.027698	0.138491
17:01:26.258	0.062048	0.028203	0.141017
17:01:26.317	0.062302	0.028319	0.141595
17:01:26.376	0.061610	0.028005	0.140024
17:01:26.435	0.061306	0.027866	0.139332
17:01:26.495	0.061918	0.028145	0.140723
17:01:26.554	0.060982	0.027719	0.138596
17:01:26.613	0.061074	0.027761	0.138803
17:01:26.672	0.060625	0.027557	0.137784
17:01:26.731	0.061750	0.028068	0.140340
17:01:26.790	0.062755	0.028525	0.142625
17:01:26.849	0.062056	0.028207	0.141036
17:01:26.908	0.061303	0.027865	0.139325
17:01:26.967	0.061388	0.027904	0.139518
17:01:27.027	0.060888	0.027676	0.138382
17:01:27.086	0.061734	0.028061	0.140304
17:01:27.145	0.061545	0.027975	0.139875
17:01:27.204	0.062076	0.028217	0.141083
17:01:27.263	0.062042	0.028201	0.141006
17:01:27.322	0.061663	0.028028	0.140142
17:01:27.381	0.060666	0.027575	0.137877
17:01:27.440	0.061252	0.027842	0.139208
17:01:27.499	0.061220	0.027827	0.139136
17:01:27.558	0.060778	0.027626	0.138132
17:01:27.617	0.062171	0.028260	0.141298
17:01:27.676	0.062279	0.028309	0.141543
17:01:27.735	0.061747	0.028067	0.140335
17:01:27.794	0.060853	0.027661	0.138303
17:01:27.853	0.061007	0.027730	0.138652
17:01:27.912	0.061843	0.028110	0.140552
17:01:27.971	0.061359	0.027890	0.139452
17:01:28.030	0.062524	0.028420	0.142100
17:01:28.089	0.061764	0.028074	0.140372
17:01:28.148	0.061321	0.027873	0.139366
17:01:28.207	0.061216	0.027826	0.139128
17:01:28.266	0.062453	0.028388	0.141939
17:01:28.325	0.060981	0.027719	0.138593
17:01:28.384	0.061265	0.027848	0.139240
17:01:28.444	0.061823	0.028102	0.140508
17:01:28.503	0.061950	0.028159	0.140795
17:01:28.562	0.062259	0.028300	0.141498
17:01:28.622	0.062548	0.028431	0.142154
17:01:28.681	0.062000	0.028182	0.140908
17:01:28.740	0.061512	0.027960	0.139800
17:01:28.799	0.061881	0.028128	0.140638
17:01:28.858	0.060487	0.027494	0.137470
17:01:28.917	0.061145	0.027793	0.138967
17:01:28.976	0.060924	0.027693	0.138463
17:01:29.036	0.061179	0.027809	0.139044
17:01:29.095	0.062648	0.028476	0.142382
17:01:29.154	0.062046	0.028203	0.141014
17:01:29.213	0.061052	0.027751	0.138754
17:01:29.272	0.059875	0.027216	0.136080
17:01:29.331	0.061045	0.027748	0.138738
17:01:29.390	0.060099	0.027318	0.136589
17:01:29.449	0.060136	0.027334	0.136672
17:01:29.509	0.060446	0.027476	0.137378
17:01:29.568	0.061159	0.027800	0.138999
17:01:29.627	0.062391	0.028360	0.141798
17:01:29.686	0.062502	0.028410	0.142051
17:01:29.745	0.061347	0.027885	0.139426
17:01:29.804	0.060240	0.027382	0.136909
17:01:29.863	0.061689	0.028040	0.140202
17:01:29.923	0.059801	0.027182	0.135912
17:01:29.982	0.060866	0.027667	0.138333
17:01:30.041	0.061007	0.027730	0.138652
17:01:30.100	0.061191	0.027814	0.139070
17:01:30.159	0.062118	0.028235	0.141177
17:01:30.218	0.062125	0.028238	0.141192
17:01:30.278	0.061477	0.027944	0.139722
17:01:30.337	0.060155	0.027343	0.136715
17:01:30.396	0.060758	0.027617	0.138087
17:01:30.455	0.059653	0.027115	0.135575
17:01:30.514	0.059747	0.027158	0.135788
17:01:30.574	0.060968	0.027713	0.138563
17:01:30.633	0.061007	0.027730	0.138651
17:01:30.692	0.061393	0.027906	0.139530
17:01:30.751	0.061951	0.028159	0.140797
17:01:30.810	0.061030	0.027741	0.138704
17:01:30.869	0.060359	0.027436	0.137180
17:01:30.928	0.059670	0.027123	0.135613
17:01:30.988	0.060846	0.027657	0.138287
17:01:31.047	0.060634	0.027561	0.137805
17:01:31.106	0.060499	0.027500	0.137498
17:01:31.165	0.061234	0.027834	0.139168
17:01:31.225	0.061546	0.027975	0.139877
17:01:31.284	0.062070	0.028214	0.141068
17:01:31.343	0.061128	0.027785	0.138927
17:01:31.402	0.060635	0.027561	0.137806
17:01:31.461	0.061973	0.028170	0.140848
17:01:31.520	0.060795	0.027634	0.138171
17:01:31.579	0.061539	0.027972	0.139862
17:01:31.638	0.061489	0.027950	0.139748
17:01:31.697	0.061865	0.028120	0.140601
17:01:31.757	0.061624	0.028011	0.140056
17:01:31.816	0.061130	0.027786	0.138931
17:01:31.875	0.062010	0.028186	0.140932
17:01:31.934	0.062077	0.028217	0.141083
17:01:31.993	0.061830	0.028104	0.140522
17:01:32.052	0.061955	0.028161	0.140807
17:01:32.111	0.060975	0.027716	0.138579
17:01:32.170	0.060496	0.027498	0.137492
17:01:32.229	0.060657	0.027571	0.137856
17:01:32.288	0.059834	0.027197	0.135987
17:01:32.347	0.060737	0.027608	0.138040
17:01:32.407	0.060907	0.027685	0.138424
ctrl + c:
Program end
