16:17:09.121	0.024772	0.011468	0.057342
16:17:09.171	0.025739	0.011916	0.059581
16:17:09.222	0.024819	0.011490	0.057451
16:17:09.272	0.022749	0.010532	0.052659
16:17:09.323	0.021175	0.009803	0.049015
16:17:09.374	0.021656	0.010026	0.050129
16:17:09.425	0.023312	0.010793	0.053963
16:17:09.476	0.022256	0.010304	0.051519
16:17:09.527	0.020430	0.009459	0.047293
16:17:09.578	0.021676	0.010035	0.050177
16:17:09.629	0.021974	0.010173	0.050866
16:17:09.680	0.021335	0.009878	0.049388
16:17:09.730	0.021039	0.009740	0.048701
16:17:09.781	0.021710	0.010051	0.050254
16:17:09.832	0.020979	0.009713	0.048563
16:17:09.883	0.020726	0.009595	0.047977
16:17:09.934	0.022359	0.010351	0.051757
16:17:09.985	0.022275	0.010312	0.051562
16:17:10.035	0.021542	0.009973	0.049867
16:17:10.086	0.020275	0.009387	0.046933
16:17:10.136	0.021127	0.009781	0.048906
16:17:10.187	0.021638	0.010018	0.050088
16:17:10.238	0.021050	0.009745	0.048727
16:17:10.288	0.019770	0.009153	0.045763
16:17:10.339	0.019379	0.008972	0.044860
16:17:10.389	0.021830	0.010107	0.050533
16:17:10.440	0.021924	0.010150	0.050751
16:17:10.490	0.022856	0.010581	0.052907
16:17:10.541	0.020697	0.009582	0.047910
16:17:10.591	0.019612	0.009080	0.045398
16:17:10.642	0.022678	0.010499	0.052494
16:17:10.693	0.024238	0.011221	0.056106
16:17:10.743	0.022528	0.010430	0.052148
16:17:10.794	0.023461	0.010862	0.054309
16:17:10.844	0.022278	0.010314	0.051571
16:17:10.895	0.023961	0.011093	0.055465
16:17:10.946	0.024233	0.011219	0.056096
16:17:10.996	0.021566	0.009984	0.049922
16:17:11.047	0.021593	0.009997	0.049984
16:17:11.097	0.022558	0.010444	0.052219
16:17:11.148	0.024702	0.011436	0.057180
16:17:11.198	0.022735	0.010525	0.052626
16:17:11.249	0.020710	0.009588	0.047940
16:17:11.300	0.022733	0.010525	0.052623
16:17:11.350	0.022766	0.010540	0.052700
16:17:11.401	0.021713	0.010052	0.050262
16:17:11.451	0.020495	0.009488	0.047442
16:17:11.502	0.020662	0.009566	0.047829
16:17:11.552	0.022185	0.010271	0.051355
16:17:11.603	0.022083	0.010224	0.051118
16:17:11.654	0.022947	0.010624	0.053118
16:17:11.704	0.023188	0.010735	0.053676
16:17:11.755	0.021748	0.010069	0.050343
16:17:11.805	0.024201	0.011204	0.056021
16:17:11.856	0.023334	0.010803	0.054014
16:17:11.906	0.024471	0.011329	0.056645
16:17:11.957	0.023986	0.011105	0.055523
16:17:12.008	0.023212	0.010746	0.053731
16:17:12.058	0.022652	0.010487	0.052435
16:17:12.109	0.023086	0.010688	0.053439
16:17:12.159	0.025556	0.011832	0.059159
16:17:12.210	0.025896	0.011989	0.059943
16:17:12.260	0.025321	0.011723	0.058613
16:17:12.311	0.024931	0.011542	0.057711
16:17:12.361	0.022715	0.010516	0.052581
16:17:12.412	0.024500	0.011343	0.056714
16:17:12.462	0.024205	0.011206	0.056029
16:17:12.513	0.022981	0.010639	0.053196
16:17:12.564	0.022961	0.010630	0.053149
16:17:12.614	0.025314	0.011719	0.058597
16:17:12.665	0.026223	0.012140	0.060701
16:17:12.716	0.025525	0.011817	0.059086
16:17:12.766	0.024111	0.011163	0.055814
16:17:12.817	0.021966	0.010169	0.050847
16:17:12.867	0.022530	0.010430	0.052152
16:17:12.918	0.025358	0.011740	0.058698
16:17:12.969	0.022929	0.010615	0.053076
16:17:13.019	0.022605	0.010465	0.052326
16:17:13.070	0.022151	0.010255	0.051275
16:17:13.121	0.022602	0.010464	0.052320
16:17:13.172	0.023909	0.011069	0.055346
16:17:13.223	0.023067	0.010679	0.053396
16:17:13.274	0.022757	0.010536	0.052678
16:17:13.325	0.023065	0.010678	0.053391
16:17:13.376	0.022097	0.010230	0.051151
16:17:13.426	0.023421	0.010843	0.054214
16:17:13.477	0.024620	0.011398	0.056992
16:17:13.528	0.024162	0.011186	0.055931
16:17:13.579	0.023331	0.010801	0.054006
16:17:13.630	0.021793	0.010090	0.050448
16:17:13.681	0.023405	0.010836	0.054178
16:17:13.732	0.022900	0.010602	0.053010
16:17:13.783	0.020819	0.009638	0.048192
16:17:13.834	0.022320	0.010333	0.051667
16:17:13.885	0.023004	0.010650	0.053250
16:17:13.935	0.023097	0.010693	0.053465
16:17:13.986	0.022360	0.010352	0.051760
16:17:14.037	0.022407	0.010374	0.051868
16:17:14.088	0.022499	0.010416	0.052081
16:17:14.139	0.020933	0.009691	0.048457
16:17:14.190	0.021022	0.009733	0.048663
16:17:14.241	0.021823	0.010103	0.050517
16:17:14.292	0.020762	0.009612	0.048060
16:17:14.343	0.019475	0.009016	0.045081
16:17:14.394	0.020662	0.009566	0.047829
16:17:14.445	0.020025	0.009271	0.046355
16:17:14.496	0.017567	0.008133	0.040665
16:17:14.546	0.019694	0.009118	0.045589
16:17:14.597	0.020849	0.009652	0.048262
16:17:14.648	0.021136	0.009785	0.048926
16:17:14.699	0.021708	0.010050	0.050250
16:17:14.750	0.021646	0.010021	0.050107
16:17:14.801	0.019768	0.009152	0.045760
16:17:14.851	0.019258	0.008916	0.044578
16:17:14.902	0.019164	0.008872	0.044362
16:17:14.953	0.019810	0.009171	0.045856
16:17:15.004	0.020430	0.009459	0.047293
16:17:15.055	0.020081	0.009297	0.046484
16:17:15.105	0.019994	0.009256	0.046282
16:17:15.156	0.020771	0.009616	0.048081
16:17:15.207	0.019735	0.009137	0.045683
16:17:15.258	0.019784	0.009159	0.045796
16:17:15.308	0.018451	0.008542	0.042710
16:17:15.359	0.020595	0.009535	0.047675
16:17:15.410	0.020464	0.009474	0.047370
16:17:15.461	0.018596	0.008609	0.043046
16:17:15.512	0.016443	0.007613	0.038063
16:17:15.562	0.018043	0.008353	0.041765
16:17:15.613	0.020104	0.009308	0.046538
16:17:15.664	0.017933	0.008302	0.041511
16:17:15.715	0.018951	0.008774	0.043868
16:17:15.766	0.019021	0.008806	0.044031
16:17:15.817	0.017103	0.007918	0.039590
16:17:15.867	0.018216	0.008433	0.042166
16:17:15.918	0.019600	0.009074	0.045370
16:17:15.969	0.019907	0.009216	0.046080
16:17:16.020	0.020594	0.009534	0.047670
16:17:16.071	0.020983	0.009714	0.048571
16:17:16.122	0.020429	0.009458	0.047290
16:17:16.173	0.020237	0.009369	0.046845
16:17:16.224	0.017441	0.008074	0.040372
16:17:16.275	0.017851	0.008264	0.041321
16:17:16.325	0.018285	0.008465	0.042326
16:17:16.376	0.018269	0.008458	0.042290
16:17:16.427	0.017805	0.008243	0.041215
16:17:16.478	0.020258	0.009379	0.046894
16:17:16.529	0.020432	0.009459	0.047295
16:17:16.580	0.020465	0.009475	0.047374
16:17:16.630	0.021261	0.009843	0.049215
16:17:16.681	0.021121	0.009778	0.048891
16:17:16.732	0.018428	0.008532	0.042658
16:17:16.783	0.018513	0.008571	0.042854
16:17:16.834	0.018152	0.008404	0.042018
16:17:16.885	0.019439	0.008999	0.044997
16:17:16.936	0.019761	0.009149	0.045744
16:17:16.986	0.020215	0.009359	0.046793
16:17:17.037	0.021088	0.009763	0.048816
16:17:17.088	0.021858	0.010119	0.050597
16:17:17.139	0.018851	0.008727	0.043636
16:17:17.190	0.019925	0.009225	0.046123
16:17:17.241	0.018303	0.008474	0.042368
16:17:17.292	0.016470	0.007625	0.038126
16:17:17.342	0.016730	0.007745	0.038726
16:17:17.393	0.015466	0.007160	0.035802
16:17:17.444	0.018197	0.008425	0.042123
16:17:17.495	0.018211	0.008431	0.042155
16:17:17.546	0.018931	0.008764	0.043821
16:17:17.597	0.022044	0.010206	0.051028
16:17:17.647	0.022393	0.010367	0.051836
16:17:17.698	0.020913	0.009682	0.048409
16:17:17.749	0.018866	0.008734	0.043671
16:17:17.800	0.020061	0.009287	0.046437
16:17:17.851	0.020306	0.009401	0.047005
16:17:17.902	0.018458	0.008545	0.042727
16:17:17.952	0.017342	0.008029	0.040144
16:17:18.003	0.018224	0.008437	0.042186
16:17:18.054	0.021199	0.009814	0.049071
16:17:18.105	0.019979	0.009249	0.046247
16:17:18.156	0.020394	0.009441	0.047207
16:17:18.207	0.019780	0.009157	0.045787
16:17:18.257	0.020207	0.009355	0.046775
16:17:18.308	0.020438	0.009462	0.047310
16:17:18.359	0.018666	0.008642	0.043208
16:17:18.410	0.019966	0.009244	0.046219
16:17:18.461	0.019835	0.009183	0.045914
16:17:18.512	0.017687	0.008188	0.040942
16:17:18.562	0.020071	0.009292	0.046460
16:17:18.613	0.020538	0.009508	0.047542
16:17:18.664	0.018498	0.008564	0.042820
16:17:18.715	0.018346	0.008493	0.042467
16:17:18.766	0.018303	0.008474	0.042369
16:17:18.817	0.019273	0.008923	0.044614
16:17:18.867	0.019201	0.008890	0.044448
16:17:18.918	0.017618	0.008156	0.040782
16:17:18.969	0.017683	0.008186	0.040932
16:17:19.020	0.017533	0.008117	0.040586
16:17:19.071	0.018645	0.008632	0.043160
16:17:19.122	0.017325	0.008021	0.040104
16:17:19.172	0.018751	0.008681	0.043405
16:17:19.223	0.019546	0.009049	0.045246
16:17:19.274	0.018992	0.008793	0.043964
16:17:19.325	0.021658	0.010027	0.050135
16:17:19.376	0.019912	0.009219	0.046094
16:17:19.427	0.019842	0.009186	0.045931
16:17:19.478	0.015836	0.007331	0.036657
16:17:19.529	0.019571	0.009060	0.045302
16:17:19.580	0.018752	0.008681	0.043406
16:17:19.631	0.017721	0.008204	0.041021
16:17:19.682	0.018145	0.008400	0.042002
16:17:19.733	0.017474	0.008090	0.040450
16:17:19.784	0.016852	0.007802	0.039010
16:17:19.835	0.018209	0.008430	0.042151
16:17:19.886	0.017748	0.008217	0.041084
16:17:19.937	0.017719	0.008203	0.041017
16:17:19.988	0.016492	0.007635	0.038175
16:17:20.039	0.018299	0.008472	0.042358
16:17:20.090	0.018126	0.008392	0.041958
16:17:20.141	0.017785	0.008234	0.041168
16:17:20.192	0.018396	0.008517	0.042583
16:17:20.243	0.018827	0.008716	0.043581
16:17:20.294	0.018972	0.008783	0.043917
16:17:20.345	0.018956	0.008776	0.043880
16:17:20.396	0.019814	0.009173	0.045865
16:17:20.447	0.019057	0.008823	0.044114
16:17:20.498	0.017345	0.008030	0.040151
16:17:20.549	0.019887	0.009207	0.046035
16:17:20.600	0.018468	0.008550	0.042751
16:17:20.651	0.015973	0.007395	0.036974
16:17:20.702	0.016270	0.007532	0.037662
16:17:20.753	0.016623	0.007696	0.038480
16:17:20.804	0.017907	0.008290	0.041450
16:17:20.855	0.018162	0.008408	0.042042
16:17:20.906	0.019326	0.008947	0.044737
16:17:20.957	0.017308	0.008013	0.040064
16:17:21.008	0.016989	0.007865	0.039327
16:17:21.059	0.020081	0.009297	0.046483
16:17:21.110	0.018975	0.008785	0.043923
16:17:21.161	0.016984	0.007863	0.039314
16:17:21.212	0.016041	0.007427	0.037133
16:17:21.263	0.011556	0.005350	0.026749
16:17:21.314	0.013502	0.006251	0.031254
16:17:21.365	0.010204	0.004724	0.023619
16:17:21.416	0.012273	0.005682	0.028411
16:17:21.466	0.010556	0.004887	0.024436
16:17:21.517	0.010070	0.004662	0.023311
16:17:21.568	0.009567	0.004429	0.022146
16:17:21.618	0.009610	0.004449	0.022246
16:17:21.669	0.009677	0.004480	0.022400
16:17:21.720	0.007412	0.003432	0.017158
16:17:21.770	0.007141	0.003306	0.016530
16:17:21.821	0.013646	0.006317	0.031587
16:17:21.872	0.013006	0.006021	0.030107
16:17:21.922	0.012051	0.005579	0.027895
16:17:21.973	0.012165	0.005632	0.028160
16:17:22.024	0.012558	0.005814	0.029070
16:17:22.075	0.012470	0.005773	0.028865
16:17:22.125	0.011973	0.005543	0.027716
16:17:22.176	0.012970	0.006005	0.030024
16:17:22.227	0.013331	0.006172	0.030858
16:17:22.278	0.012499	0.005787	0.028933
16:17:22.328	0.011631	0.005385	0.026923
16:17:22.379	0.010784	0.004993	0.024964
16:17:22.430	0.010660	0.004935	0.024675
16:17:22.480	0.007457	0.003452	0.017262
16:17:22.531	0.008514	0.003942	0.019708
16:17:22.582	0.008774	0.004062	0.020311
16:17:22.633	0.009833	0.004552	0.022760
16:17:22.683	0.011085	0.005132	0.025661
16:17:22.734	0.010726	0.004966	0.024830
16:17:22.785	0.010639	0.004925	0.024627
16:17:22.836	0.011552	0.005348	0.026741
16:17:22.887	0.012118	0.005610	0.028051
16:17:22.937	0.012438	0.005759	0.028793
16:17:22.988	0.011459	0.005305	0.026526
16:17:23.039	0.013197	0.006110	0.030549
16:17:23.089	0.013156	0.006091	0.030454
16:17:23.140	0.012732	0.005894	0.029472
16:17:23.191	0.011476	0.005313	0.026566
16:17:23.242	0.010638	0.004925	0.024624
16:17:23.293	0.012117	0.005610	0.028048
16:17:23.343	0.008911	0.004126	0.020628
16:17:23.394	0.008201	0.003797	0.018984
16:17:23.445	0.007361	0.003408	0.017040
16:17:23.496	0.006598	0.003055	0.015273
16:17:23.547	0.005126	0.002373	0.011865
16:17:23.598	0.006575	0.003044	0.015220
16:17:23.649	0.006391	0.002959	0.014794
16:17:23.700	0.005498	0.002546	0.012728
16:17:23.751	0.006388	0.002957	0.014787
16:17:23.802	0.008048	0.003726	0.018629
16:17:23.853	0.006192	0.002866	0.014332
16:17:23.904	0.006475	0.002998	0.014988
16:17:23.955	0.006661	0.003084	0.015420
16:17:24.006	0.005857	0.002712	0.013558
16:17:24.057	0.005952	0.002756	0.013778
16:17:24.108	0.006287	0.002911	0.014554
16:17:24.159	0.006734	0.003117	0.015587
16:17:24.210	0.005253	0.002432	0.012160
16:17:24.261	0.006921	0.003204	0.016021
16:17:24.312	0.009671	0.004477	0.022386
16:17:24.363	0.008638	0.003999	0.019995
16:17:24.414	0.011316	0.005239	0.026195
16:17:24.465	0.011826	0.005475	0.027375
16:17:24.516	0.010007	0.004633	0.023165
16:17:24.567	0.010285	0.004762	0.023809
16:17:24.618	0.009918	0.004592	0.022959
16:17:24.669	0.010686	0.004947	0.024737
16:17:24.720	0.008002	0.003705	0.018523
16:17:24.771	0.009861	0.004565	0.022826
16:17:24.822	0.011164	0.005169	0.025843
16:17:24.873	0.009371	0.004338	0.021692
16:17:24.924	0.009210	0.004264	0.021320
16:17:24.975	0.009714	0.004497	0.022487
16:17:25.026	0.009507	0.004401	0.022007
16:17:25.077	0.010347	0.004790	0.023952
16:17:25.128	0.009695	0.004488	0.022441
16:17:25.179	0.011803	0.005465	0.027323
16:17:25.230	0.009626	0.004456	0.022282
16:17:25.281	0.010141	0.004695	0.023475
16:17:25.332	0.010113	0.004682	0.023411
16:17:25.383	0.009762	0.004519	0.022596
16:17:25.434	0.009132	0.004228	0.021138
16:17:25.485	0.010317	0.004776	0.023882
16:17:25.536	0.011624	0.005382	0.026908
16:17:25.587	0.010241	0.004741	0.023706
16:17:25.638	0.012979	0.006009	0.030045
16:17:25.689	0.013385	0.006197	0.030984
16:17:25.740	0.011648	0.005392	0.026962
16:17:25.791	0.013797	0.006388	0.031938
16:17:25.842	0.012561	0.005815	0.029077
16:17:25.893	0.012002	0.005557	0.027783
16:17:25.944	0.011565	0.005354	0.026771
16:17:25.995	0.011721	0.005427	0.027133
16:17:26.046	0.012291	0.005690	0.028451
16:17:26.097	0.011338	0.005249	0.026246
16:17:26.148	0.010979	0.005083	0.025414
16:17:26.199	0.011971	0.005542	0.027712
16:17:26.250	0.009801	0.004537	0.022687
16:17:26.301	0.013751	0.006366	0.031832
16:17:26.352	0.012534	0.005803	0.029015
16:17:26.403	0.011679	0.005407	0.027034
16:17:26.454	0.012776	0.005915	0.029575
16:17:26.505	0.013490	0.006246	0.031228
16:17:26.556	0.014221	0.006584	0.032919
16:17:26.607	0.014548	0.006735	0.033676
16:17:26.658	0.015243	0.007057	0.035285
16:17:26.709	0.013576	0.006285	0.031426
16:17:26.760	0.010832	0.005015	0.025074
16:17:26.811	0.015764	0.007298	0.036492
16:17:26.862	0.015337	0.007101	0.035503
16:17:26.913	0.012966	0.006003	0.030015
16:17:26.964	0.013634	0.006312	0.031561
16:17:27.015	0.013539	0.006268	0.031340
16:17:27.066	0.015861	0.007343	0.036716
16:17:27.116	0.015407	0.007133	0.035663
16:17:27.167	0.016868	0.007809	0.039047
16:17:27.218	0.015148	0.007013	0.035064
16:17:27.269	0.015190	0.007032	0.035161
16:17:27.320	0.018776	0.008693	0.043464
16:17:27.371	0.018598	0.008610	0.043051
16:17:27.422	0.016071	0.007440	0.037201
16:17:27.473	0.015549	0.007199	0.035993
16:17:27.524	0.015222	0.007047	0.035235
16:17:27.575	0.014761	0.006834	0.034170
16:17:27.626	0.016368	0.007578	0.037890
16:17:27.677	0.017695	0.008192	0.040960
16:17:27.728	0.014707	0.006809	0.034044
16:17:27.779	0.015905	0.007364	0.036818
16:17:27.830	0.016940	0.007843	0.039214
16:17:27.881	0.016199	0.007500	0.037498
16:17:27.932	0.015273	0.007071	0.035354
16:17:27.983	0.015964	0.007391	0.036955
16:17:28.034	0.016673	0.007719	0.038595
16:17:28.085	0.015469	0.007161	0.035807
16:17:28.136	0.017879	0.008277	0.041387
16:17:28.187	0.016992	0.007867	0.039334
16:17:28.238	0.013455	0.006229	0.031147
16:17:28.290	0.018270	0.008458	0.042291
16:17:28.340	0.016217	0.007508	0.037540
16:17:28.392	0.014494	0.006710	0.033551
16:17:28.443	0.015206	0.007040	0.035200
16:17:28.494	0.016017	0.007415	0.037076
16:17:28.545	0.014315	0.006628	0.033138
16:17:28.596	0.015635	0.007238	0.036192
16:17:28.647	0.015796	0.007313	0.036565
16:17:28.699	0.013477	0.006239	0.031196
16:17:28.750	0.017746	0.008216	0.041080
16:17:28.802	0.017269	0.007995	0.039974
16:17:28.853	0.016370	0.007579	0.037894
16:17:28.904	0.018960	0.008778	0.043888
16:17:28.955	0.015809	0.007319	0.036594
16:17:29.006	0.016217	0.007508	0.037540
16:17:29.057	0.018956	0.008776	0.043881
16:17:29.108	0.018080	0.008370	0.041852
16:17:29.159	0.016371	0.007579	0.037895
16:17:29.210	0.017967	0.008318	0.041590
16:17:29.261	0.019512	0.009033	0.045166
16:17:29.312	0.020198	0.009351	0.046755
16:17:29.363	0.021277	0.009850	0.049252
16:17:29.414	0.021078	0.009758	0.048792
16:17:29.465	0.021356	0.009887	0.049435
16:17:29.516	0.020082	0.009297	0.046487
16:17:29.567	0.022435	0.010387	0.051933
16:17:29.618	0.019504	0.009030	0.045148
16:17:29.669	0.019558	0.009055	0.045274
16:17:29.720	0.020929	0.009689	0.048446
16:17:29.771	0.021469	0.009939	0.049697
16:17:29.822	0.017725	0.008206	0.041029
16:17:29.873	0.020461	0.009473	0.047363
16:17:29.924	0.019452	0.009006	0.045029
16:17:29.975	0.018682	0.008649	0.043247
16:17:30.026	0.020557	0.009517	0.047586
16:17:30.077	0.020987	0.009716	0.048581
16:17:30.128	0.020167	0.009337	0.046684
16:17:30.179	0.018369	0.008504	0.042521
16:17:30.230	0.020359	0.009425	0.047127
16:17:30.281	0.021499	0.009953	0.049766
16:17:30.332	0.019365	0.008965	0.044827
16:17:30.383	0.020447	0.009466	0.047330
16:17:30.434	0.019201	0.008889	0.044446
16:17:30.485	0.018384	0.008511	0.042555
16:17:30.536	0.022134	0.010247	0.051237
16:17:30.587	0.020953	0.009701	0.048503
16:17:30.638	0.019580	0.009065	0.045324
16:17:30.689	0.018538	0.008582	0.042912
16:17:30.740	0.021758	0.010073	0.050366
16:17:30.791	0.024112	0.011163	0.055815
16:17:30.842	0.023623	0.010936	0.054682
16:17:30.893	0.022785	0.010549	0.052744
16:17:30.943	0.021563	0.009983	0.049915
16:17:30.994	0.020968	0.009707	0.048537
16:17:31.046	0.022853	0.010580	0.052901
16:17:31.097	0.021659	0.010027	0.050137
16:17:31.147	0.019076	0.008831	0.044157
16:17:31.198	0.017206	0.007966	0.039830
16:17:31.249	0.019096	0.008841	0.044204
16:17:31.300	0.018754	0.008682	0.043411
16:17:31.351	0.017004	0.007872	0.039360
16:17:31.402	0.019856	0.009193	0.045963
16:17:31.453	0.020349	0.009421	0.047105
16:17:31.504	0.019055	0.008822	0.044110
16:17:31.555	0.020781	0.009621	0.048105
16:17:31.606	0.019589	0.009069	0.045345
16:17:31.657	0.017975	0.008322	0.041610
16:17:31.708	0.016802	0.007779	0.038893
16:17:31.759	0.019251	0.008912	0.044562
16:17:31.810	0.016881	0.007816	0.039078
16:17:31.861	0.016918	0.007832	0.039162
16:17:31.912	0.017349	0.008032	0.040160
16:17:31.963	0.017058	0.007897	0.039485
16:17:32.014	0.016679	0.007722	0.038608
16:17:32.065	0.017460	0.008083	0.040417
16:17:32.116	0.016950	0.007847	0.039237
16:17:32.167	0.016781	0.007769	0.038844
16:17:32.218	0.018481	0.008556	0.042780
16:17:32.269	0.019385	0.008975	0.044874
16:17:32.320	0.017872	0.008274	0.041370
16:17:32.371	0.017031	0.007885	0.039423
16:17:32.422	0.020204	0.009354	0.046769
16:17:32.473	0.019620	0.009083	0.045416
16:17:32.524	0.017953	0.008312	0.041558
16:17:32.575	0.018750	0.008681	0.043403
16:17:32.626	0.019079	0.008833	0.044163
16:17:32.677	0.018603	0.008613	0.043063
16:17:32.728	0.019934	0.009229	0.046144
16:17:32.779	0.021052	0.009746	0.048732
16:17:32.830	0.019487	0.009022	0.045108
16:17:32.881	0.019643	0.009094	0.045470
16:17:32.932	0.019162	0.008871	0.044356
16:17:32.983	0.020367	0.009429	0.047146
16:17:33.034	0.018992	0.008792	0.043962
16:17:33.085	0.018497	0.008564	0.042818
16:17:33.136	0.018251	0.008450	0.042248
16:17:33.187	0.016796	0.007776	0.038880
16:17:33.238	0.018575	0.008600	0.042999
16:17:33.289	0.018769	0.008689	0.043446
16:17:33.340	0.016638	0.007703	0.038515
16:17:33.391	0.016181	0.007491	0.037457
16:17:33.441	0.018495	0.008562	0.042812
16:17:33.492	0.018639	0.008629	0.043146
16:17:33.544	0.016469	0.007625	0.038124
16:17:33.595	0.017318	0.008018	0.040088
16:17:33.646	0.018454	0.008543	0.042717
16:17:33.697	0.016194	0.007497	0.037487
16:17:33.748	0.018075	0.008368	0.041841
16:17:33.799	0.017757	0.008221	0.041104
16:17:33.850	0.016714	0.007738	0.038689
16:17:33.901	0.016175	0.007488	0.037441
16:17:33.952	0.018332	0.008487	0.042436
16:17:34.003	0.017927	0.008300	0.041499
16:17:34.054	0.016608	0.007689	0.038444
16:17:34.105	0.019345	0.008956	0.044779
16:17:34.156	0.019730	0.009134	0.045672
16:17:34.207	0.018054	0.008358	0.041791
16:17:34.258	0.018840	0.008722	0.043611
16:17:34.309	0.017113	0.007923	0.039614
16:17:34.360	0.015627	0.007235	0.036173
16:17:34.411	0.017295	0.008007	0.040034
16:17:34.462	0.018293	0.008469	0.042345
16:17:34.513	0.017805	0.008243	0.041215
16:17:34.564	0.015877	0.007350	0.036752
16:17:34.615	0.018050	0.008356	0.041781
16:17:34.666	0.016887	0.007818	0.039090
16:17:34.717	0.017744	0.008215	0.041073
16:17:34.768	0.020267	0.009383	0.046915
16:17:34.819	0.019041	0.008815	0.044076
16:17:34.870	0.017090	0.007912	0.039561
16:17:34.921	0.018255	0.008451	0.042257
16:17:34.972	0.020252	0.009376	0.046878
16:17:35.023	0.017482	0.008094	0.040468
16:17:35.074	0.017828	0.008254	0.041268
16:17:35.125	0.018864	0.008734	0.043668
16:17:35.176	0.016951	0.007847	0.039237
16:17:35.227	0.018918	0.008758	0.043791
16:17:35.279	0.019270	0.008921	0.044607
16:17:35.329	0.017024	0.007882	0.039408
16:17:35.380	0.018127	0.008392	0.041962
16:17:35.431	0.018800	0.008704	0.043520
16:17:35.482	0.019711	0.009125	0.045627
16:17:35.533	0.019534	0.009044	0.045218
16:17:35.584	0.020172	0.009339	0.046695
16:17:35.635	0.018386	0.008512	0.042560
16:17:35.686	0.018289	0.008467	0.042335
16:17:35.737	0.018454	0.008543	0.042717
16:17:35.788	0.018956	0.008776	0.043879
16:17:35.839	0.017029	0.007884	0.039420
16:17:35.890	0.017380	0.008046	0.040231
16:17:35.941	0.019108	0.008847	0.044233
16:17:35.992	0.018242	0.008445	0.042226
16:17:36.043	0.018292	0.008469	0.042343
16:17:36.094	0.016716	0.007739	0.038695
16:17:36.145	0.016987	0.007864	0.039321
16:17:36.196	0.018918	0.008758	0.043791
16:17:36.247	0.019038	0.008814	0.044069
16:17:36.298	0.017405	0.008058	0.040290
16:17:36.349	0.015794	0.007312	0.036561
16:17:36.400	0.017333	0.008025	0.040124
16:17:36.451	0.017587	0.008142	0.040711
16:17:36.502	0.016103	0.007455	0.037275
16:17:36.553	0.019344	0.008956	0.044778
16:17:36.604	0.017883	0.008279	0.041395
16:17:36.655	0.015764	0.007298	0.036491
16:17:36.705	0.016627	0.007698	0.038488
16:17:36.756	0.017048	0.007893	0.039464
16:17:36.807	0.014655	0.006785	0.033924
16:17:36.858	0.015944	0.007381	0.036907
16:17:36.909	0.016622	0.007695	0.038477
16:17:36.960	0.014820	0.006861	0.034305
16:17:37.011	0.016290	0.007541	0.037707
16:17:37.062	0.015079	0.006981	0.034906
16:17:37.113	0.018305	0.008474	0.042372
16:17:37.164	0.020412	0.009450	0.047251
16:17:37.215	0.019479	0.009018	0.045091
16:17:37.266	0.018242	0.008446	0.042228
16:17:37.317	0.016759	0.007759	0.038795
16:17:37.368	0.017067	0.007901	0.039506
16:17:37.419	0.017249	0.007986	0.039928
16:17:37.470	0.017663	0.008177	0.040887
16:17:37.521	0.019810	0.009171	0.045857
16:17:37.572	0.018456	0.008544	0.042721
16:17:37.623	0.018136	0.008396	0.041982
16:17:37.674	0.020334	0.009414	0.047070
16:17:37.725	0.020901	0.009676	0.048381
16:17:37.776	0.017583	0.008140	0.040701
16:17:37.827	0.016438	0.007610	0.038051
16:17:37.878	0.016118	0.007462	0.037311
16:17:37.929	0.014510	0.006718	0.033588
16:17:37.980	0.017491	0.008098	0.040488
16:17:38.031	0.014525	0.006724	0.033622
16:17:38.082	0.014542	0.006732	0.033661
16:17:38.133	0.016097	0.007452	0.037262
16:17:38.184	0.016792	0.007774	0.038871
16:17:38.235	0.015786	0.007308	0.036541
16:17:38.286	0.018422	0.008529	0.042644
16:17:38.337	0.018681	0.008649	0.043244
16:17:38.388	0.020430	0.009458	0.047292
16:17:38.439	0.019392	0.008978	0.044888
16:17:38.490	0.020421	0.009454	0.047270
16:17:38.541	0.017878	0.008277	0.041384
16:17:38.592	0.015682	0.007260	0.036300
16:17:38.643	0.017704	0.008197	0.040983
16:17:38.694	0.018102	0.008380	0.041902
16:17:38.745	0.014930	0.006912	0.034561
16:17:38.796	0.014968	0.006930	0.034648
16:17:38.847	0.015483	0.007168	0.035841
16:17:38.898	0.016714	0.007738	0.038691
16:17:38.949	0.017805	0.008243	0.041216
16:17:39.000	0.016798	0.007777	0.038884
16:17:39.051	0.018082	0.008371	0.041856
16:17:39.102	0.017414	0.008062	0.040309
16:17:39.153	0.019189	0.008884	0.044420
16:17:39.204	0.016798	0.007777	0.038884
16:17:39.255	0.015592	0.007219	0.036093
16:17:39.306	0.015297	0.007082	0.035410
16:17:39.357	0.013389	0.006199	0.030993
16:17:39.408	0.014980	0.006935	0.034677
16:17:39.459	0.016127	0.007466	0.037331
16:17:39.510	0.016617	0.007693	0.038465
16:17:39.561	0.014668	0.006791	0.033953
16:17:39.612	0.015791	0.007311	0.036553
16:17:39.663	0.016260	0.007528	0.037639
16:17:39.714	0.015210	0.007042	0.035208
16:17:39.765	0.015031	0.006959	0.034795
16:17:39.816	0.015147	0.007013	0.035064
16:17:39.867	0.013471	0.006236	0.031182
16:17:39.918	0.016877	0.007814	0.039068
16:17:39.969	0.016956	0.007850	0.039249
16:17:40.020	0.013847	0.006411	0.032054
16:17:40.071	0.014284	0.006613	0.033064
16:17:40.122	0.017057	0.007897	0.039484
16:17:40.173	0.016691	0.007727	0.038636
16:17:40.224	0.016495	0.007637	0.038183
16:17:40.275	0.017517	0.008110	0.040548
16:17:40.326	0.016941	0.007843	0.039215
16:17:40.377	0.015104	0.006993	0.034963
16:17:40.428	0.018263	0.008455	0.042274
16:17:40.479	0.018246	0.008447	0.042237
16:17:40.530	0.015679	0.007259	0.036295
16:17:40.581	0.017786	0.008234	0.041171
16:17:40.632	0.018955	0.008776	0.043878
16:17:40.683	0.018426	0.008530	0.042652
16:17:40.734	0.019719	0.009129	0.045645
16:17:40.785	0.018363	0.008501	0.042507
16:17:40.836	0.017966	0.008318	0.041588
16:17:40.887	0.017082	0.007909	0.039543
16:17:40.938	0.019705	0.009123	0.045613
16:17:40.989	0.017574	0.008136	0.040680
16:17:41.040	0.016045	0.007428	0.037142
16:17:41.091	0.016738	0.007749	0.038745
16:17:41.142	0.016305	0.007549	0.037743
16:17:41.193	0.017279	0.008000	0.039998
16:17:41.244	0.017609	0.008153	0.040763
16:17:41.295	0.018014	0.008340	0.041698
16:17:41.346	0.017482	0.008093	0.040467
16:17:41.397	0.018889	0.008745	0.043724
16:17:41.448	0.019921	0.009223	0.046113
16:17:41.499	0.019771	0.009153	0.045767
16:17:41.550	0.021375	0.009896	0.049479
16:17:41.601	0.022726	0.010521	0.052605
16:17:41.652	0.019800	0.009167	0.045833
16:17:41.703	0.019335	0.008951	0.044756
16:17:41.754	0.021262	0.009843	0.049217
16:17:41.805	0.019003	0.008798	0.043988
16:17:41.856	0.017840	0.008259	0.041297
16:17:41.907	0.020545	0.009512	0.047559
16:17:41.958	0.018804	0.008706	0.043528
16:17:42.009	0.018084	0.008372	0.041860
16:17:42.060	0.019177	0.008878	0.044392
16:17:42.111	0.018705	0.008660	0.043299
16:17:42.162	0.017185	0.007956	0.039779
16:17:42.212	0.018669	0.008643	0.043216
16:17:42.264	0.018657	0.008637	0.043186
16:17:42.315	0.017614	0.008155	0.040773
16:17:42.366	0.017608	0.008152	0.040760
16:17:42.417	0.018703	0.008659	0.043294
16:17:42.468	0.016063	0.007437	0.037183
16:17:42.519	0.017946	0.008309	0.041543
16:17:42.570	0.018487	0.008559	0.042794
16:17:42.621	0.015143	0.007011	0.035053
16:17:42.672	0.018625	0.008623	0.043114
16:17:42.723	0.017620	0.008157	0.040786
16:17:42.774	0.016970	0.007856	0.039281
16:17:42.825	0.018273	0.008460	0.042299
16:17:42.876	0.017717	0.008202	0.041011
16:17:42.927	0.017923	0.008298	0.041489
16:17:42.978	0.019554	0.009053	0.045263
16:17:43.029	0.019388	0.008976	0.044881
16:17:43.080	0.019040	0.008815	0.044075
16:17:43.131	0.017705	0.008197	0.040983
16:17:43.182	0.019779	0.009157	0.045785
16:17:43.233	0.019946	0.009234	0.046172
16:17:43.284	0.018944	0.008770	0.043852
16:17:43.335	0.019658	0.009101	0.045505
16:17:43.386	0.018228	0.008439	0.042196
16:17:43.437	0.019901	0.009213	0.046066
16:17:43.488	0.018656	0.008637	0.043186
16:17:43.539	0.018915	0.008757	0.043785
16:17:43.590	0.018697	0.008656	0.043280
16:17:43.641	0.018280	0.008463	0.042315
16:17:43.692	0.019341	0.008954	0.044770
16:17:43.743	0.017420	0.008065	0.040324
16:17:43.794	0.018435	0.008535	0.042674
16:17:43.845	0.019393	0.008978	0.044891
16:17:43.896	0.018759	0.008685	0.043423
16:17:43.947	0.021209	0.009819	0.049095
16:17:43.998	0.021295	0.009859	0.049294
16:17:44.049	0.019439	0.008999	0.044997
16:17:44.100	0.017644	0.008169	0.040843
16:17:44.151	0.019261	0.008917	0.044585
16:17:44.202	0.018714	0.008664	0.043321
16:17:44.253	0.018657	0.008637	0.043187
16:17:44.304	0.019167	0.008874	0.044369
16:17:44.355	0.019431	0.008996	0.044980
16:17:44.406	0.018117	0.008388	0.041938
16:17:44.457	0.019721	0.009130	0.045650
16:17:44.508	0.018781	0.008695	0.043476
16:17:44.559	0.017615	0.008155	0.040776
16:17:44.610	0.019659	0.009101	0.045506
16:17:44.661	0.020219	0.009361	0.046803
16:17:44.712	0.017283	0.008002	0.040008
16:17:44.763	0.016363	0.007576	0.037878
16:17:44.814	0.016531	0.007653	0.038266
16:17:44.865	0.016435	0.007609	0.038045
16:17:44.916	0.016441	0.007611	0.038057
16:17:44.967	0.018325	0.008484	0.042418
16:17:45.018	0.015246	0.007058	0.035292
16:17:45.069	0.014484	0.006705	0.033527
16:17:45.120	0.014633	0.006774	0.033872
16:17:45.171	0.017556	0.008128	0.040639
16:17:45.222	0.015106	0.006994	0.034969
16:17:45.273	0.016723	0.007742	0.038710
16:17:45.324	0.014637	0.006776	0.033881
16:17:45.375	0.013914	0.006442	0.032208
16:17:45.426	0.015803	0.007316	0.036582
16:17:45.476	0.016861	0.007806	0.039030
16:17:45.527	0.013789	0.006384	0.031918
16:17:45.578	0.014147	0.006549	0.032747
16:17:45.629	0.017275	0.007997	0.039987
16:17:45.680	0.018462	0.008547	0.042736
16:17:45.731	0.015286	0.007077	0.035385
16:17:45.782	0.015224	0.007048	0.035240
16:17:45.833	0.014893	0.006895	0.034474
16:17:45.884	0.015190	0.007032	0.035162
16:17:45.935	0.018045	0.008354	0.041770
16:17:45.986	0.017054	0.007896	0.039478
16:17:46.037	0.014084	0.006520	0.032602
16:17:46.088	0.011910	0.005514	0.027569
16:17:46.139	0.014380	0.006658	0.033288
16:17:46.190	0.015518	0.007184	0.035922
16:17:46.241	0.016333	0.007561	0.037807
16:17:46.292	0.015359	0.007111	0.035553
16:17:46.343	0.016812	0.007783	0.038916
16:17:46.394	0.014621	0.006769	0.033845
16:17:46.445	0.015812	0.007320	0.036601
16:17:46.496	0.015438	0.007147	0.035736
16:17:46.547	0.012383	0.005733	0.028664
16:17:46.598	0.012420	0.005750	0.028750
16:17:46.649	0.014065	0.006512	0.032558
16:17:46.700	0.013570	0.006283	0.031413
16:17:46.751	0.012990	0.006014	0.030070
16:17:46.802	0.014310	0.006625	0.033125
16:17:46.853	0.013058	0.006046	0.030228
16:17:46.904	0.012131	0.005616	0.028081
16:17:46.955	0.013500	0.006250	0.031250
16:17:47.006	0.012176	0.005637	0.028185
16:17:47.057	0.009717	0.004499	0.022493
16:17:47.108	0.010223	0.004733	0.023665
16:17:47.159	0.010072	0.004663	0.023315
16:17:47.210	0.009373	0.004339	0.021696
16:17:47.261	0.008733	0.004043	0.020215
16:17:47.312	0.012373	0.005728	0.028642
16:17:47.363	0.010661	0.004935	0.024677
16:17:47.414	0.011526	0.005336	0.026681
16:17:47.465	0.011735	0.005433	0.027165
16:17:47.516	0.011941	0.005528	0.027640
16:17:47.567	0.011574	0.005358	0.026791
16:17:47.618	0.011653	0.005395	0.026974
16:17:47.669	0.012605	0.005836	0.029179
16:17:47.720	0.012059	0.005583	0.027915
16:17:47.771	0.011551	0.005348	0.026738
16:17:47.822	0.012534	0.005803	0.029015
16:17:47.873	0.011004	0.005094	0.025472
16:17:47.924	0.012565	0.005817	0.029086
16:17:47.975	0.015205	0.007039	0.035197
16:17:48.026	0.013048	0.006041	0.030204
16:17:48.077	0.011592	0.005367	0.026833
16:17:48.128	0.013172	0.006098	0.030490
16:17:48.179	0.014884	0.006891	0.034453
16:17:48.230	0.013959	0.006462	0.032312
16:17:48.281	0.013994	0.006479	0.032393
16:17:48.332	0.013357	0.006184	0.030918
16:17:48.383	0.013473	0.006237	0.031187
16:17:48.434	0.012675	0.005868	0.029340
16:17:48.485	0.014336	0.006637	0.033184
16:17:48.536	0.013202	0.006112	0.030561
16:17:48.587	0.013488	0.006244	0.031222
16:17:48.638	0.014973	0.006932	0.034659
16:17:48.689	0.015589	0.007217	0.036085
16:17:48.740	0.012885	0.005965	0.029825
16:17:48.790	0.012995	0.006016	0.030080
16:17:48.841	0.012110	0.005607	0.028033
16:17:48.892	0.010586	0.004901	0.024505
16:17:48.943	0.012597	0.005832	0.029160
16:17:48.994	0.012401	0.005741	0.028706
16:17:49.045	0.011845	0.005484	0.027419
16:17:49.096	0.009966	0.004614	0.023070
16:17:49.147	0.013251	0.006135	0.030674
16:17:49.198	0.014230	0.006588	0.032940
16:17:49.249	0.010469	0.004847	0.024234
16:17:49.300	0.011307	0.005235	0.026174
16:17:49.351	0.011566	0.005355	0.026774
16:17:49.402	0.012326	0.005707	0.028533
16:17:49.453	0.012715	0.005887	0.029433
16:17:49.504	0.011907	0.005512	0.027562
16:17:49.555	0.010911	0.005052	0.025258
16:17:49.606	0.009785	0.004530	0.022650
16:17:49.657	0.012623	0.005844	0.029221
16:17:49.708	0.012403	0.005742	0.028712
16:17:49.759	0.012466	0.005771	0.028857
16:17:49.810	0.011786	0.005457	0.027284
16:17:49.862	0.011084	0.005131	0.025657
16:17:49.913	0.011677	0.005406	0.027030
16:17:49.964	0.011690	0.005412	0.027061
16:17:50.015	0.011819	0.005472	0.027360
16:17:50.065	0.011102	0.005140	0.025699
16:17:50.116	0.011650	0.005394	0.026968
16:17:50.167	0.012704	0.005881	0.029407
16:17:50.218	0.012966	0.006003	0.030014
16:17:50.269	0.011973	0.005543	0.027716
16:17:50.320	0.013470	0.006236	0.031181
16:17:50.371	0.013023	0.006029	0.030145
16:17:50.422	0.011524	0.005335	0.026675
16:17:50.473	0.013075	0.006053	0.030266
16:17:50.524	0.013209	0.006115	0.030576
16:17:50.575	0.013416	0.006211	0.031056
16:17:50.626	0.014023	0.006492	0.032461
16:17:50.677	0.015558	0.007203	0.036014
16:17:50.728	0.015492	0.007172	0.035860
16:17:50.779	0.014062	0.006510	0.032551
16:17:50.830	0.014488	0.006707	0.033536
16:17:50.881	0.014219	0.006583	0.032915
16:17:50.932	0.015055	0.006970	0.034850
16:17:50.983	0.016333	0.007562	0.037808
16:17:51.034	0.015497	0.007175	0.035873
16:17:51.085	0.015157	0.007017	0.035085
16:17:51.136	0.015595	0.007220	0.036099
16:17:51.187	0.016508	0.007643	0.038213
16:17:51.238	0.014382	0.006658	0.033292
16:17:51.289	0.012621	0.005843	0.029216
16:17:51.340	0.016530	0.007653	0.038265
16:17:51.391	0.015255	0.007063	0.035313
16:17:51.442	0.012999	0.006018	0.030091
16:17:51.493	0.015159	0.007018	0.035090
16:17:51.544	0.015309	0.007087	0.035436
16:17:51.595	0.015226	0.007049	0.035245
16:17:51.646	0.014190	0.006569	0.032846
16:17:51.696	0.015794	0.007312	0.036560
16:17:51.747	0.014223	0.006585	0.032924
16:17:51.798	0.012577	0.005823	0.029114
16:17:51.849	0.013221	0.006121	0.030604
16:17:51.900	0.012522	0.005797	0.028985
16:17:51.951	0.014323	0.006631	0.033154
16:17:52.002	0.015440	0.007148	0.035740
16:17:52.053	0.015177	0.007026	0.035132
16:17:52.105	0.011823	0.005474	0.027368
16:17:52.155	0.012376	0.005729	0.028647
16:17:52.206	0.010922	0.005056	0.025282
16:17:52.258	0.012192	0.005645	0.028223
16:17:52.309	0.013466	0.006234	0.031172
16:17:52.360	0.012763	0.005909	0.029544
16:17:52.411	0.011577	0.005360	0.026798
16:17:52.462	0.010127	0.004688	0.023442
16:17:52.512	0.012733	0.005895	0.029474
16:17:52.564	0.012227	0.005661	0.028303
16:17:52.615	0.013213	0.006117	0.030585
16:17:52.666	0.012536	0.005804	0.029019
16:17:52.717	0.013219	0.006120	0.030601
16:17:52.768	0.009522	0.004408	0.022041
16:17:52.819	0.011363	0.005261	0.026303
16:17:52.870	0.011663	0.005399	0.026997
16:17:52.921	0.012548	0.005809	0.029046
16:17:52.972	0.014703	0.006807	0.034035
16:17:53.023	0.014258	0.006601	0.033004
16:17:53.074	0.012083	0.005594	0.027970
16:17:53.125	0.010611	0.004913	0.024563
16:17:53.176	0.013587	0.006290	0.031452
16:17:53.227	0.011416	0.005285	0.026426
16:17:53.278	0.011732	0.005432	0.027158
16:17:53.329	0.011572	0.005357	0.026787
16:17:53.380	0.011748	0.005439	0.027194
16:17:53.431	0.010609	0.004912	0.024558
16:17:53.482	0.012449	0.005764	0.028818
16:17:53.533	0.010929	0.005060	0.025299
16:17:53.584	0.010929	0.005060	0.025300
16:17:53.635	0.012087	0.005596	0.027980
16:17:53.686	0.013246	0.006133	0.030663
16:17:53.737	0.011467	0.005309	0.026543
16:17:53.788	0.010654	0.004932	0.024661
16:17:53.838	0.012742	0.005899	0.029496
16:17:53.889	0.012886	0.005966	0.029828
16:17:53.940	0.010964	0.005076	0.025379
16:17:53.991	0.010304	0.004770	0.023851
16:17:54.042	0.011898	0.005508	0.027542
16:17:54.093	0.010931	0.005061	0.025303
16:17:54.143	0.010626	0.004919	0.024596
16:17:54.194	0.014693	0.006802	0.034011
16:17:54.245	0.013814	0.006395	0.031976
16:17:54.296	0.012926	0.005984	0.029922
16:17:54.347	0.012039	0.005574	0.027869
16:17:54.398	0.011808	0.005467	0.027334
16:17:54.449	0.012657	0.005860	0.029298
16:17:54.499	0.010150	0.004699	0.023496
16:17:54.550	0.013433	0.006219	0.031096
16:17:54.601	0.013711	0.006348	0.031738
16:17:54.652	0.012875	0.005961	0.029803
16:17:54.703	0.012682	0.005871	0.029355
16:17:54.754	0.012496	0.005785	0.028927
16:17:54.805	0.012504	0.005789	0.028944
16:17:54.856	0.010356	0.004795	0.023973
16:17:54.906	0.010124	0.004687	0.023436
16:17:54.957	0.011102	0.005140	0.025700
16:17:55.008	0.010463	0.004844	0.024220
16:17:55.059	0.010534	0.004877	0.024385
16:17:55.110	0.012356	0.005720	0.028602
16:17:55.161	0.012421	0.005750	0.028752
16:17:55.211	0.012562	0.005816	0.029079
16:17:55.262	0.011232	0.005200	0.025999
16:17:55.313	0.013662	0.006325	0.031625
16:17:55.364	0.012462	0.005770	0.028848
16:17:55.415	0.011249	0.005208	0.026040
16:17:55.466	0.012189	0.005643	0.028215
16:17:55.517	0.012036	0.005572	0.027861
16:17:55.568	0.009211	0.004264	0.021322
16:17:55.619	0.011025	0.005104	0.025522
16:17:55.670	0.011535	0.005340	0.026702
16:17:55.721	0.011477	0.005314	0.026568
16:17:55.772	0.012547	0.005809	0.029044
16:17:55.823	0.014490	0.006708	0.033542
16:17:55.874	0.012356	0.005720	0.028602
16:17:55.925	0.011870	0.005495	0.027477
16:17:55.976	0.014203	0.006576	0.032878
16:17:56.027	0.014521	0.006722	0.033612
16:17:56.078	0.013518	0.006258	0.031291
16:17:56.129	0.016311	0.007551	0.037757
16:17:56.180	0.016397	0.007591	0.037955
16:17:56.231	0.017357	0.008036	0.040178
16:17:56.282	0.016191	0.007496	0.037480
16:17:56.333	0.017398	0.008054	0.040272
16:17:56.384	0.016125	0.007465	0.037327
16:17:56.435	0.017303	0.008011	0.040053
16:17:56.486	0.017277	0.007999	0.039993
16:17:56.537	0.017101	0.007917	0.039585
16:17:56.588	0.017737	0.008212	0.041058
16:17:56.639	0.017265	0.007993	0.039964
16:17:56.690	0.017236	0.007980	0.039898
16:17:56.741	0.016670	0.007718	0.038588
16:17:56.792	0.017677	0.008184	0.040919
16:17:56.843	0.018664	0.008641	0.043203
16:17:56.894	0.017250	0.007986	0.039932
16:17:56.945	0.016372	0.007580	0.037899
16:17:56.996	0.018148	0.008402	0.042009
16:17:57.047	0.016196	0.007498	0.037491
16:17:57.098	0.016477	0.007628	0.038140
16:17:57.149	0.016088	0.007448	0.037241
16:17:57.200	0.016780	0.007769	0.038843
16:17:57.251	0.015796	0.007313	0.036564
16:17:57.302	0.017676	0.008183	0.040916
16:17:57.353	0.017058	0.007897	0.039487
16:17:57.404	0.017217	0.007971	0.039854
16:17:57.455	0.018687	0.008652	0.043258
16:17:57.506	0.018137	0.008397	0.041984
16:17:57.557	0.016768	0.007763	0.038816
16:17:57.608	0.015170	0.007023	0.035116
16:17:57.659	0.017044	0.007891	0.039453
16:17:57.710	0.016210	0.007505	0.037523
16:17:57.761	0.014391	0.006663	0.033313
16:17:57.812	0.016019	0.007416	0.037082
16:17:57.863	0.017019	0.007879	0.039397
16:17:57.914	0.015960	0.007389	0.036944
16:17:57.965	0.017395	0.008053	0.040265
16:17:58.016	0.015949	0.007384	0.036918
16:17:58.067	0.015945	0.007382	0.036909
16:17:58.119	0.016016	0.007415	0.037073
16:17:58.169	0.016375	0.007581	0.037905
16:17:58.221	0.014835	0.006868	0.034340
16:17:58.272	0.016425	0.007604	0.038020
16:17:58.323	0.019815	0.009174	0.045868
16:17:58.374	0.018776	0.008692	0.043462
16:17:58.425	0.018037	0.008350	0.041751
16:17:58.476	0.020768	0.009615	0.048073
16:17:58.527	0.017933	0.008302	0.041511
16:17:58.578	0.015035	0.006960	0.034802
16:17:58.629	0.015711	0.007273	0.036367
16:17:58.680	0.016245	0.007521	0.037604
16:17:58.731	0.016924	0.007835	0.039175
16:17:58.782	0.018411	0.008524	0.042619
16:17:58.833	0.019608	0.009078	0.045389
16:17:58.884	0.017842	0.008260	0.041301
16:17:58.935	0.017068	0.007902	0.039509
16:17:58.986	0.020169	0.009338	0.046688
16:17:59.037	0.018353	0.008497	0.042483
16:17:59.088	0.018220	0.008435	0.042177
16:17:59.139	0.016825	0.007789	0.038946
16:17:59.189	0.018354	0.008497	0.042487
16:17:59.241	0.016937	0.007841	0.039207
16:17:59.292	0.018098	0.008379	0.041894
16:17:59.343	0.016505	0.007641	0.038205
16:17:59.394	0.016351	0.007570	0.037850
16:17:59.445	0.016924	0.007835	0.039177
16:17:59.496	0.018703	0.008659	0.043295
16:17:59.547	0.016293	0.007543	0.037715
16:17:59.597	0.016127	0.007466	0.037330
16:17:59.648	0.016637	0.007702	0.038511
16:17:59.699	0.017823	0.008251	0.041257
16:17:59.750	0.016242	0.007520	0.037598
16:17:59.801	0.016097	0.007452	0.037262
16:17:59.853	0.016095	0.007451	0.037257
16:17:59.904	0.015073	0.006978	0.034891
16:17:59.955	0.017389	0.008051	0.040253
16:18:00.006	0.016569	0.007671	0.038353
16:18:00.057	0.016509	0.007643	0.038214
16:18:00.108	0.015544	0.007196	0.035981
16:18:00.159	0.017694	0.008192	0.040959
16:18:00.210	0.017692	0.008191	0.040954
16:18:00.261	0.017235	0.007979	0.039897
16:18:00.312	0.017919	0.008296	0.041479
16:18:00.363	0.017541	0.008121	0.040605
16:18:00.414	0.015394	0.007127	0.035634
16:18:00.465	0.017145	0.007937	0.039687
16:18:00.516	0.015587	0.007216	0.036081
16:18:00.567	0.014548	0.006735	0.033676
16:18:00.618	0.015525	0.007187	0.035937
16:18:00.669	0.016774	0.007766	0.038829
16:18:00.720	0.016927	0.007836	0.039182
16:18:00.770	0.015973	0.007395	0.036976
16:18:00.822	0.018614	0.008618	0.043088
16:18:00.873	0.017691	0.008190	0.040952
16:18:00.924	0.015617	0.007230	0.036150
16:18:00.975	0.016396	0.007591	0.037954
16:18:01.026	0.016967	0.007855	0.039274
16:18:01.077	0.014672	0.006793	0.033964
16:18:01.128	0.017015	0.007878	0.039388
16:18:01.179	0.017556	0.008128	0.040638
16:18:01.229	0.017062	0.007899	0.039495
16:18:01.280	0.015967	0.007392	0.036961
16:18:01.332	0.014909	0.006903	0.034513
16:18:01.383	0.014771	0.006839	0.034193
16:18:01.434	0.015716	0.007276	0.036381
16:18:01.485	0.015120	0.007000	0.035000
16:18:01.536	0.014852	0.006876	0.034379
16:18:01.587	0.013526	0.006262	0.031311
16:18:01.638	0.014248	0.006596	0.032981
16:18:01.689	0.016086	0.007447	0.037235
16:18:01.740	0.016674	0.007720	0.038598
16:18:01.791	0.017722	0.008205	0.041024
16:18:01.841	0.016908	0.007828	0.039139
16:18:01.892	0.015540	0.007194	0.035972
16:18:01.944	0.016808	0.007781	0.038907
16:18:01.995	0.017820	0.008250	0.041251
16:18:02.046	0.015328	0.007096	0.035481
16:18:02.097	0.013512	0.006256	0.031279
16:18:02.148	0.015936	0.007378	0.036888
16:18:02.199	0.017172	0.007950	0.039751
16:18:02.250	0.015251	0.007061	0.035303
16:18:02.301	0.016601	0.007686	0.038428
16:18:02.352	0.015878	0.007351	0.036755
16:18:02.403	0.014057	0.006508	0.032540
16:18:02.454	0.017073	0.007904	0.039522
16:18:02.505	0.014095	0.006526	0.032628
16:18:02.556	0.013284	0.006150	0.030749
16:18:02.607	0.015390	0.007125	0.035624
16:18:02.658	0.015025	0.006956	0.034779
16:18:02.709	0.015663	0.007251	0.036257
16:18:02.760	0.014548	0.006735	0.033676
16:18:02.811	0.015940	0.007380	0.036898
16:18:02.862	0.015307	0.007086	0.035432
16:18:02.913	0.014860	0.006880	0.034399
16:18:02.964	0.018997	0.008795	0.043975
16:18:03.015	0.017088	0.007911	0.039556
16:18:03.066	0.015450	0.007153	0.035763
16:18:03.116	0.013652	0.006320	0.031602
16:18:03.167	0.013922	0.006446	0.032228
16:18:03.217	0.013946	0.006457	0.032283
16:18:03.268	0.013637	0.006313	0.031567
16:18:03.318	0.014178	0.006564	0.032820
16:18:03.369	0.014407	0.006670	0.033350
16:18:03.420	0.015762	0.007297	0.036486
16:18:03.471	0.015132	0.007006	0.035029
16:18:03.522	0.015336	0.007100	0.035501
16:18:03.573	0.016922	0.007834	0.039171
16:18:03.624	0.014866	0.006882	0.034412
16:18:03.674	0.013842	0.006408	0.032041
16:18:03.725	0.015610	0.007227	0.036134
16:18:03.776	0.014479	0.006703	0.033516
16:18:03.827	0.014183	0.006566	0.032831
16:18:03.878	0.013018	0.006027	0.030134
16:18:03.929	0.014772	0.006839	0.034194
16:18:03.979	0.015358	0.007110	0.035550
16:18:04.030	0.013907	0.006439	0.032193
16:18:04.081	0.015181	0.007028	0.035142
16:18:04.132	0.014223	0.006585	0.032923
16:18:04.183	0.014015	0.006489	0.032443
16:18:04.234	0.015560	0.007204	0.036019
16:18:04.284	0.015452	0.007154	0.035768
16:18:04.335	0.016057	0.007434	0.037169
16:18:04.386	0.015253	0.007062	0.035308
16:18:04.437	0.012394	0.005738	0.028691
16:18:04.488	0.010412	0.004820	0.024101
16:18:04.539	0.010433	0.004830	0.024151
16:18:04.589	0.011643	0.005390	0.026951
16:18:04.640	0.013981	0.006473	0.032365
16:18:04.691	0.013711	0.006348	0.031738
16:18:04.742	0.012881	0.005964	0.029818
16:18:04.793	0.012078	0.005592	0.027958
16:18:04.844	0.012354	0.005720	0.028598
16:18:04.895	0.013239	0.006129	0.030646
16:18:04.946	0.011073	0.005126	0.025632
16:18:04.996	0.013526	0.006262	0.031310
16:18:05.047	0.013904	0.006437	0.032185
16:18:05.098	0.016442	0.007612	0.038061
16:18:05.149	0.015827	0.007327	0.036637
16:18:05.200	0.013780	0.006380	0.031899
16:18:05.251	0.014074	0.006516	0.032578
16:18:05.301	0.012464	0.005770	0.028851
16:18:05.352	0.014865	0.006882	0.034409
16:18:05.403	0.016583	0.007677	0.038386
16:18:05.454	0.016027	0.007420	0.037100
16:18:05.505	0.013465	0.006234	0.031169
16:18:05.556	0.013799	0.006388	0.031942
16:18:05.606	0.013392	0.006200	0.031001
16:18:05.657	0.013556	0.006276	0.031379
16:18:05.708	0.013180	0.006102	0.030510
16:18:05.759	0.013719	0.006352	0.031758
16:18:05.810	0.013889	0.006430	0.032151
16:18:05.861	0.013129	0.006078	0.030391
16:18:05.911	0.014227	0.006586	0.032932
16:18:05.962	0.015615	0.007229	0.036147
16:18:06.013	0.012767	0.005911	0.029553
16:18:06.064	0.011456	0.005304	0.026519
16:18:06.115	0.014191	0.006570	0.032849
16:18:06.167	0.012316	0.005702	0.028510
16:18:06.218	0.010202	0.004723	0.023615
16:18:06.268	0.013080	0.006056	0.030279
16:18:06.319	0.013717	0.006350	0.031752
16:18:06.370	0.014063	0.006511	0.032554
16:18:06.421	0.016325	0.007558	0.037789
16:18:06.472	0.014930	0.006912	0.034560
16:18:06.523	0.013847	0.006411	0.032053
16:18:06.574	0.011672	0.005404	0.027018
16:18:06.625	0.012734	0.005895	0.029477
16:18:06.676	0.013561	0.006278	0.031391
16:18:06.727	0.011041	0.005112	0.025559
16:18:06.778	0.012175	0.005636	0.028182
16:18:06.829	0.012838	0.005943	0.029717
16:18:06.880	0.013909	0.006439	0.032196
16:18:06.930	0.013931	0.006450	0.032248
16:18:06.981	0.014746	0.006827	0.034134
16:18:07.032	0.013497	0.006248	0.031242
16:18:07.083	0.010531	0.004875	0.024377
16:18:07.134	0.015052	0.006968	0.034842
16:18:07.185	0.012562	0.005816	0.029080
16:18:07.236	0.013169	0.006097	0.030484
16:18:07.287	0.014751	0.006829	0.034145
16:18:07.338	0.014173	0.006561	0.032807
16:18:07.389	0.014097	0.006526	0.032631
16:18:07.440	0.013279	0.006147	0.030737
16:18:07.491	0.015730	0.007283	0.036413
16:18:07.541	0.014142	0.006547	0.032735
16:18:07.592	0.014129	0.006541	0.032707
16:18:07.643	0.016223	0.007511	0.037553
16:18:07.694	0.015574	0.007210	0.036052
16:18:07.745	0.015450	0.007153	0.035763
16:18:07.796	0.013970	0.006467	0.032337
16:18:07.847	0.013056	0.006044	0.030222
16:18:07.897	0.014186	0.006568	0.032838
16:18:07.948	0.012136	0.005619	0.028093
16:18:07.999	0.015405	0.007132	0.035659
16:18:08.050	0.014163	0.006557	0.032785
16:18:08.101	0.011938	0.005527	0.027634
16:18:08.152	0.013740	0.006361	0.031806
16:18:08.202	0.013469	0.006235	0.031177
16:18:08.253	0.014248	0.006596	0.032981
16:18:08.304	0.013499	0.006249	0.031247
16:18:08.355	0.014188	0.006568	0.032841
16:18:08.406	0.016232	0.007515	0.037573
16:18:08.457	0.012469	0.005773	0.028863
16:18:08.507	0.012415	0.005748	0.028739
16:18:08.558	0.013201	0.006111	0.030557
16:18:08.609	0.010733	0.004969	0.024846
16:18:08.660	0.012808	0.005930	0.029649
16:18:08.711	0.011950	0.005532	0.027662
16:18:08.762	0.013422	0.006214	0.031069
16:18:08.812	0.012677	0.005869	0.029345
16:18:08.863	0.011464	0.005308	0.026538
16:18:08.914	0.012388	0.005735	0.028676
16:18:08.965	0.013181	0.006102	0.030512
16:18:09.016	0.014415	0.006674	0.033368
16:18:09.067	0.008173	0.003784	0.018919
16:18:09.118	0.011067	0.005124	0.025618
16:18:09.168	0.012523	0.005798	0.028989
16:18:09.219	0.010592	0.004904	0.024518
16:18:09.270	0.012757	0.005906	0.029530
16:18:09.321	0.009499	0.004398	0.021988
16:18:09.372	0.011607	0.005374	0.026868
16:18:09.422	0.011211	0.005190	0.025952
16:18:09.473	0.012362	0.005723	0.028617
16:18:09.524	0.013434	0.006220	0.031098
16:18:09.575	0.011034	0.005108	0.025541
16:18:09.626	0.014750	0.006829	0.034144
16:18:09.677	0.015452	0.007154	0.035769
16:18:09.728	0.015349	0.007106	0.035531
16:18:09.778	0.014272	0.006608	0.033038
16:18:09.829	0.012867	0.005957	0.029784
16:18:09.880	0.013666	0.006327	0.031634
16:18:09.931	0.013139	0.006083	0.030415
16:18:09.982	0.014483	0.006705	0.033526
16:18:10.033	0.012957	0.005999	0.029994
16:18:10.084	0.009417	0.004360	0.021798
16:18:10.135	0.010900	0.005046	0.025232
16:18:10.185	0.012334	0.005710	0.028551
16:18:10.236	0.010096	0.004674	0.023371
16:18:10.287	0.012078	0.005592	0.027959
16:18:10.338	0.014131	0.006542	0.032711
16:18:10.389	0.016315	0.007553	0.037767
16:18:10.440	0.014480	0.006704	0.033518
16:18:10.491	0.012629	0.005847	0.029233
16:18:10.541	0.012499	0.005786	0.028932
16:18:10.592	0.013673	0.006330	0.031650
16:18:10.643	0.014571	0.006746	0.033729
16:18:10.694	0.016453	0.007617	0.038086
16:18:10.745	0.015862	0.007343	0.036717
16:18:10.796	0.011549	0.005347	0.026734
16:18:10.847	0.015935	0.007377	0.036886
16:18:10.898	0.016126	0.007466	0.037330
16:18:10.949	0.016063	0.007437	0.037183
16:18:11.000	0.017193	0.007960	0.039799
16:18:11.051	0.016129	0.007467	0.037335
16:18:11.102	0.015425	0.007141	0.035705
16:18:11.153	0.015101	0.006991	0.034955
16:18:11.204	0.015309	0.007087	0.035437
16:18:11.255	0.016722	0.007742	0.038708
16:18:11.306	0.014908	0.006902	0.034509
16:18:11.357	0.016315	0.007553	0.037767
16:18:11.408	0.017330	0.008023	0.040115
16:18:11.459	0.014770	0.006838	0.034190
16:18:11.510	0.016495	0.007636	0.038182
16:18:11.561	0.012082	0.005593	0.027967
16:18:11.612	0.013580	0.006287	0.031436
16:18:11.662	0.014527	0.006725	0.033627
16:18:11.714	0.014313	0.006626	0.033132
16:18:11.765	0.012811	0.005931	0.029655
16:18:11.815	0.009932	0.004598	0.022990
16:18:11.866	0.014265	0.006604	0.033020
16:18:11.917	0.015638	0.007240	0.036199
16:18:11.969	0.013920	0.006444	0.032222
16:18:12.020	0.016653	0.007710	0.038548
16:18:12.071	0.013771	0.006375	0.031877
16:18:12.122	0.013788	0.006383	0.031916
16:18:12.172	0.014129	0.006541	0.032706
16:18:12.223	0.016594	0.007682	0.038411
16:18:12.274	0.017110	0.007921	0.039605
16:18:12.324	0.014076	0.006517	0.032584
16:18:12.375	0.015050	0.006967	0.034837
16:18:12.426	0.014746	0.006827	0.034134
16:18:12.477	0.014096	0.006526	0.032631
16:18:12.528	0.013736	0.006359	0.031796
16:18:12.578	0.016572	0.007672	0.038361
16:18:12.629	0.018212	0.008431	0.042157
16:18:12.680	0.018370	0.008505	0.042524
16:18:12.731	0.015458	0.007157	0.035783
16:18:12.782	0.016889	0.007819	0.039094
16:18:12.833	0.016772	0.007765	0.038824
16:18:12.884	0.018071	0.008366	0.041832
16:18:12.934	0.018792	0.008700	0.043500
16:18:12.985	0.015494	0.007173	0.035865
16:18:13.036	0.014453	0.006691	0.033455
16:18:13.087	0.014717	0.006813	0.034067
16:18:13.138	0.017118	0.007925	0.039625
16:18:13.188	0.016157	0.007480	0.037401
16:18:13.239	0.014856	0.006878	0.034389
16:18:13.290	0.012094	0.005599	0.027994
16:18:13.341	0.012290	0.005690	0.028448
16:18:13.392	0.012452	0.005765	0.028823
16:18:13.443	0.013264	0.006141	0.030703
16:18:13.494	0.014929	0.006912	0.034558
16:18:13.545	0.015968	0.007393	0.036964
16:18:13.595	0.016449	0.007615	0.038077
16:18:13.646	0.017722	0.008205	0.041023
16:18:13.697	0.018910	0.008754	0.043772
16:18:13.748	0.017482	0.008093	0.040467
16:18:13.799	0.014664	0.006789	0.033945
16:18:13.850	0.018573	0.008598	0.042992
16:18:13.900	0.017733	0.008209	0.041047
16:18:13.951	0.017533	0.008117	0.040585
16:18:14.002	0.019208	0.008893	0.044463
16:18:14.053	0.017308	0.008013	0.040065
16:18:14.104	0.017803	0.008242	0.041209
16:18:14.155	0.016542	0.007658	0.038292
16:18:14.205	0.016680	0.007722	0.038612
16:18:14.256	0.016715	0.007738	0.038692
16:18:14.307	0.015053	0.006969	0.034844
16:18:14.358	0.017606	0.008151	0.040754
16:18:14.409	0.018362	0.008501	0.042504
16:18:14.460	0.015402	0.007130	0.035652
16:18:14.510	0.011819	0.005472	0.027360
16:18:14.561	0.011138	0.005157	0.025783
16:18:14.612	0.012904	0.005974	0.029869
16:18:14.663	0.013945	0.006456	0.032281
16:18:14.714	0.013375	0.006192	0.030961
16:18:14.765	0.011838	0.005480	0.027402
16:18:14.815	0.010825	0.005011	0.025057
16:18:14.866	0.012651	0.005857	0.029286
16:18:14.917	0.014200	0.006574	0.032871
16:18:14.968	0.015514	0.007182	0.035912
16:18:15.019	0.014269	0.006606	0.033030
16:18:15.070	0.011920	0.005519	0.027593
16:18:15.120	0.015537	0.007193	0.035965
16:18:15.172	0.017807	0.008244	0.041220
16:18:15.223	0.016852	0.007802	0.039008
16:18:15.274	0.018314	0.008479	0.042394
16:18:15.325	0.020569	0.009523	0.047613
16:18:15.375	0.020523	0.009502	0.047508
16:18:15.426	0.019203	0.008890	0.044451
16:18:15.477	0.021543	0.009973	0.049867
16:18:15.528	0.018268	0.008457	0.042287
16:18:15.579	0.018712	0.008663	0.043315
16:18:15.630	0.018621	0.008621	0.043105
16:18:15.681	0.018406	0.008521	0.042606
16:18:15.731	0.017960	0.008315	0.041573
16:18:15.782	0.018218	0.008434	0.042170
16:18:15.833	0.019500	0.009028	0.045140
16:18:15.884	0.018356	0.008498	0.042490
16:18:15.935	0.017097	0.007915	0.039576
16:18:15.986	0.020301	0.009399	0.046994
16:18:16.037	0.020008	0.009263	0.046314
16:18:16.088	0.018318	0.008480	0.042402
16:18:16.139	0.018319	0.008481	0.042406
16:18:16.190	0.018259	0.008453	0.042266
16:18:16.241	0.018559	0.008592	0.042960
16:18:16.292	0.016992	0.007867	0.039333
16:18:16.343	0.020544	0.009511	0.047556
16:18:16.393	0.020918	0.009684	0.048421
16:18:16.445	0.019241	0.008908	0.044539
16:18:16.496	0.018173	0.008413	0.042067
16:18:16.547	0.019539	0.009046	0.045230
16:18:16.597	0.018995	0.008794	0.043970
16:18:16.648	0.019104	0.008845	0.044223
16:18:16.699	0.020048	0.009281	0.046407
16:18:16.750	0.018085	0.008373	0.041863
16:18:16.801	0.020222	0.009362	0.046810
16:18:16.852	0.021434	0.009923	0.049615
16:18:16.902	0.021219	0.009824	0.049118
16:18:16.953	0.020800	0.009629	0.048147
16:18:17.004	0.019571	0.009061	0.045303
16:18:17.055	0.022112	0.010237	0.051185
16:18:17.106	0.021758	0.010073	0.050366
16:18:17.157	0.020907	0.009679	0.048395
16:18:17.208	0.021244	0.009835	0.049176
16:18:17.258	0.018122	0.008390	0.041948
16:18:17.309	0.019475	0.009016	0.045080
16:18:17.360	0.018849	0.008726	0.043632
16:18:17.411	0.020465	0.009474	0.047372
16:18:17.462	0.020870	0.009662	0.048310
16:18:17.512	0.017935	0.008303	0.041517
16:18:17.563	0.020723	0.009594	0.047969
16:18:17.614	0.021147	0.009790	0.048951
16:18:17.665	0.019620	0.009083	0.045416
16:18:17.716	0.018355	0.008498	0.042488
16:18:17.767	0.017605	0.008150	0.040752
16:18:17.817	0.018893	0.008747	0.043735
16:18:17.868	0.018163	0.008409	0.042044
16:18:17.919	0.016990	0.007866	0.039330
16:18:17.970	0.019907	0.009216	0.046082
16:18:18.021	0.018354	0.008497	0.042485
16:18:18.072	0.017195	0.007961	0.039803
16:18:18.122	0.020388	0.009439	0.047194
16:18:18.173	0.021005	0.009725	0.048624
16:18:18.224	0.020555	0.009516	0.047580
16:18:18.275	0.020038	0.009277	0.046385
16:18:18.326	0.020757	0.009610	0.048049
16:18:18.377	0.021526	0.009966	0.049829
16:18:18.427	0.020296	0.009396	0.046982
16:18:18.478	0.020478	0.009480	0.047402
16:18:18.529	0.019547	0.009049	0.045247
16:18:18.580	0.019796	0.009165	0.045824
16:18:18.631	0.020259	0.009379	0.046896
16:18:18.682	0.022033	0.010201	0.051003
16:18:18.732	0.022562	0.010446	0.052228
16:18:18.783	0.020964	0.009705	0.048527
16:18:18.834	0.020404	0.009446	0.047232
16:18:18.885	0.020348	0.009420	0.047102
16:18:18.936	0.021316	0.009869	0.049343
16:18:18.987	0.019826	0.009179	0.045893
16:18:19.038	0.020246	0.009373	0.046865
16:18:19.088	0.018757	0.008684	0.043419
16:18:19.139	0.018159	0.008407	0.042036
16:18:19.190	0.019178	0.008879	0.044393
16:18:19.241	0.019738	0.009138	0.045690
16:18:19.292	0.019465	0.009011	0.045057
16:18:19.342	0.018637	0.008628	0.043142
16:18:19.393	0.018444	0.008539	0.042694
16:18:19.444	0.020509	0.009495	0.047475
16:18:19.495	0.018081	0.008371	0.041855
16:18:19.546	0.018202	0.008427	0.042135
16:18:19.597	0.019246	0.008910	0.044551
16:18:19.648	0.017681	0.008186	0.040929
16:18:19.698	0.018164	0.008409	0.042046
16:18:19.749	0.015969	0.007393	0.036966
16:18:19.800	0.018317	0.008480	0.042402
16:18:19.851	0.017976	0.008322	0.041610
16:18:19.902	0.017163	0.007946	0.039728
16:18:19.953	0.020514	0.009497	0.047485
16:18:20.004	0.017363	0.008039	0.040193
16:18:20.055	0.017684	0.008187	0.040936
16:18:20.106	0.017597	0.008147	0.040734
16:18:20.157	0.019657	0.009100	0.045502
16:18:20.208	0.017112	0.007922	0.039612
16:18:20.259	0.017959	0.008315	0.041573
16:18:20.310	0.017559	0.008129	0.040645
16:18:20.361	0.016276	0.007535	0.037677
16:18:20.412	0.016494	0.007636	0.038180
16:18:20.463	0.019756	0.009146	0.045732
16:18:20.514	0.018553	0.008589	0.042947
16:18:20.565	0.018649	0.008634	0.043169
16:18:20.616	0.018092	0.008376	0.041880
16:18:20.667	0.019565	0.009058	0.045290
16:18:20.718	0.019392	0.008978	0.044889
16:18:20.769	0.019187	0.008883	0.044415
16:18:20.820	0.018738	0.008675	0.043374
16:18:20.871	0.018215	0.008433	0.042164
16:18:20.922	0.016879	0.007814	0.039072
16:18:20.973	0.019826	0.009178	0.045892
16:18:21.024	0.018201	0.008426	0.042132
16:18:21.075	0.017840	0.008259	0.041295
16:18:21.125	0.020216	0.009359	0.046796
16:18:21.177	0.019409	0.008986	0.044928
16:18:21.228	0.018762	0.008686	0.043431
16:18:21.279	0.019079	0.008833	0.044165
16:18:21.330	0.019800	0.009167	0.045834
16:18:21.381	0.019160	0.008871	0.044353
16:18:21.432	0.020951	0.009699	0.048497
16:18:21.482	0.021597	0.009999	0.049994
16:18:21.533	0.020562	0.009520	0.047598
16:18:21.584	0.019665	0.009104	0.045520
16:18:21.635	0.020218	0.009360	0.046801
16:18:21.686	0.019528	0.009041	0.045203
16:18:21.737	0.020633	0.009552	0.047761
16:18:21.788	0.020762	0.009612	0.048059
16:18:21.838	0.019677	0.009110	0.045548
16:18:21.889	0.018969	0.008782	0.043910
16:18:21.940	0.017867	0.008272	0.041359
16:18:21.991	0.021336	0.009878	0.049388
16:18:22.042	0.019834	0.009183	0.045913
16:18:22.093	0.018413	0.008525	0.042623
16:18:22.143	0.018929	0.008764	0.043818
16:18:22.194	0.019786	0.009160	0.045801
16:18:22.245	0.019351	0.008959	0.044793
16:18:22.296	0.018660	0.008639	0.043196
16:18:22.347	0.018974	0.008784	0.043922
16:18:22.398	0.018227	0.008438	0.042192
16:18:22.448	0.016501	0.007639	0.038197
16:18:22.499	0.018038	0.008351	0.041754
16:18:22.550	0.018290	0.008467	0.042337
16:18:22.601	0.019177	0.008878	0.044391
16:18:22.652	0.018500	0.008565	0.042823
16:18:22.703	0.019710	0.009125	0.045625
16:18:22.753	0.020535	0.009507	0.047534
16:18:22.804	0.016752	0.007756	0.038778
16:18:22.855	0.016298	0.007545	0.037727
16:18:22.905	0.017450	0.008079	0.040393
16:18:22.956	0.019289	0.008930	0.044650
16:18:23.007	0.019101	0.008843	0.044215
16:18:23.057	0.017425	0.008067	0.040335
16:18:23.108	0.019850	0.009190	0.045949
16:18:23.158	0.018787	0.008698	0.043489
16:18:23.209	0.018382	0.008510	0.042552
16:18:23.260	0.017399	0.008055	0.040277
16:18:23.311	0.017050	0.007894	0.039468
16:18:23.362	0.019052	0.008821	0.044103
16:18:23.412	0.016963	0.007853	0.039267
16:18:23.463	0.018788	0.008698	0.043491
16:18:23.514	0.019190	0.008884	0.044421
16:18:23.565	0.016825	0.007789	0.038947
16:18:23.616	0.018184	0.008418	0.042092
