11:42:44.924	0.127983	0.059251	0.296257
11:42:44.975	0.161643	0.074835	0.374173
11:42:45.026	0.191773	0.088784	0.443920
11:42:45.077	0.217990	0.100921	0.504606
11:42:45.127	0.231998	0.107407	0.537033
11:42:45.179	0.247505	0.114586	0.572929
11:42:45.230	0.263414	0.121951	0.609755
11:42:45.280	0.276369	0.127948	0.639742
11:42:45.332	0.290304	0.134400	0.671999
11:42:45.383	0.300280	0.139019	0.695093
11:42:45.434	0.309200	0.143148	0.715740
11:42:45.485	0.316759	0.146648	0.733238
11:42:45.536	0.320757	0.148499	0.742494
11:42:45.586	0.329187	0.152401	0.762007
11:42:45.637	0.337527	0.156263	0.781313
11:42:45.688	0.347054	0.160673	0.803367
11:42:45.740	0.362690	0.167912	0.839560
11:42:45.791	0.375568	0.173874	0.869371
11:42:45.842	0.391045	0.181039	0.905197
11:42:45.893	0.404608	0.187318	0.936592
11:42:45.944	0.405960	0.187944	0.939722
11:42:45.995	0.406975	0.188414	0.942072
11:42:46.047	0.403810	0.186949	0.934745
11:42:46.098	0.400314	0.185331	0.926653
11:42:46.149	0.397580	0.184065	0.920325
11:42:46.200	0.392636	0.181776	0.908880
11:42:46.251	0.387981	0.179621	0.898105
11:42:46.302	0.385372	0.178413	0.892066
11:42:46.353	0.381208	0.176485	0.882425
11:42:46.404	0.379355	0.175628	0.878138
11:42:46.455	0.375193	0.173700	0.868502
11:42:46.507	0.373398	0.172869	0.864346
11:42:46.558	0.367179	0.169990	0.849951
11:42:46.609	0.365394	0.169164	0.845819
11:42:46.660	0.366645	0.169743	0.848715
11:42:46.711	0.366923	0.169872	0.849358
11:42:46.762	0.372468	0.172439	0.862195
11:42:46.813	0.375844	0.174002	0.870010
11:42:46.864	0.376911	0.174496	0.872478
11:42:46.916	0.379633	0.175756	0.878779
11:42:46.967	0.371612	0.172043	0.860214
11:42:47.018	0.367579	0.170176	0.850878
11:42:47.069	0.362454	0.167803	0.839014
11:42:47.120	0.357510	0.165514	0.827569
11:42:47.171	0.361155	0.167201	0.836007
11:42:47.223	0.360621	0.166954	0.834770
11:42:47.274	0.364731	0.168857	0.844286
11:42:47.325	0.366805	0.169817	0.849085
11:42:47.376	0.365787	0.169346	0.846730
11:42:47.427	0.368258	0.170490	0.852450
11:42:47.478	0.366248	0.169559	0.847796
11:42:47.529	0.365776	0.169341	0.846704
11:42:47.580	0.360214	0.166766	0.833829
11:42:47.631	0.359371	0.166375	0.831876
11:42:47.683	0.357454	0.165488	0.827441
11:42:47.734	0.356720	0.165148	0.825740
11:42:47.785	0.358683	0.166057	0.830284
11:42:47.836	0.360359	0.166833	0.834165
11:42:47.887	0.357315	0.165424	0.827118
11:42:47.938	0.351622	0.162788	0.813940
11:42:47.989	0.336751	0.155903	0.779515
11:42:48.040	0.315903	0.146251	0.731257
11:42:48.091	0.304479	0.140963	0.704813
11:42:48.142	0.289141	0.133862	0.669308
11:42:48.193	0.275674	0.127627	0.638135
11:42:48.243	0.266056	0.123174	0.615871
11:42:48.294	0.254960	0.118037	0.590185
11:42:48.345	0.251879	0.116611	0.583054
11:42:48.395	0.256183	0.118603	0.593016
11:42:48.446	0.256538	0.118768	0.593838
11:42:48.496	0.260316	0.120517	0.602583
11:42:48.547	0.266813	0.123525	0.617623
11:42:48.597	0.273267	0.126513	0.632563
11:42:48.648	0.276694	0.128099	0.640496
11:42:48.698	0.278720	0.129037	0.645184
11:42:48.749	0.281734	0.130432	0.652161
11:42:48.800	0.278152	0.128774	0.643871
11:42:48.850	0.279234	0.129275	0.646376
11:42:48.901	0.280917	0.130054	0.650271
11:42:48.951	0.278909	0.129125	0.645623
11:42:49.002	0.278463	0.128918	0.644591
11:42:49.053	0.280721	0.129963	0.649816
11:42:49.103	0.285105	0.131993	0.659965
11:42:49.154	0.285309	0.132087	0.660437
11:42:49.205	0.290644	0.134558	0.672788
11:42:49.256	0.293120	0.135704	0.678519
11:42:49.307	0.292588	0.135458	0.677288
11:42:49.358	0.294683	0.136427	0.682137
11:42:49.408	0.296344	0.137196	0.685981
11:42:49.459	0.301759	0.139703	0.698517
11:42:49.510	0.305320	0.141352	0.706759
11:42:49.561	0.307488	0.142356	0.711778
11:42:49.612	0.311250	0.144097	0.720485
11:42:49.663	0.315095	0.145877	0.729386
11:42:49.713	0.316536	0.146544	0.732721
11:42:49.764	0.319067	0.147716	0.738582
11:42:49.815	0.321266	0.148734	0.743672
11:42:49.866	0.320292	0.148283	0.741417
11:42:49.917	0.320516	0.148387	0.741935
11:42:49.968	0.321049	0.148634	0.743169
11:42:50.018	0.318021	0.147232	0.736160
11:42:50.069	0.316443	0.146502	0.732508
11:42:50.120	0.317993	0.147219	0.736095
11:42:50.171	0.317290	0.146894	0.734468
11:42:50.222	0.319099	0.147731	0.738656
11:42:50.273	0.319489	0.147911	0.739557
11:42:50.324	0.318748	0.147568	0.737842
11:42:50.375	0.319712	0.148015	0.740075
11:42:50.425	0.318159	0.147296	0.736479
11:42:50.476	0.311756	0.144332	0.721658
11:42:50.527	0.313372	0.145080	0.725398
11:42:50.578	0.316875	0.146702	0.733508
11:42:50.629	0.316840	0.146685	0.733426
11:42:50.680	0.318149	0.147291	0.736456
11:42:50.730	0.317996	0.147220	0.736102
11:42:50.781	0.315970	0.146282	0.731412
11:42:50.832	0.316208	0.146393	0.731963
11:42:50.883	0.314207	0.145466	0.727330
11:42:50.934	0.314328	0.145522	0.727612
11:42:50.985	0.315061	0.145862	0.729309
11:42:51.036	0.312666	0.144753	0.723763
11:42:51.086	0.312449	0.144652	0.723261
11:42:51.137	0.315328	0.145985	0.729926
11:42:51.188	0.314365	0.145539	0.727696
11:42:51.239	0.313750	0.145254	0.726272
11:42:51.290	0.314688	0.145689	0.728445
11:42:51.341	0.312873	0.144849	0.724244
11:42:51.392	0.312057	0.144471	0.722353
11:42:51.442	0.313155	0.144979	0.724896
11:42:51.493	0.310198	0.143610	0.718052
11:42:51.544	0.310429	0.143717	0.718585
11:42:51.595	0.312747	0.144790	0.723952
11:42:51.646	0.310817	0.143897	0.719485
11:42:51.697	0.313048	0.144930	0.724649
11:42:51.747	0.314496	0.145600	0.727999
11:42:51.798	0.311662	0.144288	0.721440
11:42:51.849	0.313363	0.145075	0.725377
11:42:51.900	0.316245	0.146410	0.732048
11:42:51.951	0.315272	0.145959	0.729796
11:42:52.002	0.317424	0.146956	0.734779
11:42:52.052	0.317678	0.147073	0.735367
11:42:52.103	0.314058	0.145397	0.726986
11:42:52.154	0.314914	0.145793	0.728967
11:42:52.205	0.314320	0.145518	0.727592
11:42:52.256	0.310355	0.143683	0.718415
11:42:52.307	0.312916	0.144869	0.724344
11:42:52.357	0.313296	0.145044	0.725222
11:42:52.408	0.310899	0.143935	0.719674
11:42:52.459	0.311486	0.144207	0.721033
11:42:52.510	0.310856	0.143915	0.719575
11:42:52.561	0.311933	0.144414	0.722068
11:42:52.612	0.310841	0.143908	0.719539
11:42:52.662	0.309285	0.143187	0.715937
11:42:52.713	0.309568	0.143318	0.716592
11:42:52.764	0.310237	0.143628	0.718141
11:42:52.815	0.307828	0.142513	0.712564
11:42:52.866	0.310302	0.143658	0.718291
11:42:52.917	0.311697	0.144304	0.721520
11:42:52.967	0.309836	0.143442	0.717212
11:42:53.018	0.310189	0.143606	0.718030
11:42:53.069	0.310777	0.143878	0.719391
11:42:53.120	0.307761	0.142482	0.712410
11:42:53.171	0.307012	0.142135	0.710676
11:42:53.222	0.307517	0.142369	0.711846
11:42:53.273	0.306871	0.142070	0.710351
11:42:53.324	0.305374	0.141377	0.706884
11:42:53.374	0.306760	0.142019	0.710093
11:42:53.425	0.305952	0.141645	0.708223
11:42:53.476	0.306487	0.141892	0.709460
11:42:53.527	0.305623	0.141492	0.707461
11:42:53.578	0.302757	0.140165	0.700827
11:42:53.629	0.303617	0.140564	0.702818
11:42:53.679	0.304656	0.141044	0.705222
11:42:53.730	0.300990	0.139347	0.696735
11:42:53.781	0.301718	0.139684	0.698422
11:42:53.832	0.299950	0.138866	0.694328
11:42:53.883	0.299799	0.138796	0.693980
11:42:53.934	0.300248	0.139004	0.695018
11:42:53.985	0.298785	0.138326	0.691632
11:42:54.035	0.298358	0.138129	0.690643
11:42:54.086	0.300472	0.139108	0.695538
11:42:54.137	0.298630	0.138255	0.691274
11:42:54.188	0.297401	0.137686	0.688428
11:42:54.239	0.300667	0.139198	0.695989
11:42:54.290	0.299299	0.138564	0.692822
11:42:54.340	0.297945	0.137937	0.689686
11:42:54.391	0.301812	0.139728	0.698638
11:42:54.442	0.297763	0.137853	0.689266
11:42:54.493	0.297916	0.137924	0.689622
11:42:54.544	0.299179	0.138509	0.692543
11:42:54.595	0.297647	0.137800	0.688999
11:42:54.646	0.298615	0.138248	0.691239
11:42:54.696	0.298657	0.138267	0.691336
11:42:54.747	0.295294	0.136710	0.683551
11:42:54.798	0.294479	0.136333	0.681663
11:42:54.849	0.294547	0.136364	0.681821
11:42:54.900	0.292722	0.135519	0.677597
11:42:54.951	0.294298	0.136249	0.681246
11:42:55.001	0.295305	0.136715	0.683577
11:42:55.052	0.293910	0.136069	0.680347
11:42:55.103	0.294081	0.136148	0.680742
11:42:55.154	0.293931	0.136079	0.680397
11:42:55.205	0.294235	0.136220	0.681100
11:42:55.256	0.294639	0.136407	0.682036
11:42:55.307	0.292040	0.135204	0.676019
11:42:55.358	0.290794	0.134627	0.673135
11:42:55.408	0.290036	0.134276	0.671380
11:42:55.459	0.287132	0.132932	0.664658
11:42:55.510	0.284956	0.131924	0.659619
11:42:55.561	0.284669	0.131791	0.658956
11:42:55.612	0.287162	0.132946	0.664728
11:42:55.663	0.287849	0.133263	0.666317
11:42:55.713	0.288994	0.133794	0.668968
11:42:55.764	0.287754	0.133219	0.666097
11:42:55.815	0.284828	0.131865	0.659324
11:42:55.866	0.284092	0.131524	0.657621
11:42:55.917	0.282104	0.130604	0.653019
11:42:55.968	0.283115	0.131072	0.655360
11:42:56.018	0.282391	0.130736	0.653682
11:42:56.069	0.278132	0.128765	0.643824
11:42:56.120	0.280469	0.129847	0.649233
11:42:56.171	0.282416	0.130748	0.653740
11:42:56.222	0.282461	0.130769	0.653846
11:42:56.273	0.284361	0.131649	0.658243
11:42:56.323	0.284879	0.131889	0.659443
11:42:56.374	0.282762	0.130908	0.654542
11:42:56.425	0.281522	0.130334	0.651671
11:42:56.476	0.279683	0.129483	0.647415
11:42:56.527	0.278322	0.128853	0.644265
11:42:56.578	0.277926	0.128670	0.643348
11:42:56.628	0.279839	0.129555	0.647775
11:42:56.679	0.280924	0.130057	0.650287
11:42:56.730	0.284308	0.131624	0.658121
11:42:56.781	0.282776	0.130915	0.654574
11:42:56.832	0.282669	0.130865	0.654327
11:42:56.883	0.285966	0.132392	0.661959
11:42:56.934	0.283706	0.131345	0.656727
11:42:56.984	0.282391	0.130737	0.653684
11:42:57.035	0.281669	0.130402	0.652011
11:42:57.086	0.277925	0.128669	0.643345
11:42:57.137	0.275135	0.127377	0.636887
11:42:57.188	0.277739	0.128583	0.642913
11:42:57.239	0.275520	0.127556	0.637778
11:42:57.289	0.275370	0.127486	0.637431
11:42:57.340	0.280185	0.129715	0.648576
11:42:57.391	0.278949	0.129143	0.645716
11:42:57.442	0.278793	0.129071	0.645353
11:42:57.493	0.279383	0.129344	0.646720
11:42:57.544	0.276918	0.128203	0.641015
11:42:57.595	0.278917	0.129128	0.645641
11:42:57.645	0.279324	0.129317	0.646584
11:42:57.696	0.276690	0.128097	0.640486
11:42:57.747	0.278018	0.128712	0.643560
11:42:57.798	0.277521	0.128482	0.642409
11:42:57.849	0.275742	0.127658	0.638291
11:42:57.900	0.276834	0.128164	0.640818
11:42:57.951	0.277529	0.128486	0.642429
11:42:58.001	0.277089	0.128282	0.641409
11:42:58.052	0.277497	0.128471	0.642353
11:42:58.103	0.278086	0.128743	0.643717
11:42:58.153	0.275275	0.127442	0.637212
11:42:58.204	0.277576	0.128507	0.642537
11:42:58.255	0.277255	0.128359	0.641794
11:42:58.306	0.275264	0.127437	0.637184
11:42:58.357	0.276470	0.127995	0.639976
11:42:58.408	0.274959	0.127296	0.636479
11:42:58.459	0.275450	0.127523	0.637615
11:42:58.510	0.273317	0.126536	0.632679
11:42:58.561	0.272068	0.125957	0.629786
11:42:58.611	0.273356	0.126554	0.632768
11:42:58.662	0.273957	0.126832	0.634161
11:42:58.713	0.271575	0.125729	0.628645
11:42:58.764	0.270291	0.125135	0.625673
11:42:58.815	0.271480	0.125685	0.628426
11:42:58.866	0.271930	0.125894	0.629469
11:42:58.917	0.270770	0.125357	0.626783
11:42:58.967	0.271661	0.125769	0.628846
11:42:59.018	0.271622	0.125751	0.628756
11:42:59.069	0.273118	0.126444	0.632218
11:42:59.120	0.272457	0.126137	0.630687
11:42:59.171	0.269690	0.124857	0.624283
11:42:59.222	0.269421	0.124732	0.623659
11:42:59.273	0.270944	0.125437	0.627186
11:42:59.324	0.270119	0.125055	0.625276
11:42:59.375	0.270592	0.125274	0.626370
11:42:59.426	0.269220	0.124639	0.623196
11:42:59.476	0.267275	0.123739	0.618693
11:42:59.527	0.266714	0.123479	0.617393
11:42:59.578	0.267533	0.123858	0.619290
11:42:59.629	0.267464	0.123826	0.619131
11:42:59.680	0.267052	0.123635	0.618177
11:42:59.731	0.265767	0.123040	0.615201
11:42:59.782	0.264245	0.122336	0.611679
11:42:59.832	0.267417	0.123804	0.619020
11:42:59.883	0.265681	0.123001	0.615003
11:42:59.934	0.264732	0.122561	0.612807
11:42:59.985	0.268193	0.124163	0.620816
11:43:00.036	0.265662	0.122992	0.614959
11:43:00.087	0.266000	0.123148	0.615741
11:43:00.137	0.269528	0.124782	0.623908
11:43:00.191	0.268480	0.124296	0.621480
11:43:00.242	0.265415	0.122877	0.614386
11:43:00.293	0.264554	0.122479	0.612393
11:43:00.344	0.265433	0.122886	0.614429
11:43:00.395	0.261679	0.121148	0.605738
11:43:00.446	0.261745	0.121178	0.605892
11:43:00.496	0.262977	0.121749	0.608743
11:43:00.547	0.261287	0.120966	0.604831
11:43:00.598	0.261248	0.120948	0.604740
11:43:00.649	0.263642	0.122056	0.610282
11:43:00.699	0.262115	0.121350	0.606748
11:43:00.750	0.261981	0.121288	0.606439
11:43:00.801	0.262839	0.121685	0.608423
11:43:00.851	0.262595	0.121572	0.607858
11:43:00.902	0.260164	0.120446	0.602232
11:43:00.953	0.261114	0.120886	0.604430
11:43:01.017	0.259143	0.119973	0.599867
11:43:01.068	0.260200	0.120463	0.602316
11:43:01.119	0.258523	0.119687	0.598433
11:43:01.170	0.258890	0.119856	0.599282
11:43:01.221	0.260206	0.120466	0.602329
11:43:01.272	0.261089	0.120874	0.604372
11:43:01.323	0.261140	0.120898	0.604491
11:43:01.374	0.260320	0.120519	0.602594
11:43:01.425	0.257945	0.119419	0.597095
11:43:01.476	0.257925	0.119410	0.597050
11:43:01.526	0.258364	0.119613	0.598065
11:43:01.577	0.257408	0.119170	0.595851
11:43:01.628	0.257968	0.119430	0.597149
11:43:01.679	0.258446	0.119651	0.598255
11:43:01.730	0.259030	0.119921	0.599607
11:43:01.781	0.262568	0.121559	0.607797
11:43:01.832	0.259103	0.119955	0.599775
11:43:01.883	0.258343	0.119603	0.598016
11:43:01.934	0.261043	0.120853	0.604265
11:43:01.984	0.257726	0.119318	0.596589
11:43:02.035	0.258093	0.119488	0.597438
11:43:02.086	0.261417	0.121026	0.605131
11:43:02.137	0.258653	0.119747	0.598733
11:43:02.188	0.258587	0.119716	0.598580
11:43:02.239	0.257600	0.119259	0.596295
11:43:02.290	0.255692	0.118376	0.591879
11:43:02.340	0.256512	0.118755	0.593777
11:43:02.392	0.258937	0.119878	0.599392
11:43:02.442	0.256871	0.118922	0.594609
11:43:02.493	0.257860	0.119380	0.596898
11:43:02.544	0.254447	0.117800	0.588998
11:43:02.595	0.247816	0.114730	0.573648
11:43:02.646	0.240328	0.111263	0.556315
11:43:02.697	0.227901	0.105510	0.527548
11:43:02.748	0.216599	0.100277	0.501387
11:43:02.799	0.201143	0.093122	0.465608
11:43:02.849	0.184479	0.085407	0.427035
11:43:02.900	0.169517	0.078480	0.392401
11:43:02.951	0.154655	0.071599	0.357997
11:43:03.002	0.140026	0.064827	0.324134
11:43:03.053	0.128214	0.059358	0.296791
11:43:03.104	0.119546	0.055345	0.276727
11:43:03.155	0.107786	0.049901	0.249505
11:43:03.206	0.096119	0.044499	0.222497
11:43:03.257	0.084640	0.039185	0.195927
11:43:03.308	0.074002	0.034260	0.171302
11:43:03.358	0.063421	0.029361	0.146807
11:43:03.409	0.049316	0.022831	0.114157
11:43:03.460	0.030661	0.014195	0.070974
11:43:03.511	0.009741	0.004510	0.022549
11:43:03.562	-0.016479	-0.007629	-0.038146
11:43:03.613	-0.037396	-0.017313	-0.086565
11:43:03.664	-0.049326	-0.022836	-0.114181
11:43:03.715	-0.060229	-0.027884	-0.139418
11:43:03.765	-0.068879	-0.031888	-0.159442
11:43:03.816	-0.073935	-0.034229	-0.171147
11:43:03.867	-0.090135	-0.041729	-0.208646
11:43:03.918	-0.115533	-0.053488	-0.267439
11:43:03.969	-0.152300	-0.070509	-0.352547
11:43:04.020	-0.191038	-0.088443	-0.442217
11:43:04.071	-0.203386	-0.094160	-0.470800
11:43:04.122	-0.201176	-0.093137	-0.465686
11:43:04.173	-0.204845	-0.094836	-0.474179
11:43:04.224	-0.242298	-0.112175	-0.560875
11:43:04.274	-0.271735	-0.125803	-0.629016
11:43:04.325	-0.287833	-0.133256	-0.666281
11:43:04.376	-0.292025	-0.135197	-0.675985
11:43:04.427	-0.295287	-0.136707	-0.683534
11:43:04.478	-0.297772	-0.137857	-0.689287
11:43:04.529	-0.299478	-0.138647	-0.693235
11:43:04.579	-0.303683	-0.140594	-0.702970
11:43:04.630	-0.311154	-0.144053	-0.720263
11:43:04.681	-0.324897	-0.150415	-0.752077
11:43:04.732	-0.332620	-0.153991	-0.769953
11:43:04.783	-0.333383	-0.154344	-0.771720
11:43:04.834	-0.328569	-0.152115	-0.760575
11:43:04.885	-0.316919	-0.146722	-0.733609
11:43:04.936	-0.297576	-0.137767	-0.688833
11:43:04.986	-0.280008	-0.129633	-0.648166
11:43:05.037	-0.270547	-0.125253	-0.626266
11:43:05.088	-0.271409	-0.125652	-0.628262
11:43:05.139	-0.285839	-0.132333	-0.661665
11:43:05.194	-0.301674	-0.139664	-0.698320
11:43:05.244	-0.312256	-0.144563	-0.722814
11:43:05.295	-0.318227	-0.147327	-0.736637
11:43:05.346	-0.319768	-0.148041	-0.740205
11:43:05.397	-0.316604	-0.146576	-0.732880
