12:05:25.034	1.384554	0.640997	3.204985
12:05:25.085	1.417261	0.656139	3.280697
12:05:25.135	1.404608	0.650282	3.251408
12:05:25.186	1.297436	0.600665	3.003323
12:05:25.237	1.128088	0.522263	2.611315
12:05:25.287	1.109237	0.513536	2.567678
12:05:25.338	1.165521	0.539593	2.697964
12:05:25.388	1.191984	0.551845	2.759223
12:05:25.439	1.130245	0.523261	2.616307
12:05:25.489	0.917583	0.424807	2.124036
12:05:25.540	0.745726	0.345243	1.726217
12:05:25.590	0.737822	0.341584	1.707922
12:05:25.641	0.776913	0.359682	1.798409
12:05:25.692	0.762944	0.353215	1.766074
12:05:25.743	0.553936	0.256452	1.282258
12:05:25.793	0.246641	0.114186	0.570928
12:05:25.844	0.206170	0.095449	0.477246
12:05:25.895	0.335130	0.155153	0.775765
12:05:25.945	0.464045	0.214835	1.074177
12:05:25.996	0.515714	0.238756	1.193782
12:05:26.047	0.419958	0.194425	0.972125
12:05:26.098	0.335543	0.155344	0.776719
12:05:26.148	0.416684	0.192909	0.964546
12:05:26.199	0.540420	0.250195	1.250973
12:05:26.250	0.605881	0.280501	1.402503
12:05:26.301	0.497380	0.230269	1.151343
12:05:26.351	0.223723	0.103576	0.517878
12:05:26.402	0.219099	0.101435	0.507174
12:05:26.453	0.378702	0.175325	0.876625
12:05:26.504	0.514417	0.238156	1.190779
12:05:26.554	0.534212	0.247320	1.236602
12:05:26.605	0.068981	0.031936	0.159679
12:05:26.656	-0.377466	-0.174753	-0.873763
12:05:26.706	-0.357116	-0.165332	-0.826658
12:05:26.757	-0.087090	-0.040319	-0.201597
12:05:26.808	-0.067733	-0.031358	-0.156790
12:05:26.859	-0.060664	-0.028085	-0.140427
12:05:26.909	-0.056251	-0.026042	-0.130210
12:05:26.960	-0.056726	-0.026262	-0.131310
12:05:27.011	-0.047626	-0.022049	-0.110246
12:05:27.062	-0.055743	-0.025807	-0.129035
12:05:27.112	-0.058023	-0.026863	-0.134313
12:05:27.163	-0.054745	-0.025345	-0.126724
12:05:27.214	-0.048603	-0.022501	-0.112507
12:05:27.264	-0.054351	-0.025163	-0.125813
12:05:27.315	-0.047481	-0.021982	-0.109910
12:05:27.366	-0.060514	-0.028016	-0.140079
12:05:27.416	-0.059045	-0.027336	-0.136679
12:05:27.467	-0.054258	-0.025119	-0.125597
12:05:27.518	-0.056253	-0.026043	-0.130215
12:05:27.569	-0.055215	-0.025563	-0.127813
12:05:27.619	-0.052261	-0.024195	-0.120974
12:05:27.670	-0.050375	-0.023322	-0.116609
12:05:27.721	-0.047063	-0.021789	-0.108943
12:05:27.771	-0.058886	-0.027262	-0.136311
12:05:27.822	-0.048803	-0.022594	-0.112971
12:05:27.873	-0.051811	-0.023987	-0.119933
12:05:27.923	-0.056878	-0.026333	-0.131663
12:05:27.974	-0.054974	-0.025451	-0.127256
12:05:28.025	-0.055992	-0.025922	-0.129611
12:05:28.076	-0.052228	-0.024180	-0.120899
12:05:28.126	-0.052401	-0.024260	-0.121299
12:05:28.177	-0.059045	-0.027335	-0.136677
12:05:28.228	-0.052683	-0.024390	-0.121951
12:05:28.278	-0.050256	-0.023267	-0.116334
12:05:28.329	-0.054412	-0.025191	-0.125953
12:05:28.380	-0.058456	-0.027063	-0.135316
12:05:28.430	-0.047953	-0.022200	-0.111002
12:05:28.481	-0.056458	-0.026138	-0.130690
12:05:28.532	-0.051124	-0.023668	-0.118342
12:05:28.583	-0.056490	-0.026153	-0.130764
12:05:28.633	-0.055096	-0.025508	-0.127538
12:05:28.684	-0.056298	-0.026064	-0.130319
12:05:28.735	-0.052839	-0.024463	-0.122313
12:05:28.786	-0.046426	-0.021493	-0.107467
12:05:28.836	-0.057606	-0.026669	-0.133347
12:05:28.887	-0.050448	-0.023355	-0.116777
12:05:28.938	-0.056725	-0.026262	-0.131309
12:05:28.989	-0.055453	-0.025673	-0.128364
12:05:29.039	-0.055913	-0.025886	-0.129429
12:05:29.090	-0.052334	-0.024229	-0.121144
12:05:29.141	-0.049998	-0.023147	-0.115737
12:05:29.192	-0.054186	-0.025086	-0.125431
12:05:29.242	-0.061067	-0.028272	-0.141360
12:05:29.293	-0.050092	-0.023191	-0.115955
12:05:29.344	-0.050901	-0.023565	-0.117825
12:05:29.395	-0.050607	-0.023429	-0.117145
12:05:29.445	-0.055607	-0.025744	-0.128721
12:05:29.496	-0.050757	-0.023499	-0.117494
12:05:29.547	-0.048682	-0.022538	-0.112689
12:05:29.597	-0.053583	-0.024807	-0.124034
12:05:29.648	-0.052700	-0.024398	-0.121990
12:05:29.699	-0.058337	-0.027008	-0.135040
12:05:29.750	-0.051582	-0.023881	-0.119404
12:05:29.800	-0.057573	-0.026654	-0.133272
12:05:29.851	-0.052165	-0.024151	-0.120753
12:05:29.902	-0.056936	-0.026359	-0.131795
12:05:29.953	-0.061423	-0.028437	-0.142184
12:05:30.003	-0.057296	-0.026526	-0.132630
12:05:30.054	-0.058439	-0.027055	-0.135276
12:05:30.105	-0.055242	-0.025575	-0.127874
12:05:30.156	-0.057161	-0.026463	-0.132317
12:05:30.206	-0.052158	-0.024147	-0.120735
12:05:30.257	-0.055902	-0.025881	-0.129403
12:05:30.308	-0.054932	-0.025432	-0.127158
12:05:30.359	-0.055077	-0.025499	-0.127493
12:05:30.409	-0.056225	-0.026030	-0.130151
12:05:30.460	-0.051775	-0.023970	-0.119849
12:05:30.511	-0.061413	-0.028432	-0.142160
12:05:30.562	-0.058248	-0.026967	-0.134834
12:05:30.612	-0.057168	-0.026467	-0.132334
12:05:30.663	-0.056230	-0.026032	-0.130162
12:05:30.714	-0.054322	-0.025149	-0.125744
12:05:30.765	-0.054546	-0.025253	-0.126264
12:05:30.815	-0.056388	-0.026106	-0.130528
12:05:30.866	-0.054974	-0.025451	-0.127254
12:05:30.917	-0.054932	-0.025431	-0.127157
12:05:30.968	-0.053667	-0.024846	-0.124228
12:05:31.019	-0.057193	-0.026478	-0.132391
12:05:31.069	-0.047527	-0.022003	-0.110016
12:05:31.120	-0.058678	-0.027166	-0.135828
12:05:31.171	-0.049665	-0.022993	-0.114964
12:05:31.222	-0.051709	-0.023939	-0.119696
12:05:31.272	-0.054162	-0.025075	-0.125376
12:05:31.323	-0.053777	-0.024897	-0.124483
12:05:31.374	-0.056091	-0.025968	-0.129840
12:05:31.425	-0.055814	-0.025840	-0.129199
12:05:31.475	-0.056074	-0.025960	-0.129801
12:05:31.526	-0.054183	-0.025085	-0.125424
12:05:31.577	-0.049306	-0.022827	-0.114135
12:05:31.628	-0.052214	-0.024173	-0.120866
12:05:31.678	-0.051468	-0.023828	-0.119138
12:05:31.729	-0.053656	-0.024841	-0.124204
12:05:31.780	-0.055224	-0.025567	-0.127834
12:05:31.830	-0.052893	-0.024487	-0.122437
12:05:31.881	-0.057661	-0.026695	-0.133475
12:05:31.932	-0.054883	-0.025409	-0.127044
12:05:31.983	-0.057486	-0.026614	-0.133070
12:05:32.033	-0.057684	-0.026706	-0.133529
12:05:32.084	-0.055810	-0.025838	-0.129189
12:05:32.135	-0.054083	-0.025038	-0.125191
12:05:32.185	-0.057153	-0.026460	-0.132298
12:05:32.236	-0.055724	-0.025798	-0.128991
12:05:32.287	-0.052767	-0.024429	-0.122145
12:05:32.338	-0.059748	-0.027661	-0.138306
12:05:32.388	-0.053506	-0.024771	-0.123857
12:05:32.439	-0.055127	-0.025522	-0.127608
12:05:32.490	-0.052213	-0.024172	-0.120862
12:05:32.540	-0.051091	-0.023653	-0.118267
12:05:32.591	-0.055042	-0.025482	-0.127412
12:05:32.642	-0.054090	-0.025042	-0.125208
12:05:32.693	-0.059801	-0.027686	-0.138428
12:05:32.743	-0.055567	-0.025726	-0.128628
12:05:32.794	-0.056273	-0.026053	-0.130263
12:05:32.845	-0.055026	-0.025475	-0.127375
12:05:32.896	-0.053879	-0.024944	-0.124719
12:05:32.946	-0.052215	-0.024174	-0.120869
12:05:32.997	-0.054746	-0.025346	-0.126728
12:05:33.048	-0.052820	-0.024454	-0.122269
12:05:33.098	-0.056178	-0.026008	-0.130041
12:05:33.149	-0.051255	-0.023729	-0.118647
12:05:33.200	-0.052573	-0.024339	-0.121697
12:05:33.251	-0.056706	-0.026253	-0.131264
12:05:33.301	-0.055812	-0.025839	-0.129194
12:05:33.352	-0.053093	-0.024580	-0.122900
12:05:33.403	-0.055614	-0.025747	-0.128737
12:05:33.454	-0.055420	-0.025657	-0.128287
12:05:33.504	-0.055433	-0.025663	-0.128317
12:05:33.555	-0.057049	-0.026412	-0.132058
12:05:33.606	-0.052413	-0.024265	-0.121327
12:05:33.656	-0.054605	-0.025280	-0.126400
12:05:33.707	-0.051578	-0.023879	-0.119393
12:05:33.758	-0.058521	-0.027093	-0.135465
12:05:33.809	-0.054909	-0.025421	-0.127104
12:05:33.860	-0.051803	-0.023983	-0.119915
12:05:33.910	-0.054527	-0.025244	-0.126219
12:05:33.961	-0.050414	-0.023340	-0.116700
12:05:34.012	-0.056424	-0.026122	-0.130611
12:05:34.063	-0.052961	-0.024519	-0.122594
12:05:34.113	-0.056186	-0.026012	-0.130060
12:05:34.164	-0.052408	-0.024263	-0.121315
12:05:34.215	-0.053381	-0.024713	-0.123566
12:05:34.265	-0.056220	-0.026028	-0.130138
12:05:34.316	-0.057215	-0.026488	-0.132442
12:05:34.367	-0.055804	-0.025835	-0.129177
12:05:34.417	-0.053416	-0.024729	-0.123647
12:05:34.468	-0.050967	-0.023596	-0.117980
12:05:34.519	-0.051415	-0.023803	-0.119015
12:05:34.570	-0.051679	-0.023926	-0.119628
12:05:34.620	-0.051804	-0.023984	-0.119918
12:05:34.671	-0.054617	-0.025286	-0.126428
12:05:34.722	-0.057188	-0.026476	-0.132380
12:05:34.773	-0.060002	-0.027779	-0.138893
12:05:34.823	-0.056048	-0.025948	-0.129741
12:05:34.874	-0.058356	-0.027017	-0.135084
12:05:34.925	-0.060047	-0.027799	-0.138997
12:05:34.976	-0.058609	-0.027134	-0.135669
12:05:35.026	-0.053050	-0.024560	-0.122801
12:05:35.077	-0.054468	-0.025217	-0.126084
12:05:35.128	-0.053385	-0.024715	-0.123577
12:05:35.178	-0.055859	-0.025861	-0.129304
12:05:35.229	-0.053439	-0.024740	-0.123702
12:05:35.280	-0.055788	-0.025828	-0.129138
12:05:35.331	-0.055249	-0.025578	-0.127891
12:05:35.382	-0.049974	-0.023136	-0.115681
12:05:35.432	-0.048285	-0.022354	-0.111770
12:05:35.483	-0.052870	-0.024477	-0.122385
12:05:35.534	-0.054291	-0.025135	-0.125673
12:05:35.584	-0.054452	-0.025209	-0.126047
12:05:35.635	-0.050580	-0.023417	-0.117083
12:05:35.686	-0.053732	-0.024876	-0.124380
12:05:35.737	-0.057042	-0.026408	-0.132041
12:05:35.787	-0.051426	-0.023808	-0.119042
12:05:35.838	-0.051165	-0.023687	-0.118437
12:05:35.889	-0.048560	-0.022482	-0.112408
12:05:35.940	-0.057963	-0.026835	-0.134173
12:05:35.990	-0.056464	-0.026141	-0.130704
12:05:36.041	-0.057734	-0.026729	-0.133643
12:05:36.092	-0.050556	-0.023405	-0.117027
12:05:36.143	-0.059043	-0.027335	-0.136674
12:05:36.193	-0.046202	-0.021390	-0.106949
12:05:36.244	-0.052721	-0.024408	-0.122040
12:05:36.295	-0.054406	-0.025188	-0.125940
12:05:36.346	-0.049999	-0.023148	-0.115738
12:05:36.396	-0.058558	-0.027110	-0.135551
12:05:36.447	-0.054210	-0.025097	-0.125485
12:05:36.498	-0.058601	-0.027130	-0.135651
12:05:36.549	-0.052077	-0.024110	-0.120548
12:05:36.599	-0.056891	-0.026338	-0.131692
12:05:36.650	-0.053623	-0.024825	-0.124127
12:05:36.701	-0.059197	-0.027406	-0.137030
12:05:36.752	-0.056675	-0.026238	-0.131192
12:05:36.802	-0.057962	-0.026834	-0.134171
12:05:36.853	-0.054269	-0.025124	-0.125622
12:05:36.904	-0.055559	-0.025722	-0.128609
12:05:36.954	-0.055643	-0.025761	-0.128804
12:05:37.005	-0.051588	-0.023883	-0.119417
12:05:37.056	-0.052361	-0.024241	-0.121205
12:05:37.107	-0.049389	-0.022865	-0.114326
12:05:37.158	-0.051820	-0.023991	-0.119954
12:05:37.209	-0.050115	-0.023202	-0.116008
12:05:37.260	-0.058315	-0.026998	-0.134989
12:05:37.311	-0.055927	-0.025892	-0.129461
12:05:37.362	-0.056833	-0.026311	-0.131557
12:05:37.413	-0.057670	-0.026699	-0.133496
12:05:37.464	-0.057549	-0.026643	-0.133216
12:05:37.515	-0.058905	-0.027271	-0.136354
12:05:37.566	-0.057330	-0.026542	-0.132709
12:05:37.617	-0.052865	-0.024475	-0.122373
12:05:37.668	-0.054024	-0.025011	-0.125056
12:05:37.719	-0.051287	-0.023744	-0.118719
12:05:37.770	-0.052803	-0.024446	-0.122228
12:05:37.821	-0.051208	-0.023707	-0.118536
12:05:37.872	-0.059279	-0.027444	-0.137219
12:05:37.923	-0.052771	-0.024431	-0.122154
12:05:37.973	-0.052194	-0.024164	-0.120819
12:05:38.025	-0.054855	-0.025396	-0.126978
12:05:38.075	-0.050950	-0.023588	-0.117940
12:05:38.127	-0.052959	-0.024518	-0.122591
12:05:38.177	-0.054956	-0.025443	-0.127214
12:05:38.228	-0.057093	-0.026432	-0.132160
12:05:38.279	-0.053594	-0.024812	-0.124059
12:05:38.330	-0.050681	-0.023463	-0.117317
12:05:38.381	-0.052121	-0.024130	-0.120651
12:05:38.432	-0.050844	-0.023539	-0.117694
12:05:38.483	-0.052894	-0.024488	-0.122440
12:05:38.533	-0.050515	-0.023387	-0.116934
12:05:38.584	-0.054772	-0.025357	-0.126787
12:05:38.634	-0.050810	-0.023523	-0.117617
12:05:38.685	-0.054895	-0.025414	-0.127072
12:05:38.735	-0.053471	-0.024755	-0.123776
12:05:38.786	-0.047890	-0.022171	-0.110856
12:05:38.837	-0.055411	-0.025653	-0.128266
12:05:38.887	-0.056050	-0.025949	-0.129746
12:05:38.938	-0.051031	-0.023626	-0.118128
12:05:38.988	-0.057122	-0.026446	-0.132228
12:05:39.039	-0.054858	-0.025397	-0.126987
12:05:39.090	-0.052571	-0.024338	-0.121691
12:05:39.140	-0.054222	-0.025103	-0.125514
12:05:39.191	-0.048026	-0.022234	-0.111172
12:05:39.241	-0.054392	-0.025181	-0.125906
12:05:39.292	-0.054671	-0.025311	-0.126553
12:05:39.343	-0.057137	-0.026452	-0.132262
12:05:39.393	-0.053067	-0.024568	-0.122840
12:05:39.444	-0.050242	-0.023260	-0.116301
12:05:39.494	-0.052946	-0.024512	-0.122559
12:05:39.545	-0.050672	-0.023459	-0.117296
12:05:39.595	-0.055955	-0.025905	-0.129527
12:05:39.646	-0.056153	-0.025997	-0.129984
12:05:39.696	-0.054570	-0.025264	-0.126319
12:05:39.747	-0.052814	-0.024451	-0.122254
12:05:39.798	-0.053775	-0.024896	-0.124479
12:05:39.848	-0.050426	-0.023345	-0.116726
12:05:39.899	-0.053738	-0.024879	-0.124393
12:05:39.949	-0.051845	-0.024002	-0.120011
12:05:40.000	-0.051549	-0.023865	-0.119326
12:05:40.050	-0.054175	-0.025081	-0.125405
12:05:40.101	-0.057113	-0.026441	-0.132207
12:05:40.152	-0.054851	-0.025394	-0.126971
12:05:40.202	-0.053421	-0.024732	-0.123660
12:05:40.253	-0.052784	-0.024437	-0.122185
12:05:40.303	-0.059095	-0.027359	-0.136794
12:05:40.354	-0.056252	-0.026043	-0.130213
12:05:40.404	-0.050807	-0.023522	-0.117608
12:05:40.455	-0.055459	-0.025675	-0.128376
12:05:40.505	-0.054925	-0.025428	-0.127140
12:05:40.556	-0.059228	-0.027421	-0.137103
12:05:40.607	-0.053022	-0.024547	-0.122737
12:05:40.658	-0.061669	-0.028550	-0.142752
12:05:40.708	-0.051274	-0.023738	-0.118690
12:05:40.759	-0.049266	-0.022808	-0.114042
12:05:40.810	-0.055080	-0.025500	-0.127501
12:05:40.860	-0.054033	-0.025015	-0.125076
12:05:40.911	-0.058201	-0.026945	-0.134725
12:05:40.962	-0.055805	-0.025835	-0.129177
12:05:41.013	-0.057488	-0.026615	-0.133074
12:05:41.063	-0.056949	-0.026365	-0.131827
12:05:41.114	-0.055760	-0.025815	-0.129075
12:05:41.165	-0.050918	-0.023573	-0.117865
12:05:41.215	-0.048106	-0.022271	-0.111356
12:05:41.266	-0.054830	-0.025384	-0.126921
12:05:41.317	-0.053850	-0.024930	-0.124652
12:05:41.367	-0.059771	-0.027672	-0.138359
12:05:41.418	-0.049689	-0.023004	-0.115021
12:05:41.469	-0.054520	-0.025241	-0.126204
12:05:41.520	-0.060757	-0.028128	-0.140641
12:05:41.570	-0.074135	-0.034322	-0.171610
12:05:41.621	-0.094923	-0.043946	-0.219729
12:05:41.672	-0.108610	-0.050282	-0.251411
12:05:41.723	-0.356330	-0.164967	-0.824837
12:05:41.773	-0.354215	-0.163989	-0.819943
12:05:41.824	-0.363121	-0.168111	-0.840557
12:05:41.875	-0.369257	-0.170952	-0.854761
12:05:41.925	-0.373236	-0.172795	-0.863973
12:05:41.976	-0.375575	-0.173878	-0.869388
12:05:42.027	-0.376847	-0.174466	-0.872332
12:05:42.078	-0.376879	-0.174481	-0.872404
12:05:42.128	-0.376563	-0.174335	-0.871675
12:05:42.179	-0.375417	-0.173804	-0.869022
12:05:42.230	-0.374635	-0.173442	-0.867211
12:05:42.281	-0.372925	-0.172650	-0.863252
12:05:42.331	-0.371212	-0.171858	-0.859288
12:05:42.382	-0.369733	-0.171173	-0.855864
12:05:42.433	-0.368875	-0.170775	-0.853877
12:05:42.484	-0.368591	-0.170644	-0.853220
12:05:42.534	-0.368100	-0.170417	-0.852083
12:05:42.585	-0.367254	-0.170025	-0.850126
12:05:42.636	-0.365844	-0.169372	-0.846860
12:05:42.686	-0.363151	-0.168126	-0.840628
12:05:42.737	-0.359145	-0.166271	-0.831355
12:05:42.788	-0.352555	-0.163220	-0.816101
12:05:42.838	-0.343637	-0.159091	-0.795457
12:05:42.889	-0.330824	-0.153159	-0.765796
12:05:42.940	-0.310426	-0.143716	-0.718578
12:05:42.990	-0.287074	-0.132905	-0.664523
12:05:43.041	-0.274672	-0.127163	-0.635814
12:05:43.091	-0.280229	-0.129736	-0.648678
12:05:43.142	-0.297495	-0.137729	-0.688646
12:05:43.193	-0.315330	-0.145986	-0.729929
12:05:43.243	-0.324742	-0.150343	-0.751717
12:05:43.294	-0.331218	-0.153342	-0.766709
12:05:43.344	-0.334270	-0.154755	-0.773773
12:05:43.395	-0.337427	-0.156216	-0.781081
12:05:43.446	-0.344292	-0.159395	-0.796973
12:05:43.497	-0.357034	-0.165293	-0.826467
12:05:43.547	-0.369869	-0.171236	-0.856178
12:05:43.598	-0.376758	-0.174425	-0.872126
12:05:43.648	-0.375682	-0.173927	-0.869634
12:05:43.699	-0.369160	-0.170907	-0.854536
12:05:43.749	-0.360363	-0.166835	-0.834174
12:05:43.800	-0.353572	-0.163691	-0.818453
12:05:43.851	-0.351775	-0.162859	-0.814295
12:05:43.901	-0.352859	-0.163361	-0.816804
12:05:43.952	-0.351947	-0.162938	-0.814691
12:05:44.002	-0.352519	-0.163203	-0.816015
12:05:44.053	-0.355464	-0.164567	-0.822834
12:05:44.104	-0.358703	-0.166066	-0.830330
12:05:44.154	-0.361720	-0.167463	-0.837314
12:05:44.205	-0.364000	-0.168519	-0.842593
12:05:44.256	-0.364899	-0.168935	-0.844674
12:05:44.306	-0.365033	-0.168997	-0.844984
12:05:44.357	-0.364620	-0.168805	-0.844027
12:05:44.407	-0.364478	-0.168740	-0.843700
12:05:44.458	-0.364044	-0.168539	-0.842695
12:05:44.509	-0.362384	-0.167770	-0.838852
12:05:44.559	-0.359565	-0.166465	-0.832327
12:05:44.610	-0.356118	-0.164870	-0.824348
12:05:44.660	-0.353044	-0.163446	-0.817231
12:05:44.711	-0.351935	-0.162933	-0.814663
12:05:44.762	-0.353117	-0.163480	-0.817401
12:05:44.812	-0.354342	-0.164047	-0.820235
12:05:44.863	-0.354866	-0.164290	-0.821450
12:05:44.914	-0.355233	-0.164460	-0.822298
12:05:44.964	-0.355394	-0.164534	-0.822671
12:05:45.015	-0.355400	-0.164537	-0.822686
12:05:45.065	-0.355608	-0.164633	-0.823166
12:05:45.116	-0.355342	-0.164510	-0.822551
12:05:45.166	-0.355208	-0.164448	-0.822241
12:05:45.217	-0.355038	-0.164370	-0.821848
12:05:45.267	-0.354572	-0.164154	-0.820769
12:05:45.318	-0.354353	-0.164052	-0.820261
12:05:45.368	-0.354287	-0.164022	-0.820109
12:05:45.419	-0.353642	-0.163723	-0.818616
12:05:45.470	-0.353383	-0.163603	-0.818015
12:05:45.520	-0.353106	-0.163475	-0.817374
12:05:45.571	-0.353261	-0.163547	-0.817733
12:05:45.622	-0.352921	-0.163389	-0.816946
12:05:45.672	-0.352729	-0.163300	-0.816502
12:05:45.723	-0.352413	-0.163154	-0.815771
12:05:45.773	-0.352291	-0.163098	-0.815488
12:05:45.824	-0.352189	-0.163050	-0.815252
12:05:45.874	-0.352079	-0.163000	-0.814998
12:05:45.925	-0.351846	-0.162892	-0.814459
