16:31:41.373	0.160382	0.074251	0.371255
16:31:41.425	0.163178	0.075545	0.377727
16:31:41.476	0.172365	0.079799	0.398994
16:31:41.526	0.178144	0.082474	0.412369
16:31:41.577	0.183162	0.084797	0.423985
16:31:41.628	0.187771	0.086931	0.434656
16:31:41.678	0.192317	0.089035	0.445177
16:31:41.729	0.194994	0.090275	0.451375
16:31:41.779	0.199790	0.092495	0.462476
16:31:41.830	0.206380	0.095546	0.477732
16:31:41.880	0.205988	0.095365	0.476825
16:31:41.931	0.205704	0.095233	0.476166
16:31:41.981	0.201415	0.093248	0.466238
16:31:42.032	0.196520	0.090981	0.454907
16:31:42.083	0.191679	0.088740	0.443701
16:31:42.133	0.189951	0.087940	0.439702
16:31:42.184	0.187834	0.086960	0.434800
16:31:42.234	0.184565	0.085447	0.427235
16:31:42.285	0.178488	0.082633	0.413167
16:31:42.335	0.172094	0.079673	0.398365
16:31:42.386	0.164122	0.075982	0.379912
16:31:42.436	0.161045	0.074558	0.372788
16:31:42.487	0.156714	0.072553	0.362763
16:31:42.538	0.152422	0.070566	0.352829
16:31:42.588	0.150103	0.069492	0.347460
16:31:42.639	0.143717	0.066536	0.332679
16:31:42.689	0.139052	0.064376	0.321880
16:31:42.740	0.137026	0.063438	0.317189
16:31:42.790	0.132109	0.061162	0.305808
16:31:42.841	0.130668	0.060494	0.302472
16:31:42.891	0.127542	0.059047	0.295236
16:31:42.942	0.122047	0.056503	0.282517
16:31:42.993	0.119741	0.055436	0.277179
16:31:43.043	0.117392	0.054348	0.271740
16:31:43.094	0.114930	0.053208	0.266042
16:31:43.144	0.112163	0.051927	0.259637
16:31:43.195	0.110526	0.051169	0.255846
16:31:43.245	0.105995	0.049072	0.245358
16:31:43.296	0.100770	0.046653	0.233263
16:31:43.347	0.101344	0.046919	0.234593
16:31:43.397	0.101425	0.046956	0.234780
16:31:43.448	0.098076	0.045405	0.227027
16:31:43.498	0.100193	0.046386	0.231929
16:31:43.549	0.099189	0.045921	0.229605
16:31:43.599	0.092139	0.042657	0.213284
16:31:43.650	0.089214	0.041303	0.206513
16:31:43.700	0.085251	0.039468	0.197340
16:31:43.751	0.081189	0.037588	0.187938
16:31:43.802	0.078985	0.036567	0.182836
16:31:43.852	0.078484	0.036335	0.181675
16:31:43.903	0.074192	0.034348	0.171742
16:31:43.953	0.069024	0.031955	0.159777
16:31:44.004	0.068960	0.031926	0.159629
16:31:44.054	0.065474	0.030312	0.151560
16:31:44.105	0.065510	0.030329	0.151644
16:31:44.156	0.066406	0.030743	0.153717
16:31:44.206	0.063456	0.029378	0.146889
16:31:44.257	0.060512	0.028015	0.140075
16:31:44.307	0.058455	0.027063	0.135313
16:31:44.358	0.054428	0.025198	0.125992
16:31:44.409	0.051772	0.023968	0.119842
16:31:44.459	0.049168	0.022763	0.113815
16:31:44.510	0.050032	0.023163	0.115814
16:31:44.560	0.049794	0.023053	0.115265
16:31:44.611	0.050532	0.023394	0.116972
16:31:44.661	0.052119	0.024129	0.120645
16:31:44.712	0.050029	0.023162	0.115808
16:31:44.763	0.049857	0.023082	0.115410
16:31:44.813	0.051404	0.023798	0.118991
16:31:44.864	0.048893	0.022636	0.113179
16:31:44.914	0.047139	0.021824	0.109119
16:31:44.965	0.046777	0.021656	0.108281
16:31:45.016	0.046974	0.021747	0.108737
16:31:45.066	0.043632	0.020200	0.101001
16:31:45.117	0.043989	0.020365	0.101826
16:31:45.167	0.042184	0.019529	0.097647
16:31:45.218	0.041703	0.019307	0.096535
16:31:45.269	0.041293	0.019117	0.095585
16:31:45.319	0.040313	0.018663	0.093316
16:31:45.370	0.037037	0.017147	0.085735
16:31:45.420	0.038335	0.017748	0.088738
16:31:45.471	0.035148	0.016272	0.081361
16:31:45.521	0.034929	0.016171	0.080855
16:31:45.572	0.033714	0.015608	0.078041
16:31:45.623	0.031210	0.014449	0.072244
16:31:45.673	0.030874	0.014294	0.071469
16:31:45.724	0.032097	0.014859	0.074297
16:31:45.774	0.034201	0.015834	0.079169
16:31:45.825	0.029221	0.013528	0.067640
16:31:45.875	0.030434	0.014090	0.070450
16:31:45.926	0.026720	0.012370	0.061852
16:31:45.977	0.023537	0.010897	0.054483
16:31:46.027	0.024453	0.011321	0.056603
16:31:46.078	0.027974	0.012951	0.064756
16:31:46.128	0.027379	0.012675	0.063377
16:31:46.179	0.027312	0.012644	0.063222
16:31:46.229	0.027211	0.012598	0.062989
16:31:46.280	0.024034	0.011127	0.055633
16:31:46.330	0.023017	0.010656	0.053280
16:31:46.381	0.023891	0.011061	0.055304
16:31:46.432	0.025559	0.011833	0.059164
16:31:46.482	0.024108	0.011161	0.055806
16:31:46.533	0.026178	0.012120	0.060598
16:31:46.583	0.027290	0.012634	0.063171
16:31:46.634	0.028651	0.013264	0.066322
16:31:46.684	0.033105	0.015327	0.076633
16:31:46.735	0.035776	0.016563	0.082815
16:31:46.786	0.036763	0.017020	0.085100
16:31:46.836	0.036056	0.016693	0.083464
16:31:46.887	0.037034	0.017146	0.085728
16:31:46.937	0.036285	0.016799	0.083993
16:31:46.988	0.038457	0.017804	0.089021
16:31:47.038	0.041935	0.019414	0.097071
16:31:47.089	0.043527	0.020151	0.100756
16:31:47.139	0.046359	0.021462	0.107311
16:31:47.190	0.048432	0.022422	0.112112
16:31:47.241	0.051046	0.023633	0.118163
16:31:47.291	0.050588	0.023420	0.117101
16:31:47.342	0.056751	0.026274	0.131368
16:31:47.392	0.060266	0.027901	0.139504
16:31:47.443	0.057994	0.026849	0.134246
16:31:47.493	0.060019	0.027786	0.138932
16:31:47.544	0.062527	0.028948	0.144739
16:31:47.594	0.064865	0.030030	0.150150
16:31:47.645	0.068077	0.031517	0.157585
16:31:47.696	0.073209	0.033893	0.169464
16:31:47.746	0.074177	0.034341	0.171707
16:31:47.797	0.079112	0.036626	0.183130
16:31:47.847	0.082123	0.038020	0.190100
16:31:47.898	0.085243	0.039464	0.197322
16:31:47.949	0.088377	0.040915	0.204576
16:31:47.999	0.096604	0.044724	0.223621
16:31:48.050	0.097497	0.045137	0.225687
16:31:48.100	0.098040	0.045389	0.226945
16:31:48.151	0.097916	0.045332	0.226659
16:31:48.201	0.101300	0.046898	0.234492
16:31:48.252	0.105522	0.048853	0.244263
16:31:48.302	0.108877	0.050406	0.252030
16:31:48.353	0.116029	0.053717	0.268586
16:31:48.404	0.118309	0.054772	0.273862
16:31:48.454	0.121128	0.056078	0.280389
16:31:48.505	0.125019	0.057879	0.289396
16:31:48.555	0.127393	0.058978	0.294891
16:31:48.606	0.126594	0.058608	0.293041
16:31:48.656	0.132050	0.061134	0.305671
16:31:48.707	0.134559	0.062296	0.311478
16:31:48.757	0.139397	0.064536	0.322678
16:31:48.808	0.140891	0.065227	0.326137
16:31:48.859	0.143043	0.066224	0.331118
16:31:48.909	0.146103	0.067640	0.338201
16:31:48.960	0.149760	0.069333	0.346667
16:31:49.010	0.152933	0.070802	0.354012
16:31:49.061	0.156047	0.072244	0.361219
16:31:49.111	0.158870	0.073551	0.367755
16:31:49.162	0.158632	0.073441	0.367204
16:31:49.213	0.159645	0.073910	0.369549
16:31:49.263	0.160430	0.074273	0.371365
16:31:49.314	0.162446	0.075206	0.376032
16:31:49.365	0.164777	0.076286	0.381429
16:31:49.415	0.166886	0.077262	0.386311
16:31:49.466	0.169455	0.078451	0.392257
16:31:49.516	0.173109	0.080143	0.400716
16:31:49.567	0.178932	0.082839	0.414195
16:31:49.617	0.183101	0.084769	0.423844
16:31:49.668	0.184454	0.085395	0.426976
16:31:49.719	0.190512	0.088200	0.441000
16:31:49.769	0.195284	0.090409	0.452046
16:31:49.820	0.200801	0.092963	0.464817
16:31:49.870	0.204808	0.094818	0.474092
16:31:49.921	0.209519	0.096999	0.484997
16:31:49.971	0.214272	0.099200	0.496001
16:31:50.022	0.217728	0.100800	0.504001
16:31:50.073	0.219860	0.101787	0.508936
16:31:50.123	0.221885	0.102724	0.513622
16:31:50.174	0.228335	0.105711	0.528553
16:31:50.224	0.230634	0.106775	0.533874
16:31:50.275	0.235664	0.109104	0.545519
16:31:50.326	0.239928	0.111078	0.555389
16:31:50.376	0.244977	0.113415	0.567077
16:31:50.427	0.246866	0.114290	0.571448
16:31:50.477	0.254500	0.117824	0.589121
16:31:50.528	0.259495	0.120137	0.600683
16:31:50.578	0.263150	0.121828	0.609142
16:31:50.629	0.269216	0.124637	0.623185
16:31:50.679	0.270189	0.125088	0.625438
16:31:50.730	0.271632	0.125756	0.628778
16:31:50.781	0.273096	0.126433	0.632167
16:31:50.831	0.279871	0.129570	0.647849
16:31:50.882	0.282168	0.130633	0.653167
16:31:50.932	0.287025	0.132882	0.664409
16:31:50.983	0.291462	0.134936	0.674680
16:31:51.033	0.290593	0.134534	0.672668
16:31:51.084	0.292571	0.135449	0.677247
16:31:51.135	0.296423	0.137233	0.686165
16:31:51.185	0.297756	0.137850	0.689250
16:31:51.236	0.300934	0.139321	0.696607
16:31:51.286	0.305264	0.141326	0.706630
16:31:51.337	0.308225	0.142697	0.713484
16:31:51.387	0.308130	0.142653	0.713264
16:31:51.438	0.309421	0.143250	0.716252
16:31:51.488	0.310043	0.143538	0.717692
16:31:51.539	0.310761	0.143871	0.719354
16:31:51.589	0.317791	0.147126	0.735628
16:31:51.640	0.322138	0.149138	0.745690
16:31:51.691	0.322293	0.149210	0.746049
16:31:51.741	0.323565	0.149799	0.748994
16:31:51.792	0.325326	0.150614	0.753069
16:31:51.842	0.327551	0.151644	0.758221
16:31:51.893	0.329181	0.152399	0.761993
16:31:51.943	0.328886	0.152262	0.761311
16:31:51.994	0.331312	0.153385	0.766926
16:31:52.044	0.332040	0.153722	0.768611
16:31:52.095	0.335250	0.155208	0.776042
16:31:52.146	0.335452	0.155302	0.776509
16:31:52.196	0.338481	0.156704	0.783520
16:31:52.247	0.343745	0.159141	0.795705
16:31:52.297	0.343213	0.158895	0.794474
16:31:52.348	0.341604	0.158150	0.790750
16:31:52.398	0.343302	0.158936	0.794680
16:31:52.449	0.340736	0.157748	0.788740
16:31:52.499	0.341702	0.158195	0.790977
16:31:52.550	0.344777	0.159619	0.798096
16:31:52.601	0.343578	0.159064	0.795320
16:31:52.651	0.340995	0.157868	0.789341
16:31:52.702	0.337474	0.156238	0.781190
16:31:52.753	0.337031	0.156033	0.780165
16:31:52.803	0.335835	0.155479	0.777395
16:31:52.854	0.334211	0.154727	0.773637
16:31:52.904	0.325620	0.150750	0.753749
16:31:52.955	0.323479	0.149759	0.748795
16:31:53.006	0.323317	0.149684	0.748418
16:31:53.056	0.318572	0.147487	0.737434
16:31:53.107	0.315933	0.146265	0.731326
16:31:53.157	0.312259	0.144565	0.722823
16:31:53.208	0.308592	0.142867	0.714333
16:31:53.258	0.306907	0.142087	0.710434
16:31:53.309	0.303440	0.140481	0.702407
16:31:53.360	0.296639	0.137333	0.686665
16:31:53.410	0.291877	0.135128	0.675641
16:31:53.461	0.291521	0.134964	0.674818
16:31:53.511	0.289002	0.133797	0.668986
16:31:53.562	0.287264	0.132992	0.664962
16:31:53.612	0.282863	0.130955	0.654776
16:31:53.663	0.277576	0.128507	0.642537
16:31:53.714	0.272171	0.126005	0.630026
16:31:53.764	0.267094	0.123655	0.618274
16:31:53.815	0.262036	0.121313	0.606566
16:31:53.865	0.263305	0.121901	0.609503
16:31:53.916	0.264353	0.122386	0.611929
16:31:53.967	0.256703	0.118844	0.594221
16:31:54.017	0.247307	0.114494	0.572471
16:31:54.068	0.244589	0.113235	0.566177
16:31:54.118	0.240535	0.111359	0.556795
16:31:54.169	0.234856	0.108729	0.543647
16:31:54.220	0.231833	0.107330	0.536651
16:31:54.270	0.227211	0.105190	0.525951
16:31:54.321	0.218088	0.100967	0.504834
16:31:54.371	0.215430	0.099736	0.498680
16:31:54.422	0.214349	0.099236	0.496178
16:31:54.472	0.209917	0.097184	0.485920
16:31:54.523	0.207406	0.096021	0.480107
16:31:54.574	0.206575	0.095637	0.478183
16:31:54.624	0.199319	0.092277	0.461386
16:31:54.675	0.194573	0.090080	0.450399
16:31:54.725	0.192261	0.089010	0.445049
16:31:54.776	0.191418	0.088619	0.443097
16:31:54.827	0.191382	0.088603	0.443013
16:31:54.877	0.194672	0.090126	0.450630
16:31:54.928	0.194516	0.090054	0.450269
16:31:54.978	0.196767	0.091096	0.455480
16:31:55.029	0.199474	0.092349	0.461745
16:31:55.079	0.202642	0.093816	0.469080
16:31:55.130	0.204430	0.094643	0.473217
16:31:55.181	0.210314	0.097368	0.486839
16:31:55.231	0.214674	0.099386	0.496930
16:31:55.282	0.215748	0.099883	0.499417
16:31:55.333	0.219918	0.101814	0.509070
16:31:55.383	0.224012	0.103709	0.518546
16:31:55.434	0.224613	0.103987	0.519936
16:31:55.484	0.230793	0.106849	0.534244
16:31:55.535	0.237414	0.109914	0.549569
16:31:55.585	0.239333	0.110802	0.554012
16:31:55.636	0.240418	0.111305	0.556524
16:31:55.687	0.240476	0.111331	0.556656
16:31:55.737	0.240785	0.111475	0.557374
16:31:55.788	0.240450	0.111319	0.556597
16:31:55.838	0.244225	0.113067	0.565336
16:31:55.889	0.244584	0.113233	0.566166
16:31:55.939	0.244659	0.113268	0.566341
16:31:55.990	0.248564	0.115076	0.575379
16:31:56.041	0.253235	0.117239	0.586193
16:31:56.091	0.259748	0.120254	0.601269
16:31:56.142	0.264686	0.122540	0.612700
16:31:56.192	0.265786	0.123049	0.615245
16:31:56.243	0.268896	0.124489	0.622444
16:31:56.294	0.268179	0.124157	0.620785
16:31:56.344	0.270233	0.125108	0.625540
16:31:56.395	0.271898	0.125879	0.629394
16:31:56.445	0.275264	0.127437	0.637185
16:31:56.496	0.277263	0.128363	0.641813
16:31:56.546	0.278829	0.129088	0.645438
16:31:56.597	0.278447	0.128911	0.644553
16:31:56.648	0.277715	0.128572	0.642859
16:31:56.698	0.277495	0.128470	0.642351
16:31:56.749	0.278225	0.128808	0.644040
16:31:56.799	0.280853	0.130025	0.650123
16:31:56.850	0.277184	0.128326	0.641630
16:31:56.900	0.272281	0.126056	0.630281
16:31:56.951	0.270428	0.125198	0.625990
16:31:57.002	0.268382	0.124251	0.621255
16:31:57.052	0.269358	0.124703	0.623513
16:31:57.103	0.269111	0.124588	0.622941
16:31:57.153	0.266229	0.123254	0.616271
16:31:57.204	0.262913	0.121719	0.608595
16:31:57.254	0.259769	0.120264	0.601318
16:31:57.305	0.256954	0.118960	0.594802
16:31:57.356	0.254701	0.117917	0.589585
16:31:57.406	0.253788	0.117494	0.587472
16:31:57.457	0.252114	0.116719	0.583597
16:31:57.507	0.247976	0.114804	0.574019
16:31:57.558	0.245356	0.113591	0.567953
16:31:57.608	0.241392	0.111755	0.558777
16:31:57.659	0.236275	0.109387	0.546933
16:31:57.710	0.233733	0.108210	0.541048
16:31:57.760	0.230274	0.106609	0.533043
16:31:57.811	0.228912	0.105978	0.529888
16:31:57.861	0.227792	0.105459	0.527297
16:31:57.912	0.221920	0.102741	0.513704
16:31:57.963	0.219611	0.101672	0.508358
16:31:58.013	0.219839	0.101777	0.508887
16:31:58.064	0.211863	0.098085	0.490423
16:31:58.114	0.208912	0.096718	0.483592
16:31:58.165	0.198685	0.091984	0.459920
16:31:58.215	0.193794	0.089720	0.448598
16:31:58.266	0.191018	0.088434	0.442171
16:31:58.317	0.189720	0.087833	0.439167
16:31:58.367	0.187887	0.086985	0.434923
16:31:58.418	0.178786	0.082771	0.413856
16:31:58.468	0.173730	0.080431	0.402154
16:31:58.519	0.172268	0.079754	0.398768
16:31:58.569	0.171044	0.079187	0.395935
16:31:58.620	0.170206	0.078799	0.393995
16:31:58.671	0.166193	0.076941	0.384706
16:31:58.721	0.163971	0.075913	0.379563
16:31:58.772	0.164779	0.076287	0.381433
16:31:58.822	0.163378	0.075638	0.378189
16:31:58.873	0.159052	0.073635	0.368176
16:31:58.924	0.157254	0.072803	0.364014
16:31:58.974	0.151870	0.070310	0.351551
16:31:59.025	0.149590	0.069255	0.346273
16:31:59.075	0.149759	0.069333	0.346664
16:31:59.126	0.148022	0.068529	0.342643
16:31:59.177	0.147822	0.068436	0.342181
16:31:59.228	0.146288	0.067726	0.338630
16:31:59.278	0.141883	0.065687	0.328433
16:31:59.329	0.142234	0.065849	0.329246
16:31:59.380	0.141934	0.065710	0.328552
16:31:59.430	0.140271	0.064940	0.324702
16:31:59.481	0.144115	0.066720	0.333599
16:31:59.531	0.144986	0.067123	0.335616
16:31:59.582	0.139695	0.064674	0.323368
16:31:59.633	0.138980	0.064343	0.321713
16:31:59.683	0.137115	0.063479	0.317395
16:31:59.734	0.134711	0.062366	0.311830
16:31:59.784	0.135020	0.062509	0.312547
16:31:59.835	0.132837	0.061499	0.307493
16:31:59.885	0.128837	0.059647	0.298233
16:31:59.936	0.129707	0.060049	0.300247
16:31:59.987	0.128253	0.059376	0.296881
16:32:00.037	0.126784	0.058696	0.293482
16:32:00.088	0.125772	0.058228	0.291140
16:32:00.138	0.124324	0.057558	0.287788
16:32:00.189	0.124326	0.057558	0.287791
16:32:00.239	0.122272	0.056607	0.283037
16:32:00.290	0.120935	0.055988	0.279942
16:32:00.341	0.122635	0.056776	0.283878
16:32:00.391	0.120361	0.055722	0.278612
16:32:00.442	0.122251	0.056597	0.282987
16:32:00.493	0.120588	0.055828	0.279140
16:32:00.543	0.117729	0.054504	0.272521
16:32:00.594	0.115899	0.053657	0.268285
16:32:00.644	0.113380	0.052491	0.262454
16:32:00.695	0.114407	0.052966	0.264830
16:32:00.745	0.111069	0.051421	0.257103
16:32:00.796	0.111269	0.051513	0.257566
16:32:00.847	0.108042	0.050019	0.250097
16:32:00.897	0.105496	0.048841	0.244205
16:32:00.948	0.103570	0.047949	0.239744
16:32:00.998	0.102522	0.047464	0.237319
16:32:01.049	0.100349	0.046458	0.232289
16:32:01.100	0.097946	0.045346	0.226728
16:32:01.150	0.097335	0.045062	0.225312
16:32:01.201	0.093488	0.043281	0.216407
16:32:01.251	0.093375	0.043229	0.216146
16:32:01.302	0.089596	0.041480	0.207398
16:32:01.352	0.087387	0.040457	0.202285
16:32:01.403	0.087821	0.040658	0.203289
16:32:01.454	0.083248	0.038541	0.192703
16:32:01.504	0.081592	0.037774	0.188871
16:32:01.555	0.078559	0.036370	0.181849
16:32:01.605	0.076334	0.035340	0.176698
16:32:01.656	0.074205	0.034354	0.171772
16:32:01.706	0.071698	0.033194	0.165968
16:32:01.757	0.069403	0.032131	0.160655
16:32:01.807	0.069040	0.031963	0.159814
16:32:01.858	0.067103	0.031066	0.155330
16:32:01.909	0.063173	0.029247	0.146234
16:32:01.959	0.061284	0.028372	0.141861
16:32:02.010	0.060067	0.027809	0.139045
16:32:02.060	0.058666	0.027160	0.135801
16:32:02.111	0.057264	0.026511	0.132556
16:32:02.162	0.053994	0.024997	0.124986
16:32:02.212	0.053137	0.024601	0.123003
16:32:02.263	0.051289	0.023745	0.118725
16:32:02.313	0.049026	0.022697	0.113485
16:32:02.364	0.048188	0.022309	0.111547
16:32:02.415	0.047823	0.022140	0.110701
16:32:02.465	0.046546	0.021549	0.107746
16:32:02.516	0.045688	0.021152	0.105760
16:32:02.566	0.044044	0.020391	0.101955
16:32:02.617	0.041287	0.019114	0.095572
16:32:02.668	0.042146	0.019512	0.097561
16:32:02.718	0.041382	0.019158	0.095791
16:32:02.769	0.040358	0.018684	0.093420
16:32:02.819	0.038337	0.017748	0.088742
16:32:02.870	0.038492	0.017820	0.089102
16:32:02.920	0.036380	0.016843	0.084213
16:32:02.971	0.034945	0.016178	0.080890
16:32:03.022	0.036088	0.016707	0.083536
16:32:03.072	0.032753	0.015163	0.075817
16:32:03.123	0.032274	0.014942	0.074708
16:32:03.173	0.033199	0.015370	0.076848
16:32:03.224	0.031418	0.014545	0.072726
16:32:03.274	0.031943	0.014788	0.073942
16:32:03.325	0.034459	0.015953	0.079767
16:32:03.376	0.032647	0.015114	0.075572
16:32:03.426	0.033064	0.015307	0.076537
16:32:03.477	0.033716	0.015609	0.078046
16:32:03.527	0.032201	0.014908	0.074539
16:32:03.578	0.031255	0.014470	0.072349
16:32:03.628	0.031271	0.014477	0.072386
16:32:03.679	0.032159	0.014888	0.074441
16:32:03.729	0.028668	0.013272	0.066362
16:32:03.780	0.027870	0.012903	0.064513
16:32:03.831	0.029607	0.013707	0.068535
16:32:03.881	0.027271	0.012625	0.063127
16:32:03.932	0.027362	0.012668	0.063338
16:32:03.983	0.030104	0.013937	0.069684
16:32:04.033	0.028904	0.013382	0.066908
16:32:04.084	0.029067	0.013457	0.067284
16:32:04.134	0.029235	0.013535	0.067674
16:32:04.185	0.030125	0.013947	0.069734
16:32:04.235	0.031531	0.014598	0.072988
16:32:04.286	0.033082	0.015316	0.076578
16:32:04.337	0.034533	0.015987	0.079937
16:32:04.387	0.033964	0.015724	0.078621
16:32:04.438	0.033048	0.015300	0.076501
16:32:04.488	0.032803	0.015187	0.075933
16:32:04.539	0.034613	0.016024	0.080122
16:32:04.589	0.037161	0.017204	0.086022
16:32:04.640	0.039894	0.018470	0.092348
16:32:04.691	0.041062	0.019010	0.095051
16:32:04.741	0.041815	0.019359	0.096793
16:32:04.792	0.043436	0.020109	0.100545
16:32:04.842	0.044948	0.020809	0.104047
16:32:04.893	0.046121	0.021352	0.106761
16:32:04.943	0.048829	0.022606	0.113029
16:32:04.994	0.053877	0.024943	0.124716
16:32:05.045	0.053782	0.024899	0.124494
16:32:05.095	0.054381	0.025176	0.125882
16:32:05.146	0.054367	0.025170	0.125851
16:32:05.196	0.055340	0.025620	0.128101
16:32:05.247	0.056397	0.026110	0.130548
16:32:05.297	0.058852	0.027246	0.136232
16:32:05.348	0.062264	0.028826	0.144130
16:32:05.399	0.064884	0.030039	0.150193
16:32:05.449	0.071123	0.032927	0.164637
16:32:05.500	0.079662	0.036881	0.184404
16:32:05.550	0.090665	0.041975	0.209874
16:32:05.601	0.093967	0.043503	0.217516
16:32:05.651	0.100333	0.046450	0.232252
16:32:05.702	0.105121	0.048667	0.243336
16:32:05.753	0.104514	0.048386	0.241930
16:32:05.803	0.101826	0.047142	0.235708
16:32:05.854	0.100996	0.046758	0.233788
16:32:05.904	0.098953	0.045811	0.229057
16:32:05.955	0.096472	0.044663	0.223314
16:32:06.005	0.098121	0.045426	0.227131
16:32:06.056	0.101856	0.047156	0.235778
16:32:06.107	0.104069	0.048180	0.240900
16:32:06.157	0.107885	0.049947	0.249735
16:32:06.208	0.109757	0.050813	0.254067
16:32:06.258	0.111592	0.051663	0.258315
16:32:06.309	0.113714	0.052645	0.263227
16:32:06.359	0.119226	0.055197	0.275985
16:32:06.410	0.120428	0.055754	0.278769
16:32:06.461	0.123032	0.056959	0.284796
16:32:06.511	0.126731	0.058672	0.293358
16:32:06.562	0.131770	0.061005	0.305023
16:32:06.612	0.133222	0.061677	0.308385
16:32:06.663	0.139448	0.064559	0.322797
16:32:06.714	0.145594	0.067405	0.337023
16:32:06.764	0.147612	0.068339	0.341696
16:32:06.815	0.150980	0.069898	0.349490
16:32:06.865	0.156659	0.072527	0.362636
16:32:06.916	0.160575	0.074340	0.371701
16:32:06.966	0.164330	0.076079	0.380394
16:32:07.017	0.171210	0.079264	0.396320
16:32:07.068	0.170106	0.078753	0.393765
16:32:07.118	0.170724	0.079039	0.395195
16:32:07.169	0.174070	0.080588	0.402940
16:32:07.219	0.178090	0.082449	0.412245
16:32:07.270	0.175549	0.081273	0.406363
16:32:07.320	0.174193	0.080645	0.403226
16:32:07.371	0.173129	0.080153	0.400763
16:32:07.422	0.169261	0.078362	0.391808
16:32:07.472	0.169256	0.078359	0.391796
16:32:07.523	0.169255	0.078359	0.391795
16:32:07.573	0.168102	0.077825	0.389125
16:32:07.624	0.166449	0.077060	0.385298
16:32:07.675	0.163677	0.075776	0.378881
16:32:07.725	0.159262	0.073733	0.368663
16:32:07.776	0.152952	0.070811	0.354056
16:32:07.826	0.148536	0.068767	0.343833
16:32:07.877	0.141950	0.065718	0.328588
16:32:07.927	0.137905	0.063845	0.319223
16:32:07.978	0.133099	0.061620	0.308100
16:32:08.029	0.125538	0.058120	0.290598
16:32:08.079	0.119518	0.055333	0.276663
16:32:08.130	0.115231	0.053348	0.266738
16:32:08.180	0.111176	0.051470	0.257352
16:32:08.231	0.106097	0.049119	0.245594
16:32:08.281	0.102240	0.047334	0.236668
16:32:08.332	0.099501	0.046065	0.230326
16:32:08.383	0.092879	0.043000	0.214998
16:32:08.433	0.090743	0.042010	0.210052
16:32:08.484	0.087797	0.040647	0.203233
16:32:08.534	0.081999	0.037962	0.189812
16:32:08.585	0.078880	0.036519	0.182593
16:32:08.636	0.077696	0.035970	0.179851
16:32:08.686	0.070438	0.032610	0.163051
16:32:08.737	0.067748	0.031365	0.156825
16:32:08.787	0.066023	0.030566	0.152832
16:32:08.838	0.061442	0.028446	0.142228
16:32:08.889	0.059542	0.027566	0.137829
16:32:08.939	0.059918	0.027740	0.138698
16:32:08.990	0.059334	0.027470	0.137348
16:32:09.040	0.057603	0.026668	0.133340
16:32:09.091	0.057550	0.026643	0.133217
16:32:09.141	0.057395	0.026572	0.132859
16:32:09.192	0.055843	0.025853	0.129267
16:32:09.243	0.054214	0.025099	0.125495
16:32:09.294	0.053375	0.024711	0.123554
16:32:09.344	0.051100	0.023657	0.118287
16:32:09.395	0.049030	0.022699	0.113495
16:32:09.445	0.049323	0.022835	0.114173
16:32:09.496	0.046774	0.021655	0.108273
16:32:09.546	0.047842	0.022149	0.110744
16:32:09.597	0.046805	0.021669	0.108344
16:32:09.648	0.041810	0.019357	0.096783
16:32:09.698	0.042990	0.019903	0.099513
16:32:09.749	0.043732	0.020246	0.101231
16:32:09.799	0.040478	0.018740	0.093698
16:32:09.850	0.040552	0.018774	0.093871
16:32:09.900	0.040501	0.018750	0.093752
16:32:09.951	0.038987	0.018050	0.090248
16:32:10.002	0.038448	0.017800	0.089000
16:32:10.052	0.038957	0.018036	0.090179
16:32:10.103	0.036810	0.017042	0.085209
16:32:10.154	0.035837	0.016591	0.082956
16:32:10.204	0.035695	0.016525	0.082626
16:32:10.255	0.033627	0.015568	0.077840
16:32:10.305	0.034252	0.015858	0.079288
16:32:10.356	0.033179	0.015361	0.076803
16:32:10.407	0.032476	0.015035	0.075176
16:32:10.593	0.030659	0.014194	0.070969
16:32:10.644	0.029570	0.013690	0.068450
16:32:10.694	0.031936	0.014785	0.073925
16:32:10.745	0.032169	0.014893	0.074465
16:32:10.795	0.030252	0.014006	0.070029
16:32:10.846	0.029606	0.013707	0.068534
16:32:10.897	0.028532	0.013209	0.066047
16:32:10.947	0.026142	0.012103	0.060514
16:32:10.998	0.023654	0.010951	0.054756
16:32:11.048	0.023945	0.011086	0.055428
16:32:11.099	0.024472	0.011330	0.056649
16:32:11.149	0.026134	0.012099	0.060495
16:32:11.200	0.026439	0.012240	0.061201
16:32:11.251	0.024038	0.011129	0.055644
16:32:11.302	0.026616	0.012322	0.061610
16:32:11.352	0.023587	0.010920	0.054600
16:32:11.403	0.024663	0.011418	0.057090
16:32:11.454	0.024379	0.011287	0.056433
16:32:11.504	0.023212	0.010746	0.053731
16:32:11.555	0.023955	0.011090	0.055451
16:32:11.606	0.021381	0.009899	0.049494
16:32:11.657	0.020191	0.009348	0.046738
16:32:11.707	0.022365	0.010354	0.051770
16:32:11.758	0.021830	0.010107	0.050533
16:32:11.809	0.024374	0.011284	0.056421
16:32:11.859	0.028900	0.013380	0.066898
16:32:11.910	0.029594	0.013701	0.068504
16:32:11.961	0.032281	0.014945	0.074724
16:32:12.012	0.033842	0.015668	0.078338
16:32:12.062	0.034368	0.015911	0.079556
16:32:12.113	0.037011	0.017135	0.085674
16:32:12.164	0.038069	0.017625	0.088123
16:32:12.214	0.040254	0.018636	0.093181
16:32:12.265	0.041456	0.019193	0.095964
16:32:12.316	0.041863	0.019381	0.096905
16:32:12.367	0.042466	0.019660	0.098301
16:32:12.417	0.049133	0.022747	0.113734
16:32:12.468	0.046382	0.021473	0.107366
16:32:12.519	0.046620	0.021583	0.107917
16:32:12.569	0.050369	0.023319	0.116596
16:32:12.620	0.047132	0.021820	0.109101
16:32:12.671	0.048874	0.022627	0.113134
16:32:12.722	0.048523	0.022464	0.112322
16:32:12.773	0.046386	0.021475	0.107376
16:32:12.823	0.046509	0.021532	0.107660
16:32:12.874	0.046760	0.021648	0.108241
16:32:12.925	0.048486	0.022447	0.112237
16:32:12.975	0.047605	0.022039	0.110196
16:32:13.026	0.045309	0.020976	0.104882
16:32:13.077	0.043337	0.020064	0.100318
16:32:13.127	0.046506	0.021531	0.107653
16:32:13.178	0.045041	0.020852	0.104261
16:32:13.229	0.044285	0.020502	0.102511
16:32:13.280	0.045265	0.020956	0.104779
16:32:13.330	0.042402	0.019631	0.098154
16:32:13.381	0.043003	0.019909	0.099545
16:32:13.432	0.043448	0.020115	0.100573
16:32:13.482	0.043197	0.019999	0.099994
16:32:13.533	0.043565	0.020169	0.100845
16:32:13.584	0.042007	0.019448	0.097239
16:32:13.635	0.042276	0.019572	0.097861
16:32:13.685	0.040657	0.018823	0.094114
16:32:13.736	0.039732	0.018395	0.091973
16:32:13.787	0.038691	0.017913	0.089564
16:32:13.838	0.039900	0.018472	0.092360
16:32:13.888	0.038601	0.017871	0.089354
16:32:13.939	0.038787	0.017957	0.089785
16:32:13.990	0.040688	0.018837	0.094185
16:32:14.040	0.041551	0.019237	0.096183
16:32:14.091	0.041375	0.019155	0.095774
16:32:14.142	0.041900	0.019398	0.096990
16:32:14.193	0.042999	0.019907	0.099535
16:32:14.243	0.040374	0.018692	0.093458
16:32:14.294	0.039800	0.018426	0.092130
16:32:14.345	0.042777	0.019804	0.099021
16:32:14.396	0.040436	0.018720	0.093602
16:32:14.446	0.041966	0.019428	0.097142
16:32:14.497	0.043832	0.020292	0.101462
16:32:14.548	0.040276	0.018646	0.093232
16:32:14.598	0.042415	0.019636	0.098182
16:32:14.649	0.042006	0.019447	0.097237
16:32:14.700	0.040416	0.018711	0.093557
16:32:14.750	0.039303	0.018196	0.090980
16:32:14.801	0.040449	0.018726	0.093632
16:32:14.852	0.039861	0.018454	0.092272
16:32:14.903	0.040958	0.018962	0.094811
16:32:14.953	0.041403	0.019168	0.095841
16:32:15.004	0.037579	0.017398	0.086989
16:32:15.055	0.040573	0.018784	0.093919
16:32:15.105	0.041889	0.019393	0.096965
16:32:15.156	0.040197	0.018610	0.093050
16:32:15.207	0.041396	0.019165	0.095825
16:32:15.258	0.041045	0.019003	0.095013
16:32:15.308	0.040180	0.018602	0.093009
16:32:15.359	0.041530	0.019227	0.096135
16:32:15.410	0.040718	0.018851	0.094254
16:32:15.461	0.039992	0.018515	0.092575
16:32:15.512	0.043091	0.019950	0.099749
16:32:15.563	0.042589	0.019717	0.098586
16:32:15.613	0.040310	0.018662	0.093310
16:32:15.664	0.042985	0.019900	0.099501
16:32:15.715	0.039633	0.018348	0.091742
16:32:15.766	0.039290	0.018190	0.090950
16:32:15.816	0.042327	0.019596	0.097980
16:32:15.867	0.040828	0.018902	0.094509
16:32:15.918	0.039885	0.018465	0.092326
16:32:15.968	0.040613	0.018802	0.094012
16:32:16.019	0.039060	0.018083	0.090417
16:32:16.070	0.038640	0.017889	0.089444
16:32:16.121	0.041612	0.019265	0.096324
16:32:16.171	0.036485	0.016891	0.084456
16:32:16.222	0.035006	0.016207	0.081033
16:32:16.273	0.038238	0.017703	0.088514
16:32:16.323	0.037381	0.017306	0.086530
16:32:16.374	0.038753	0.017941	0.089705
16:32:16.425	0.039230	0.018162	0.090810
16:32:16.475	0.038607	0.017873	0.089367
16:32:16.526	0.040443	0.018724	0.093618
16:32:16.577	0.040043	0.018538	0.092692
16:32:16.628	0.036890	0.017079	0.085394
16:32:16.678	0.036619	0.016953	0.084767
16:32:16.729	0.038520	0.017833	0.089167
16:32:16.780	0.037072	0.017163	0.085815
16:32:16.830	0.039207	0.018151	0.090757
16:32:16.881	0.040691	0.018838	0.094192
16:32:16.932	0.036453	0.016876	0.084382
16:32:16.983	0.038885	0.018003	0.090013
16:32:17.033	0.041647	0.019281	0.096404
16:32:17.084	0.037777	0.017489	0.087446
16:32:17.135	0.040076	0.018554	0.092768
16:32:17.185	0.039777	0.018415	0.092076
16:32:17.236	0.038302	0.017732	0.088662
16:32:17.287	0.038806	0.017966	0.089829
16:32:17.338	0.039115	0.018109	0.090544
16:32:17.388	0.036312	0.016811	0.084056
16:32:17.439	0.038064	0.017622	0.088112
16:32:17.490	0.039514	0.018294	0.091468
16:32:17.540	0.037116	0.017183	0.085916
16:32:17.591	0.038417	0.017786	0.088929
16:32:17.642	0.036070	0.016699	0.083496
16:32:17.693	0.037673	0.017441	0.087205
16:32:17.743	0.041099	0.019027	0.095137
16:32:17.794	0.039836	0.018442	0.092212
16:32:17.845	0.039899	0.018472	0.092359
16:32:17.896	0.036972	0.017117	0.085584
16:32:17.946	0.037404	0.017316	0.086582
16:32:17.997	0.037590	0.017403	0.087014
16:32:18.048	0.037479	0.017352	0.086758
16:32:18.098	0.037488	0.017355	0.086777
16:32:18.149	0.038016	0.017600	0.087999
16:32:18.200	0.039262	0.018177	0.090884
16:32:18.251	0.038300	0.017732	0.088658
16:32:18.301	0.038111	0.017644	0.088220
16:32:18.352	0.038208	0.017689	0.088445
16:32:18.403	0.036768	0.017022	0.085110
16:32:18.453	0.038052	0.017617	0.088084
16:32:18.504	0.038791	0.017959	0.089795
16:32:18.555	0.036015	0.016674	0.083369
16:32:18.606	0.036752	0.017015	0.085074
16:32:18.656	0.037757	0.017480	0.087399
16:32:18.707	0.037376	0.017304	0.086518
16:32:18.758	0.039174	0.018136	0.090680
16:32:18.808	0.041251	0.019098	0.095488
16:32:18.859	0.037543	0.017381	0.086904
16:32:18.910	0.038774	0.017951	0.089756
16:32:18.961	0.039397	0.018239	0.091197
16:32:19.011	0.039414	0.018247	0.091235
16:32:19.062	0.040194	0.018608	0.093042
16:32:19.113	0.041068	0.019013	0.095064
16:32:19.163	0.040978	0.018971	0.094857
16:32:19.214	0.041821	0.019361	0.096807
16:32:19.265	0.041322	0.019130	0.095652
16:32:19.316	0.039021	0.018065	0.090327
16:32:19.366	0.040051	0.018542	0.092711
16:32:19.417	0.040457	0.018730	0.093650
16:32:19.468	0.039914	0.018479	0.092393
16:32:19.518	0.039739	0.018397	0.091987
16:32:19.569	0.040060	0.018546	0.092732
16:32:19.620	0.038692	0.017913	0.089566
16:32:19.670	0.039259	0.018176	0.090878
16:32:19.721	0.038845	0.017984	0.089918
16:32:19.772	0.038811	0.017968	0.089841
16:32:19.823	0.036253	0.016784	0.083918
16:32:19.873	0.038369	0.017764	0.088818
16:32:19.924	0.037786	0.017494	0.087468
16:32:19.975	0.035782	0.016566	0.082829
16:32:20.025	0.037881	0.017538	0.087689
16:32:20.076	0.039066	0.018086	0.090431
16:32:20.127	0.037086	0.017169	0.085846
16:32:20.177	0.038699	0.017916	0.089581
16:32:20.228	0.039320	0.018204	0.091019
16:32:20.279	0.035092	0.016246	0.081232
16:32:20.330	0.035435	0.016405	0.082025
16:32:20.380	0.038734	0.017932	0.089661
16:32:20.431	0.037333	0.017284	0.086420
16:32:20.482	0.040235	0.018627	0.093136
16:32:20.533	0.040348	0.018680	0.093399
16:32:20.583	0.038920	0.018018	0.090092
16:32:20.634	0.040230	0.018625	0.093124
16:32:20.685	0.038751	0.017940	0.089701
16:32:20.735	0.037352	0.017293	0.086464
16:32:20.786	0.038766	0.017947	0.089737
16:32:20.837	0.040660	0.018824	0.094120
16:32:20.888	0.038214	0.017692	0.088459
16:32:20.938	0.039397	0.018240	0.091198
16:32:20.989	0.038837	0.017980	0.089902
16:32:21.040	0.035421	0.016399	0.081994
16:32:21.090	0.037523	0.017372	0.086859
16:32:21.141	0.036624	0.016955	0.084777
16:32:21.192	0.035376	0.016378	0.081890
16:32:21.243	0.034261	0.015862	0.079308
16:32:21.293	0.037229	0.017236	0.086179
16:32:21.344	0.037118	0.017184	0.085922
16:32:21.395	0.037486	0.017354	0.086772
16:32:21.445	0.039324	0.018205	0.091027
16:32:21.496	0.039913	0.018478	0.092392
16:32:21.547	0.041268	0.019106	0.095529
16:32:21.598	0.044971	0.020820	0.104100
16:32:21.648	0.047026	0.021771	0.108856
16:32:21.699	0.047603	0.022038	0.110191
16:32:21.750	0.049403	0.022872	0.114358
16:32:21.800	0.053921	0.024963	0.124817
16:32:21.851	0.054500	0.025232	0.126158
16:32:21.902	0.054083	0.025038	0.125192
16:32:21.953	0.051780	0.023972	0.119861
16:32:22.003	0.043162	0.019982	0.099911
16:32:22.054	0.040484	0.018743	0.093714
16:32:22.105	0.039658	0.018360	0.091802
16:32:22.156	0.038728	0.017930	0.089648
16:32:22.207	0.027630	0.012791	0.063957
16:32:22.257	0.018844	0.008724	0.043620
16:32:22.308	0.018077	0.008369	0.041846
16:32:22.359	0.018677	0.008647	0.043234
16:32:22.410	0.025249	0.011689	0.058447
16:32:22.460	0.032234	0.014923	0.074617
16:32:22.511	0.040498	0.018749	0.093745
16:32:22.562	0.048566	0.022484	0.112421
16:32:22.613	0.052786	0.024438	0.122189
16:32:22.663	0.054646	0.025299	0.126496
16:32:22.714	0.049910	0.023107	0.115534
16:32:22.765	0.054542	0.025251	0.126254
16:32:22.815	0.057986	0.026845	0.134226
16:32:22.866	0.057786	0.026753	0.133763
16:32:22.917	0.059577	0.027582	0.137911
16:32:22.968	0.059090	0.027356	0.136782
16:32:23.018	0.060016	0.027785	0.138927
16:32:23.069	0.059094	0.027358	0.136792
16:32:23.120	0.061161	0.028315	0.141576
16:32:23.170	0.062767	0.029059	0.145294
16:32:23.221	0.063879	0.029574	0.147868
16:32:23.272	0.063177	0.029248	0.146242
16:32:23.323	0.062863	0.029103	0.145515
16:32:23.373	0.065000	0.030093	0.150464
16:32:23.424	0.064413	0.029821	0.149104
16:32:23.475	0.067819	0.031398	0.156989
16:32:23.526	0.064832	0.030015	0.150073
16:32:23.576	0.065200	0.030185	0.150926
16:32:23.627	0.063570	0.029430	0.147152
16:32:23.678	0.064265	0.029752	0.148762
16:32:23.728	0.065472	0.030311	0.151555
16:32:23.779	0.060297	0.027915	0.139577
16:32:23.830	0.061401	0.028426	0.142132
16:32:23.880	0.058445	0.027058	0.135289
16:32:23.931	0.059393	0.027497	0.137483
16:32:23.982	0.056828	0.026309	0.131546
16:32:24.033	0.056017	0.025934	0.129669
16:32:24.083	0.053981	0.024991	0.124956
16:32:24.134	0.052269	0.024199	0.120993
16:32:24.185	0.055192	0.025552	0.127760
16:32:24.235	0.053915	0.024960	0.124802
16:32:24.286	0.055625	0.025752	0.128762
16:32:24.337	0.053578	0.024805	0.124024
16:32:24.388	0.053231	0.024644	0.123221
16:32:24.438	0.054388	0.025179	0.125897
16:32:24.489	0.054937	0.025434	0.127169
16:32:24.540	0.055475	0.025683	0.128414
16:32:24.590	0.054858	0.025397	0.126985
16:32:24.641	0.055565	0.025725	0.128623
16:32:24.692	0.051777	0.023971	0.119854
16:32:24.743	0.052506	0.024308	0.121542
16:32:24.793	0.053310	0.024680	0.123402
16:32:24.844	0.051452	0.023820	0.119102
16:32:24.895	0.051279	0.023740	0.118701
16:32:24.945	0.049461	0.022898	0.114492
16:32:24.996	0.048294	0.022358	0.111792
16:32:25.047	0.051319	0.023759	0.118794
