23:26:57.452	-0.046244	-0.046244	-231.220711
23:26:57.505	0.001360	0.001360	6.798085
23:26:57.557	-0.002594	-0.002594	-12.968375
23:26:57.611	-0.034859	-0.034859	-174.295276
23:26:57.662	-0.023066	-0.023066	-115.330326
23:26:57.712	-0.030098	-0.030098	-150.490877
23:26:57.763	-0.025789	-0.025789	-128.942736
23:26:57.814	-0.004754	-0.004754	-23.770713
23:26:57.865	0.002038	0.002038	10.188133
23:26:57.916	0.003571	0.003571	17.857347
23:26:57.966	0.001872	0.001872	9.359395
23:26:58.017	0.000948	0.000948	4.737529
23:26:58.068	-0.000004	-0.000004	-0.017895
23:26:58.118	-0.000554	-0.000554	-2.771134
23:26:58.169	-0.003405	-0.003405	-17.023677
23:26:58.220	-0.000048	-0.000048	-0.242091
23:26:58.270	0.000786	0.000786	3.930188
23:26:58.321	-0.000260	-0.000260	-1.298538
23:26:58.372	0.000244	0.000244	1.221137
23:26:58.422	-0.000074	-0.000074	-0.368554
23:26:58.473	0.001858	0.001858	9.290025
23:26:58.524	0.002046	0.002046	10.229578
23:26:58.575	0.002027	0.002027	10.133867
23:26:58.625	-0.003358	-0.003358	-16.788280
23:26:58.676	0.000490	0.000490	2.449702
23:26:58.727	0.005493	0.005493	27.465906
23:26:58.778	-0.019675	-0.019675	-98.374494
23:26:58.828	0.002424	0.002424	12.117720
23:26:58.879	0.003661	0.003661	18.304627
23:26:58.930	0.002568	0.002568	12.838849
23:26:58.981	0.001094	0.001094	5.468594
23:26:59.031	0.001785	0.001785	8.924723
23:26:59.082	0.003518	0.003518	17.591198
23:26:59.133	0.002291	0.002291	11.456723
23:26:59.183	0.000824	0.000824	4.122188
23:26:59.234	0.001880	0.001880	9.397681
23:26:59.285	0.002917	0.002917	14.584005
23:26:59.336	-0.002112	-0.002112	-10.560401
23:26:59.386	-0.001809	-0.001809	-9.044113
23:26:59.437	0.000855	0.000855	4.273785
23:26:59.488	0.001535	0.001535	7.673413
23:26:59.539	-0.005700	-0.005700	-28.501040
23:26:59.590	-0.000134	-0.000134	-0.670991
23:26:59.640	0.000756	0.000756	3.781772
23:26:59.691	0.000641	0.000641	3.203783
23:26:59.742	0.001737	0.001737	8.686168
23:26:59.792	0.001341	0.001341	6.707224
23:26:59.843	-0.000612	-0.000612	-3.059603
23:26:59.894	0.002282	0.002282	11.407733
23:26:59.944	0.002671	0.002671	13.355889
23:26:59.995	-0.001087	-0.001087	-5.435878
23:27:00.046	-0.007083	-0.007083	-35.414280
23:27:00.097	0.003391	0.003391	16.954733
23:27:00.148	0.003326	0.003326	16.632484
23:27:00.198	0.000491	0.000491	2.453534
23:27:00.249	0.001875	0.001875	9.372583
23:27:00.300	0.002763	0.002763	13.816321
23:27:00.350	0.001322	0.001322	6.608841
23:27:00.401	-0.000171	-0.000171	-0.854688
23:27:00.452	-0.000130	-0.000130	-0.650493
23:27:00.502	0.002446	0.002446	12.228144
23:27:00.553	-0.001646	-0.001646	-8.228551
23:27:00.604	0.000279	0.000279	1.394083
23:27:00.655	0.003112	0.003112	15.561879
23:27:00.706	0.000832	0.000832	4.162367
23:27:00.756	-0.003592	-0.003592	-17.959409
23:27:00.807	-0.000680	-0.000680	-3.398611
23:27:00.858	0.001142	0.001142	5.712495
23:27:00.908	0.002490	0.002490	12.450696
23:27:00.959	0.004648	0.004648	23.239953
23:27:01.010	-0.019954	-0.019954	-99.767855
23:27:01.061	0.001795	0.001795	8.973016
23:27:01.111	0.001001	0.001001	5.004979
23:27:01.162	0.001014	0.001014	5.067549
23:27:01.213	0.001060	0.001060	5.300935
23:27:01.264	0.001521	0.001521	7.602872
23:27:01.314	0.001391	0.001391	6.954177
23:27:01.365	0.001728	0.001728	8.638301
23:27:01.416	0.003566	0.003566	17.831019
23:27:01.466	-0.001417	-0.001417	-7.082934
23:27:01.517	0.003744	0.003744	18.717737
23:27:01.568	-0.011250	-0.011250	-56.251404
23:27:01.619	-0.011883	-0.011883	-59.412537
23:27:01.669	-0.011159	-0.011159	-55.794213
23:27:01.720	-0.007537	-0.007537	-37.686282
23:27:01.771	-0.009902	-0.009902	-49.508046
23:27:01.821	-0.008513	-0.008513	-42.565733
23:27:01.872	-0.015077	-0.015077	-75.382865
23:27:01.923	-0.008831	-0.008831	-44.154088
23:27:01.974	-0.010002	-0.010002	-50.010822
23:27:02.024	-0.011092	-0.011092	-55.458824
23:27:02.075	-0.003801	-0.003801	-19.002656
23:27:02.126	-0.004967	-0.004967	-24.834825
23:27:02.177	-0.004478	-0.004478	-22.387618
23:27:02.227	-0.003805	-0.003805	-19.024337
23:27:02.278	0.001411	0.001411	7.055908
23:27:02.329	0.009995	0.009995	49.973588
23:27:02.379	-0.000125	-0.000125	-0.625761
23:27:02.430	-0.029022	-0.029022	-145.107632
23:27:02.481	-0.024349	-0.024349	-121.747497
23:27:02.538	0.001295	0.001295	6.475719
23:27:02.589	-0.002729	-0.002729	-13.646486
23:27:02.640	-0.011009	-0.011009	-55.045501
23:27:02.691	-0.006753	-0.006753	-33.766893
23:27:02.742	-0.031674	-0.031674	-158.371111
23:27:02.793	-0.004615	-0.004615	-23.073618
23:27:02.843	-0.001199	-0.001199	-5.994020
23:27:02.894	0.000840	0.000840	4.200228
23:27:02.945	-0.000223	-0.000223	-1.112534
23:27:02.996	-0.004590	-0.004590	-22.948823
23:27:03.046	-0.001525	-0.001525	-7.625381
23:27:03.097	0.001976	0.001976	9.878221
23:27:03.148	-0.008314	-0.008314	-41.567550
23:27:03.199	-0.004691	-0.004691	-23.453468
23:27:03.249	-0.002232	-0.002232	-11.161158
23:27:03.300	0.001153	0.001153	5.764454
23:27:03.351	-0.001837	-0.001837	-9.184887
23:27:03.401	-0.000151	-0.000151	-0.753454
23:27:03.452	0.003572	0.003572	17.861511
23:27:03.504	-0.003692	-0.003692	-18.460234
23:27:03.555	-0.003073	-0.003073	-15.363657
23:27:03.606	-0.005903	-0.005903	-29.516633
23:27:03.657	0.001025	0.001025	5.126096
23:27:03.709	0.003638	0.003638	18.190170
23:27:03.760	0.000329	0.000329	1.644383
23:27:03.811	-0.031011	-0.031011	-155.053485
23:27:03.862	-0.003574	-0.003574	-17.868075
23:27:03.913	-0.008400	-0.008400	-42.001511
23:27:03.963	-0.003959	-0.003959	-19.795817
23:27:04.014	-0.012877	-0.012877	-64.387355
23:27:04.065	-0.005836	-0.005836	-29.181244
23:27:04.116	-0.021436	-0.021436	-107.177509
23:27:04.167	0.001158	0.001158	5.791410
23:27:04.218	-0.001456	-0.001456	-7.280825
23:27:04.268	-0.001975	-0.001975	-9.876092
23:27:04.319	-0.002182	-0.002182	-10.910693
23:27:04.370	-0.000773	-0.000773	-3.863159
23:27:04.420	-0.001911	-0.001911	-9.556824
23:27:04.471	-0.001840	-0.001840	-9.202215
23:27:04.522	-0.001634	-0.001634	-8.170902
23:27:04.572	-0.000975	-0.000975	-4.873939
23:27:04.623	-0.007342	-0.007342	-36.710441
23:27:04.674	-0.001966	-0.001966	-9.831891
23:27:04.725	0.000599	0.000599	2.995248
23:27:04.776	-0.004564	-0.004564	-22.820444
23:27:04.826	-0.008065	-0.008065	-40.322733
23:27:04.877	-0.000187	-0.000187	-0.935579
23:27:04.928	0.000351	0.000351	1.752820
23:27:04.979	-0.003048	-0.003048	-15.238330
23:27:05.029	-0.002105	-0.002105	-10.524586
23:27:05.080	-0.000651	-0.000651	-3.255483
23:27:05.131	-0.006905	-0.006905	-34.526001
23:27:05.182	-0.001790	-0.001790	-8.948509
23:27:05.232	-0.001825	-0.001825	-9.123974
23:27:05.283	-0.001364	-0.001364	-6.818133
23:27:05.334	-0.003208	-0.003208	-16.041816
23:27:05.384	-0.004847	-0.004847	-24.233665
23:27:05.435	-0.005039	-0.005039	-25.194591
23:27:05.486	-0.007865	-0.007865	-39.326584
23:27:05.537	-0.008440	-0.008440	-42.198941
23:27:05.587	-0.029660	-0.029660	-148.297648
23:27:05.638	-0.003112	-0.003112	-15.559206
23:27:05.689	-0.001821	-0.001821	-9.106091
23:27:05.740	-0.002856	-0.002856	-14.279971
23:27:05.790	-0.002582	-0.002582	-12.907994
23:27:05.841	0.001293	0.001293	6.467439
23:27:05.892	-0.000848	-0.000848	-4.239757
23:27:05.942	-0.000544	-0.000544	-2.722156
23:27:05.993	-0.001751	-0.001751	-8.757277
23:27:06.044	-0.005577	-0.005577	-27.882682
23:27:06.094	-0.001319	-0.001319	-6.595925
23:27:06.145	0.000280	0.000280	1.398069
23:27:06.196	-0.010145	-0.010145	-50.725470
23:27:06.247	0.000843	0.000843	4.217071
23:27:06.298	0.002134	0.002134	10.671831
23:27:06.348	0.001055	0.001055	5.272512
23:27:06.399	-0.002668	-0.002668	-13.342228
23:27:06.450	-0.001488	-0.001488	-7.441411
23:27:06.500	0.001446	0.001446	7.231314
23:27:06.551	0.000060	0.000060	0.299728
23:27:06.602	-0.002123	-0.002123	-10.614927
23:27:06.653	-0.003625	-0.003625	-18.123000
23:27:06.703	-0.001269	-0.001269	-6.344631
23:27:06.754	-0.001589	-0.001589	-7.943773
23:27:06.805	-0.002809	-0.002809	-14.042871
23:27:06.856	-0.011604	-0.011604	-58.020819
23:27:06.906	-0.006031	-0.006031	-30.155405
23:27:06.957	-0.000240	-0.000240	-1.200048
23:27:07.008	-0.003696	-0.003696	-18.478259
23:27:07.058	-0.011650	-0.011650	-58.250834
23:27:07.109	-0.015402	-0.015402	-77.012452
23:27:07.160	-0.018915	-0.018915	-94.573714
23:27:07.211	-0.017267	-0.017267	-86.334211
23:27:07.262	-0.016383	-0.016383	-81.913986
23:27:07.313	-0.012576	-0.012576	-62.881653
23:27:07.363	-0.132895	-0.132895	-664.475056
23:27:07.414	-0.014324	-0.014324	-71.621129
23:27:07.465	-0.015046	-0.015046	-75.228028
23:27:07.515	-0.136824	-0.136824	-684.120388
23:27:07.566	-0.044167	-0.044167	-220.833551
23:27:07.617	-0.036230	-0.036230	-181.149271
23:27:07.668	-0.030022	-0.030022	-150.109927
23:27:07.719	-0.026530	-0.026530	-132.652194
23:27:07.770	-0.006109	-0.006109	-30.546066
23:27:07.820	-0.002055	-0.002055	-10.275895
23:27:07.871	-0.005013	-0.005013	-25.063338
23:27:07.922	-0.001099	-0.001099	-5.497229
23:27:07.972	0.000541	0.000541	2.705739
23:27:08.023	-0.000259	-0.000259	-1.297261
23:27:08.074	0.001488	0.001488	7.441955
23:27:08.124	-0.000240	-0.000240	-1.201858
23:27:08.175	-0.003823	-0.003823	-19.113081
23:27:08.226	-0.008985	-0.008985	-44.925390
23:27:08.277	-0.004593	-0.004593	-22.966388
23:27:08.327	0.001982	0.001982	9.908547
23:27:08.378	0.001191	0.001191	5.953557
23:27:08.429	-0.000307	-0.000307	-1.534396
23:27:08.479	0.001079	0.001079	5.393109
23:27:08.530	0.000567	0.000567	2.833668
23:27:08.581	-0.001873	-0.001873	-9.364185
23:27:08.632	-0.001208	-0.001208	-6.039072
23:27:08.682	-0.001827	-0.001827	-9.135282
23:27:08.733	0.000294	0.000294	1.468244
23:27:08.784	-0.031377	-0.031377	-156.886639
23:27:08.835	-0.006960	-0.006960	-34.799874
23:27:08.886	-0.006921	-0.006921	-34.603508
23:27:08.936	0.000648	0.000648	3.239716
23:27:08.987	0.000461	0.000461	2.304835
23:27:09.038	-0.002880	-0.002880	-14.398829
23:27:09.088	-0.001786	-0.001786	-8.932352
23:27:09.139	0.000233	0.000233	1.162850
23:27:09.190	-0.000004	-0.000004	-0.022331
23:27:09.241	-0.003319	-0.003319	-16.595262
23:27:09.291	-0.002294	-0.002294	-11.469852
23:27:09.342	0.000120	0.000120	0.598120
23:27:09.393	-0.000383	-0.000383	-1.915275
23:27:09.443	-0.002522	-0.002522	-12.609803
23:27:09.494	-0.001106	-0.001106	-5.531447
23:27:09.545	-0.000868	-0.000868	-4.339418
23:27:09.596	-0.005273	-0.005273	-26.367057
23:27:09.646	-0.000035	-0.000035	-0.173561
23:27:09.697	-0.003630	-0.003630	-18.151185
23:27:09.748	-0.001462	-0.001462	-7.307887
23:27:09.799	-0.002054	-0.002054	-10.269000
23:27:09.850	-0.000535	-0.000535	-2.676713
23:27:09.900	0.000258	0.000258	1.291891
23:27:09.951	-0.000147	-0.000147	-0.732732
23:27:10.002	-0.002809	-0.002809	-14.045911
23:27:10.052	-0.000673	-0.000673	-3.365694
23:27:10.103	-0.001592	-0.001592	-7.960959
23:27:10.154	-0.002322	-0.002322	-11.608356
23:27:10.205	-0.003796	-0.003796	-18.981023
23:27:10.255	-0.003001	-0.003001	-15.003324
23:27:10.306	-0.006848	-0.006848	-34.238550
23:27:10.357	-0.019090	-0.019090	-95.449196
23:27:10.408	0.000832	0.000832	4.161941
23:27:10.458	-0.000772	-0.000772	-3.860628
23:27:10.509	-0.001155	-0.001155	-5.774780
23:27:10.560	0.000124	0.000124	0.620108
23:27:10.610	-0.002241	-0.002241	-11.204957
23:27:10.661	-0.000189	-0.000189	-0.946590
23:27:10.712	0.000157	0.000157	0.785555
23:27:10.763	-0.003104	-0.003104	-15.518945
23:27:10.813	-0.006798	-0.006798	-33.991503
23:27:10.864	-0.001313	-0.001313	-6.566095
23:27:10.915	-0.002238	-0.002238	-11.188362
23:27:10.966	-0.003104	-0.003104	-15.520600
23:27:11.016	-0.006200	-0.006200	-31.000691
23:27:11.067	0.000381	0.000381	1.904074
23:27:11.118	0.002951	0.002951	14.755165
23:27:11.168	0.002283	0.002283	11.413374
23:27:11.219	0.004370	0.004370	21.850920
23:27:11.270	0.002831	0.002831	14.154655
23:27:11.321	0.000772	0.000772	3.861232
23:27:11.371	0.002858	0.002858	14.288546
23:27:11.422	0.001026	0.001026	5.131028
23:27:11.473	0.001412	0.001412	7.059420
23:27:11.523	-0.000365	-0.000365	-1.823491
23:27:11.574	0.001109	0.001109	5.544800
23:27:11.625	-0.000774	-0.000774	-3.868624
23:27:11.675	0.004168	0.004168	20.841134
23:27:11.726	-0.014411	-0.014411	-72.055221
23:27:11.777	0.001750	0.001750	8.749719
23:27:11.828	-0.000505	-0.000505	-2.525696
23:27:11.878	0.002229	0.002229	11.146043
23:27:11.929	0.003099	0.003099	15.493810
23:27:11.980	0.005426	0.005426	27.127903
23:27:12.030	-0.007325	-0.007325	-36.626641
23:27:12.081	-0.003244	-0.003244	-16.220416
23:27:12.132	-0.002168	-0.002168	-10.838248
23:27:12.183	-0.001058	-0.001058	-5.291957
23:27:12.233	-0.005306	-0.005306	-26.527891
23:27:12.284	0.000688	0.000688	3.440836
23:27:12.335	0.002030	0.002030	10.151431
23:27:12.386	-0.000955	-0.000955	-4.774397
23:27:12.437	-0.011525	-0.011525	-57.625747
23:27:12.487	0.005240	0.005240	26.202213
23:27:12.538	0.002917	0.002917	14.585282
23:27:12.589	-0.101377	-0.101377	-506.884663
23:27:12.640	-0.046646	-0.046646	-233.231625
23:27:12.691	-0.036190	-0.036190	-180.952161
23:27:12.742	-0.037955	-0.037955	-189.776620
23:27:12.792	-0.062231	-0.062231	-311.153327
23:27:12.843	0.000748	0.000748	3.737619
23:27:12.894	-0.004104	-0.004104	-20.521901
23:27:12.944	-0.009993	-0.009993	-49.966716
23:27:12.995	-0.005691	-0.005691	-28.452534
23:27:13.046	-0.012740	-0.012740	-63.701887
23:27:13.096	-0.003017	-0.003017	-15.083469
23:27:13.147	0.003349	0.003349	16.746563
23:27:13.198	0.004127	0.004127	20.637187
23:27:13.249	-0.001668	-0.001668	-8.342050
23:27:13.300	0.001316	0.001316	6.579046
23:27:13.350	0.000531	0.000531	2.653815
23:27:13.401	0.001610	0.001610	8.050152
23:27:13.452	0.000024	0.000024	0.121755
23:27:13.503	0.006377	0.006377	31.883529
23:27:13.554	0.004028	0.004028	20.140763
23:27:13.605	0.009024	0.009024	45.119413
23:27:13.656	-0.002341	-0.002341	-11.705746
23:27:13.707	0.006286	0.006286	31.428940
23:27:13.759	0.003877	0.003877	19.384694
23:27:13.810	-0.039849	-0.039849	-199.246592
23:27:13.861	0.001066	0.001066	5.330173
23:27:13.912	0.002413	0.002413	12.067286
23:27:13.963	0.002988	0.002988	14.939418
23:27:14.013	0.000903	0.000903	4.514670
23:27:14.064	-0.005598	-0.005598	-27.988198
23:27:14.115	0.001517	0.001517	7.584717
23:27:14.166	-0.003947	-0.003947	-19.732905
23:27:14.216	-0.002703	-0.002703	-13.512513
23:27:14.267	0.000980	0.000980	4.899771
23:27:14.318	0.001888	0.001888	9.442083
23:27:14.368	-0.001425	-0.001425	-7.125301
23:27:14.419	-0.000925	-0.000925	-4.623237
23:27:14.470	-0.000177	-0.000177	-0.882638
23:27:14.521	0.000450	0.000450	2.252249
23:27:14.571	-0.000331	-0.000331	-1.655619
23:27:14.622	0.000209	0.000209	1.043082
23:27:14.673	-0.002431	-0.002431	-12.153239
23:27:14.723	0.000529	0.000529	2.645216
23:27:14.774	0.002840	0.002840	14.198868
23:27:14.825	0.002795	0.002795	13.972839
23:27:14.876	-0.002740	-0.002740	-13.699203
23:27:14.926	0.004995	0.004995	24.972772
23:27:14.977	0.006861	0.006861	34.305957
23:27:15.028	0.002454	0.002454	12.272309
23:27:15.078	0.002554	0.002554	12.768698
23:27:15.129	0.000260	0.000260	1.298716
23:27:15.180	0.000641	0.000641	3.203038
23:27:15.230	0.001909	0.001909	9.544760
23:27:15.281	-0.003764	-0.003764	-18.819397
23:27:15.332	0.010949	0.010949	54.745442
23:27:15.382	0.004913	0.004913	24.567304
23:27:15.433	0.000953	0.000953	4.763184
23:27:15.484	-0.009349	-0.009349	-46.744174
23:27:15.535	0.002556	0.002556	12.778704
23:27:15.585	-0.006185	-0.006185	-30.922805
23:27:15.636	-0.000866	-0.000866	-4.331114
23:27:15.687	0.003076	0.003076	15.379518
23:27:15.738	0.001826	0.001826	9.128717
23:27:15.788	0.006791	0.006791	33.955724
23:27:15.839	0.004600	0.004600	22.997684
23:27:15.890	-0.000769	-0.000769	-3.844637
23:27:15.941	0.000487	0.000487	2.433214
23:27:15.991	0.004818	0.004818	24.089472
23:27:16.042	0.002816	0.002816	14.077657
23:27:16.093	0.005134	0.005134	25.671925
23:27:16.143	0.005106	0.005106	25.527626
23:27:16.194	-0.029776	-0.029776	-148.879635
23:27:16.245	-0.024717	-0.024717	-123.586448
23:27:16.296	-0.045911	-0.045911	-229.555440
23:27:16.347	-0.002829	-0.002829	-14.142733
23:27:16.398	-0.000778	-0.000778	-3.891889
23:27:16.449	0.006037	0.006037	30.184135
23:27:16.499	-0.002392	-0.002392	-11.960788
23:27:16.550	-0.000148	-0.000148	-0.741887
23:27:16.601	0.000154	0.000154	0.770179
23:27:16.651	0.003126	0.003126	15.630232
23:27:16.702	-0.000304	-0.000304	-1.518204
23:27:16.753	0.001011	0.001011	5.055118
23:27:16.804	0.002443	0.002443	12.214294
23:27:16.854	-0.000320	-0.000320	-1.600230
23:27:16.905	0.001574	0.001574	7.872499
23:27:16.956	0.005837	0.005837	29.185289
23:27:17.006	-0.012256	-0.012256	-61.278171
23:27:17.057	0.004809	0.004809	24.042540
23:27:17.108	0.001566	0.001566	7.829540
23:27:17.159	0.005841	0.005841	29.203670
23:27:17.209	0.004496	0.004496	22.478444
23:27:17.260	0.004593	0.004593	22.967322
23:27:17.311	0.003509	0.003509	17.543615
23:27:17.362	0.002645	0.002645	13.222873
23:27:17.412	0.001434	0.001434	7.167692
23:27:17.463	0.002633	0.002633	13.162611
23:27:17.514	0.003084	0.003084	15.417911
23:27:17.564	0.002396	0.002396	11.977773
23:27:17.615	-0.037778	-0.037778	-188.891924
23:27:17.666	-0.034716	-0.034716	-173.577565
23:27:17.717	-0.040401	-0.040401	-202.002540
23:27:17.768	-0.009243	-0.009243	-46.215767
23:27:17.819	0.002939	0.002939	14.697185
23:27:17.869	0.006449	0.006449	32.245649
23:27:17.920	0.004474	0.004474	22.369995
23:27:17.971	0.002966	0.002966	14.830472
23:27:18.021	0.002163	0.002163	10.815325
23:27:18.072	0.005131	0.005131	25.656880
23:27:18.123	-0.011455	-0.011455	-57.277170
23:27:18.173	-0.007474	-0.007474	-37.369344
23:27:18.224	-0.007158	-0.007158	-35.787743
23:27:18.275	-0.009064	-0.009064	-45.321184
23:27:18.326	-0.008153	-0.008153	-40.767257
23:27:18.376	-0.011268	-0.011268	-56.339096
23:27:18.427	-0.015884	-0.015884	-79.418711
23:27:18.478	-0.008949	-0.008949	-44.742946
23:27:18.529	-0.009928	-0.009928	-49.641795
23:27:18.579	-0.010920	-0.010920	-54.601521
23:27:18.630	-0.001105	-0.001105	-5.524409
23:27:18.681	0.002203	0.002203	11.012566
23:27:18.731	0.002427	0.002427	12.133403
23:27:18.782	-0.025808	-0.025808	-129.040860
23:27:18.833	-0.003071	-0.003071	-15.354278
23:27:18.884	0.002789	0.002789	13.946534
23:27:18.935	0.005122	0.005122	25.609628
23:27:18.985	0.000653	0.000653	3.265383
23:27:19.036	0.000798	0.000798	3.988487
23:27:19.087	0.005576	0.005576	27.878223
23:27:19.138	0.006186	0.006186	30.931900
23:27:19.188	0.004315	0.004315	21.575711
23:27:19.239	0.004236	0.004236	21.177575
23:27:19.290	0.005387	0.005387	26.933655
23:27:19.340	0.002288	0.002288	11.438911
23:27:19.391	0.003863	0.003863	19.314023
23:27:19.442	0.002637	0.002637	13.182907
23:27:19.492	0.005886	0.005886	29.428126
23:27:19.543	0.003829	0.003829	19.145110
23:27:19.594	0.003613	0.003613	18.066451
23:27:19.645	0.005101	0.005101	25.505875
23:27:19.695	0.004178	0.004178	20.888800
23:27:19.746	-0.001141	-0.001141	-5.706261
23:27:19.797	0.006799	0.006799	33.994554
23:27:19.848	0.006669	0.006669	33.347219
23:27:19.898	0.005777	0.005777	28.886176
23:27:19.949	0.004980	0.004980	24.901415
23:27:20.000	0.003095	0.003095	15.476483
23:27:20.050	0.001299	0.001299	6.495885
23:27:20.101	0.003488	0.003488	17.441032
23:27:20.152	0.002752	0.002752	13.759926
23:27:20.202	0.000608	0.000608	3.041565
23:27:20.253	0.002425	0.002425	12.126567
23:27:20.304	0.002203	0.002203	11.013654
23:27:20.355	0.004165	0.004165	20.826408
23:27:20.406	-0.000323	-0.000323	-1.614270
23:27:20.456	-0.008380	-0.008380	-41.898858
23:27:20.507	0.003615	0.003615	18.074044
23:27:20.558	0.005224	0.005224	26.121003
23:27:20.608	0.003599	0.003599	17.996099
23:27:20.659	-0.003648	-0.003648	-18.237552
23:27:20.710	0.004308	0.004308	21.540677
23:27:20.761	-0.002953	-0.002953	-14.766188
23:27:20.811	0.004526	0.004526	22.628408
23:27:20.862	0.003226	0.003226	16.127745
23:27:20.913	0.003272	0.003272	16.357677
23:27:20.964	0.005063	0.005063	25.317233
23:27:21.015	-0.002545	-0.002545	-12.723610
23:27:21.065	0.001515	0.001515	7.576827
23:27:21.116	0.000385	0.000385	1.925116
23:27:21.167	0.003290	0.003290	16.449165
23:27:21.218	0.003670	0.003670	18.350779
23:27:21.268	0.003640	0.003640	18.198958
23:27:21.319	0.003368	0.003368	16.839092
23:27:21.370	0.004906	0.004906	24.532317
23:27:21.421	0.003968	0.003968	19.838125
23:27:21.471	-0.004294	-0.004294	-21.468042
23:27:21.522	0.002885	0.002885	14.426293
23:27:21.573	-0.004836	-0.004836	-24.179943
23:27:21.624	0.000710	0.000710	3.549427
23:27:21.675	-0.005148	-0.005148	-25.738397
23:27:21.725	-0.000243	-0.000243	-1.213260
23:27:21.776	-0.012216	-0.012216	-61.080126
23:27:21.827	0.000727	0.000727	3.635013
23:27:21.878	0.000840	0.000840	4.199365
23:27:21.929	0.003958	0.003958	19.789820
23:27:21.979	0.004537	0.004537	22.685679
23:27:22.030	0.001780	0.001780	8.898016
23:27:22.081	-0.000904	-0.000904	-4.522382
23:27:22.131	0.001416	0.001416	7.081692
23:27:22.182	0.002936	0.002936	14.679762
23:27:22.233	0.001001	0.001001	5.006304
23:27:22.284	0.002551	0.002551	12.756598
23:27:22.334	0.001903	0.001903	9.514280
23:27:22.385	0.000002	0.000002	0.009214
23:27:22.436	-0.009885	-0.009885	-49.426162
23:27:22.487	0.002229	0.002229	11.146918
23:27:22.537	-0.000367	-0.000367	-1.837436
23:27:22.588	0.003853	0.003853	19.266771
23:27:22.639	-0.042392	-0.042392	-211.958860
23:27:22.693	-0.024920	-0.024920	-124.600882
23:27:22.744	-0.024404	-0.024404	-122.022127
23:27:22.795	-0.001386	-0.001386	-6.929587
23:27:22.845	0.003435	0.003435	17.174126
23:27:22.896	0.002241	0.002241	11.206530
23:27:22.947	0.001555	0.001555	7.777190
23:27:22.998	0.002786	0.002786	13.930637
23:27:23.048	0.002491	0.002491	12.456929
23:27:23.099	0.002462	0.002462	12.310868
23:27:23.150	0.003637	0.003637	18.184090
23:27:23.200	0.003814	0.003814	19.071340
23:27:23.251	0.001481	0.001481	7.404875
23:27:23.302	0.003046	0.003046	15.228880
23:27:23.352	0.003038	0.003038	15.190853
23:27:23.403	0.002341	0.002341	11.704953
23:27:23.454	0.001647	0.001647	8.236251
23:27:23.505	0.003797	0.003797	18.983673
23:27:23.556	0.001578	0.001578	7.891139
23:27:23.606	-0.002757	-0.002757	-13.783712
23:27:23.657	-0.010955	-0.010955	-54.774751
23:27:23.708	-0.009548	-0.009548	-47.741056
23:27:23.759	-0.008935	-0.008935	-44.677160
23:27:23.809	-0.175302	-0.175302	-876.511447
23:27:23.860	-0.008962	-0.008962	-44.809667
23:27:23.911	-0.008544	-0.008544	-42.721978
23:27:23.962	-0.005102	-0.005102	-25.508903
23:27:24.013	-0.017477	-0.017477	-87.386719
23:27:24.063	-0.007310	-0.007310	-36.551263
23:27:24.114	-0.029387	-0.029387	-146.934944
23:27:24.165	0.001761	0.001761	8.804730
23:27:24.216	0.002154	0.002154	10.771823
23:27:24.266	0.001196	0.001196	5.981400
23:27:24.317	-0.000042	-0.000042	-0.212108
23:27:24.368	0.004510	0.004510	22.550487
23:27:24.418	0.002960	0.002960	14.801281
23:27:24.469	0.000178	0.000178	0.891757
23:27:24.520	-0.003394	-0.003394	-16.972344
23:27:24.571	-0.002767	-0.002767	-13.834453
23:27:24.622	-0.002696	-0.002696	-13.482316
23:27:24.673	0.003813	0.003813	19.067473
23:27:24.725	-0.002872	-0.002872	-14.360660
23:27:24.776	-0.003592	-0.003592	-17.960971
23:27:24.827	-0.004741	-0.004741	-23.703650
23:27:24.878	0.000662	0.000662	3.310435
23:27:24.930	0.004781	0.004781	23.907289
23:27:24.981	0.001321	0.001321	6.605931
23:27:25.032	0.001480	0.001480	7.400451
23:27:25.083	0.000583	0.000583	2.912737
23:27:25.135	-0.003725	-0.003725	-18.623990
23:27:25.186	-0.008161	-0.008161	-40.807377
23:27:25.237	-0.001039	-0.001039	-5.193053
23:27:25.289	-0.001888	-0.001888	-9.441929
23:27:25.340	-0.001234	-0.001234	-6.170680
23:27:25.391	-0.000881	-0.000881	-4.403997
23:27:25.443	0.003573	0.003573	17.866597
23:27:25.494	-0.000399	-0.000399	-1.995610
23:27:25.545	-0.008575	-0.008575	-42.877372
23:27:25.597	-0.005132	-0.005132	-25.658087
23:27:25.648	-0.000496	-0.000496	-2.478467
23:27:25.699	-0.001563	-0.001563	-7.812768
23:27:25.750	0.000383	0.000383	1.913891
23:27:25.802	-0.001046	-0.001046	-5.230559
23:27:25.853	-0.001021	-0.001021	-5.103363
23:27:25.904	-0.001623	-0.001623	-8.113455
23:27:25.956	0.004145	0.004145	20.723270
23:27:26.007	0.000147	0.000147	0.732827
23:27:26.058	-0.001199	-0.001199	-5.995829
23:27:26.109	0.001583	0.001583	7.916924
23:27:26.160	-0.000013	-0.000013	-0.063799
23:27:26.211	-0.000246	-0.000246	-1.231770
23:27:26.262	0.001883	0.001883	9.417102
23:27:26.312	0.002415	0.002415	12.073448
23:27:26.364	-0.003855	-0.003855	-19.276990
23:27:26.415	0.003504	0.003504	17.517511
23:27:26.466	-0.015118	-0.015118	-75.591319
23:27:26.517	0.000138	0.000138	0.688685
23:27:26.569	-0.001044	-0.001044	-5.221511
23:27:26.620	0.001839	0.001839	9.193179
23:27:26.671	0.000042	0.000042	0.208240
23:27:26.722	0.000678	0.000678	3.391088
23:27:26.774	0.000330	0.000330	1.651397
23:27:26.825	-0.000869	-0.000869	-4.342942
23:27:26.876	-0.006076	-0.006076	-30.377650
23:27:26.928	-0.001583	-0.001583	-7.916687
23:27:26.979	0.003924	0.003924	19.618483
23:27:27.031	0.001125	0.001125	5.627062
23:27:27.082	0.002091	0.002091	10.456754
23:27:27.133	0.003454	0.003454	17.268832
23:27:27.185	0.001502	0.001502	7.512129
23:27:27.236	-0.017237	-0.017237	-86.182898
23:27:27.288	-0.002726	-0.002726	-13.631725
23:27:27.339	0.004856	0.004856	24.277546
23:27:27.391	0.004739	0.004739	23.695134
23:27:27.442	0.005362	0.005362	26.810564
23:27:27.494	0.004305	0.004305	21.524319
23:27:27.545	0.002301	0.002301	11.503467
23:27:27.596	-0.042025	-0.042025	-210.123931
23:27:27.647	-0.006593	-0.006593	-32.966813
23:27:27.698	-0.030561	-0.030561	-152.806014
23:27:27.749	-0.010295	-0.010295	-51.473471
23:27:27.800	0.000747	0.000747	3.735869
23:27:27.850	0.008366	0.008366	41.832374
23:27:27.901	0.005297	0.005297	26.487050
23:27:27.951	0.003710	0.003710	18.548386
23:27:28.002	0.003588	0.003588	17.939539
23:27:28.053	0.001395	0.001395	6.973941
23:27:28.103	0.001519	0.001519	7.596485
23:27:28.154	0.001123	0.001123	5.612633
23:27:28.205	0.001027	0.001027	5.135381
23:27:28.256	-0.001902	-0.001902	-9.508106
23:27:28.306	0.000591	0.000591	2.954087
23:27:28.357	0.000201	0.000201	1.002536
23:27:28.408	0.002424	0.002424	12.121303
23:27:28.459	-0.010931	-0.010931	-54.655172
23:27:28.510	-0.003627	-0.003627	-18.136188
23:27:28.561	-0.010237	-0.010237	-51.184861
23:27:28.612	-0.007348	-0.007348	-36.739573
23:27:28.663	-0.009733	-0.009733	-48.666392
23:27:28.714	-0.114755	-0.114755	-573.776625
23:27:28.766	-0.011051	-0.011051	-55.254747
23:27:28.817	-0.037393	-0.037393	-186.967459
23:27:28.868	-0.009687	-0.009687	-48.435573
23:27:28.918	-0.012176	-0.012176	-60.880839
23:27:28.969	0.001073	0.001073	5.366804
23:27:29.020	-0.000545	-0.000545	-2.724332
23:27:29.071	0.001611	0.001611	8.055901
23:27:29.121	0.000860	0.000860	4.299168
23:27:29.172	0.001253	0.001253	6.263067
23:27:29.223	-0.000448	-0.000448	-2.241971
23:27:29.273	-0.000261	-0.000261	-1.306250
23:27:29.324	0.001749	0.001749	8.743640
23:27:29.375	0.004137	0.004137	20.685184
23:27:29.426	-0.002774	-0.002774	-13.872350
23:27:29.478	0.004919	0.004919	24.595016
23:27:29.529	0.003208	0.003208	16.039888
23:27:29.580	0.002902	0.002902	14.509288
23:27:29.631	-0.002984	-0.002984	-14.921629
23:27:29.681	0.002121	0.002121	10.605276
23:27:29.732	0.003051	0.003051	15.254865
23:27:29.783	0.002328	0.002328	11.639735
23:27:29.833	0.003984	0.003984	19.919441
23:27:29.884	0.000977	0.000977	4.884064
23:27:29.935	0.000982	0.000982	4.908370
23:27:29.986	0.002831	0.002831	14.154029
23:27:30.037	-0.001210	-0.001210	-6.047836
23:27:30.087	0.000926	0.000926	4.629920
23:27:30.138	-0.000776	-0.000776	-3.881540
23:27:30.189	0.001872	0.001872	9.359395
23:27:30.239	-0.000342	-0.000342	-1.709566
23:27:30.290	0.000635	0.000635	3.175231
23:27:30.341	0.002492	0.002492	12.459401
23:27:30.391	0.001791	0.001791	8.956836
23:27:30.442	-0.000732	-0.000732	-3.661578
23:27:30.493	0.002463	0.002463	12.313931
23:27:30.544	-0.003106	-0.003106	-15.530855
23:27:30.595	0.001873	0.001873	9.363132
23:27:30.645	0.001614	0.001614	8.071312
23:27:30.696	-0.008411	-0.008411	-42.052761
23:27:30.747	0.001675	0.001675	8.376493
23:27:30.797	0.001687	0.001687	8.435324
23:27:30.848	0.000481	0.000481	2.407181
23:27:30.899	0.001279	0.001279	6.395053
23:27:30.949	0.001451	0.001451	7.256436
23:27:31.000	0.002531	0.002531	12.655317
23:27:31.051	-0.003141	-0.003141	-15.703210
23:27:31.102	0.005061	0.005061	25.307463
23:27:31.153	0.001283	0.001283	6.415243
23:27:31.203	0.002638	0.002638	13.192334
23:27:31.254	0.001474	0.001474	7.370669
23:27:31.305	0.002089	0.002089	10.447079
23:27:31.355	0.002018	0.002018	10.092233
23:27:31.406	-0.002162	-0.002162	-10.807614
23:27:31.457	0.001912	0.001912	9.560254
23:27:31.508	0.000787	0.000787	3.933145
23:27:31.558	0.004061	0.004061	20.306659
23:27:31.609	0.003756	0.003756	18.778271
23:27:31.660	0.002170	0.002170	10.847627
23:27:31.711	0.006908	0.006908	34.539638
23:27:31.761	0.002295	0.002295	11.474725
23:27:31.812	0.000496	0.000496	2.481058
23:27:31.863	0.002588	0.002588	12.940177
23:27:31.914	0.006166	0.006166	30.830903
23:27:31.964	0.001535	0.001535	7.673579
23:27:32.015	0.004757	0.004757	23.782671
23:27:32.066	-0.013023	-0.013023	-65.113961
23:27:32.117	0.006323	0.006323	31.614908
23:27:32.168	-0.000302	-0.000302	-1.510741
23:27:32.218	0.002515	0.002515	12.576662
23:27:32.269	-0.002465	-0.002465	-12.323488
23:27:32.320	0.002448	0.002448	12.240930
23:27:32.370	0.000110	0.000110	0.547662
23:27:32.421	0.004228	0.004228	21.138295
23:27:32.472	0.000679	0.000679	3.396494
23:27:32.523	0.001760	0.001760	8.799751
23:27:32.574	-0.000610	-0.000610	-3.048354
23:27:32.625	-0.023721	-0.023721	-118.604686
23:27:32.676	-0.037057	-0.037057	-185.284434
23:27:32.727	-0.059258	-0.059258	-296.291736
23:27:32.778	-0.002104	-0.002104	-10.520317
23:27:32.829	-0.003453	-0.003453	-17.264810
23:27:32.880	0.001956	0.001956	9.778879
23:27:32.930	0.000693	0.000693	3.463617
23:27:32.981	0.001594	0.001594	7.968115
23:27:33.032	0.002153	0.002153	10.765779
23:27:33.082	-0.000384	-0.000384	-1.922135
23:27:33.133	0.012555	0.012555	62.773393
23:27:33.184	-0.005255	-0.005255	-26.276255
23:27:33.235	0.001707	0.001707	8.536783
23:27:33.285	-0.006473	-0.006473	-32.363371
23:27:33.336	0.004863	0.004863	24.315845
23:27:33.387	-0.003092	-0.003092	-15.458303
23:27:33.438	0.006737	0.006737	33.683034
23:27:33.488	0.001545	0.001545	7.725869
23:27:33.541	-0.028519	-0.028519	-142.595822
23:27:33.592	-0.001415	-0.001415	-7.076251
23:27:33.643	0.001836	0.001836	9.179778
23:27:33.694	0.002052	0.002052	10.258780
23:27:33.746	0.001728	0.001728	8.642323
23:27:33.796	-0.053093	-0.053093	-265.464784
23:27:33.847	0.005205	0.005205	26.025766
23:27:33.898	0.005662	0.005662	28.308507
23:27:33.949	-0.004258	-0.004258	-21.287680
23:27:33.999	-0.009143	-0.009143	-45.715842
23:27:34.050	-0.008631	-0.008631	-43.154627
23:27:34.101	-0.010334	-0.010334	-51.670440
23:27:34.152	-0.008628	-0.008628	-43.141676
23:27:34.202	-0.009308	-0.009308	-46.537874
23:27:34.253	-0.003992	-0.003992	-19.959135
23:27:34.304	-0.008925	-0.008925	-44.624657
23:27:34.354	-0.005060	-0.005060	-25.301597
23:27:34.405	-0.034000	-0.034000	-170.000733
23:27:34.456	-0.022521	-0.022521	-112.606065
23:27:34.507	-0.000719	-0.000719	-3.593817
23:27:34.558	0.004975	0.004975	24.873348
23:27:34.609	0.005286	0.005286	26.429981
23:27:34.660	0.005300	0.005300	26.501657
23:27:34.711	0.004642	0.004642	23.211791
23:27:34.762	-0.023405	-0.023405	-117.024623
23:27:34.814	-0.003806	-0.003806	-19.030073
23:27:34.865	0.005516	0.005516	27.581665
23:27:34.916	-0.011970	-0.011970	-59.848758
23:27:34.967	0.002148	0.002148	10.737759
23:27:35.018	0.000976	0.000976	4.878588
23:27:35.068	0.005436	0.005436	27.181613
23:27:35.119	0.000898	0.000898	4.490967
23:27:35.170	0.002215	0.002215	11.077181
23:27:35.221	0.005162	0.005162	25.808028
23:27:35.271	0.003591	0.003591	17.956642
23:27:35.322	0.004323	0.004323	21.616280
23:27:35.373	0.005576	0.005576	27.881393
23:27:35.424	0.003058	0.003058	15.290171
23:27:35.474	0.004483	0.004483	22.415910
23:27:35.525	0.003378	0.003378	16.890117
23:27:35.576	0.000342	0.000342	1.707792
23:27:35.627	-0.003254	-0.003254	-16.269063
23:27:35.677	0.004948	0.004948	24.738038
23:27:35.728	0.002768	0.002768	13.837872
23:27:35.779	0.002023	0.002023	10.112565
23:27:35.829	0.003303	0.003303	16.517116
23:27:35.880	0.002327	0.002327	11.633726
23:27:35.931	0.001794	0.001794	8.972034
23:27:35.982	0.002952	0.002952	14.760452
23:27:36.032	-0.004342	-0.004342	-21.709235
23:27:36.083	0.006074	0.006074	30.371322
23:27:36.134	0.002675	0.002675	13.377191
23:27:36.185	0.001731	0.001731	8.657391
23:27:36.235	-0.001184	-0.001184	-5.919789
23:27:36.286	0.003155	0.003155	15.776128
23:27:36.337	-0.000220	-0.000220	-1.099985
23:27:36.388	0.004881	0.004881	24.403997
23:27:36.438	0.003449	0.003449	17.245590
23:27:36.489	0.004830	0.004830	24.148292
23:27:36.540	0.004169	0.004169	20.846042
23:27:36.590	-0.018852	-0.018852	-94.258976
23:27:36.641	0.001222	0.001222	6.109743
23:27:36.692	0.000878	0.000878	4.390727
23:27:36.743	0.005902	0.005902	29.509229
23:27:36.794	0.002924	0.002924	14.621818
23:27:36.844	-0.003569	-0.003569	-17.846832
23:27:36.895	0.003947	0.003947	19.735424
23:27:36.946	-0.002370	-0.002370	-11.851322
23:27:36.997	0.001839	0.001839	9.196372
23:27:37.047	0.003676	0.003676	18.380514
23:27:37.098	0.004797	0.004797	23.987434
23:27:37.149	0.002244	0.002244	11.218299
23:27:37.200	0.004023	0.004023	20.114966
23:27:37.251	0.004238	0.004238	21.192218
23:27:37.301	0.005520	0.005520	27.601595
23:27:37.352	0.005159	0.005159	25.797430
23:27:37.403	0.003772	0.003772	18.859339
23:27:37.453	0.003958	0.003958	19.792280
23:27:37.504	0.004014	0.004014	20.070068
23:27:37.555	0.005383	0.005383	26.916446
23:27:37.606	-0.022087	-0.022087	-110.432649
23:27:37.657	-0.030974	-0.030974	-154.868108
23:27:37.707	-0.024513	-0.024513	-122.562575
23:27:37.758	-0.042517	-0.042517	-212.586466
23:27:37.816	-0.002406	-0.002406	-12.028798
23:27:37.867	0.002051	0.002051	10.253860
23:27:37.917	0.003043	0.003043	15.213456
23:27:37.968	0.003988	0.003988	19.938637
23:27:38.019	0.003382	0.003382	16.909610
23:27:38.069	0.004523	0.004523	22.617432
23:27:38.120	0.003588	0.003588	17.938060
23:27:38.171	-0.004540	-0.004540	-22.700440
23:27:38.222	-0.027716	-0.027716	-138.578724
23:27:38.273	-0.073060	-0.073060	-365.302471
23:27:38.324	-0.022395	-0.022395	-111.972569
23:27:38.375	-0.025881	-0.025881	-129.405215
23:27:38.426	-0.063629	-0.063629	-318.145329
23:27:38.477	-0.059372	-0.059372	-296.860038
23:27:38.528	-0.093603	-0.093603	-468.016122
23:27:38.579	-0.044543	-0.044543	-222.715981
23:27:38.629	-0.033133	-0.033133	-165.667430
23:27:38.680	-0.026129	-0.026129	-130.647134
23:27:38.731	-0.018437	-0.018437	-92.184901
23:27:38.782	-0.057140	-0.057140	-285.698643
23:27:38.833	-0.030870	-0.030870	-154.348796
23:27:38.884	-0.029031	-0.029031	-145.154092
23:27:38.934	-0.022914	-0.022914	-114.571940
23:27:38.985	0.002176	0.002176	10.879787
23:27:39.036	-0.002430	-0.002430	-12.150991
23:27:39.087	0.002194	0.002194	10.969737
23:27:39.137	0.003326	0.003326	16.631881
23:27:39.188	0.005897	0.005897	29.486425
23:27:39.239	0.003987	0.003987	19.937159
23:27:39.290	0.003186	0.003186	15.929996
23:27:39.340	0.005259	0.005259	26.294907
23:27:39.391	0.005969	0.005969	29.846002
23:27:39.442	0.001890	0.001890	9.451758
23:27:39.492	-0.010220	-0.010220	-51.098400
23:27:39.543	-0.007307	-0.007307	-36.534704
23:27:39.594	-0.006869	-0.006869	-34.342504
23:27:39.645	-0.005831	-0.005831	-29.155436
23:27:39.695	-0.021075	-0.021075	-105.376774
23:27:39.746	-0.016566	-0.016566	-82.829800
23:27:39.797	-0.014266	-0.014266	-71.329799
23:27:39.848	-0.014718	-0.014718	-73.588932
23:27:39.899	-0.008171	-0.008171	-40.856865
23:27:39.950	-0.009317	-0.009317	-46.586427
23:27:40.001	0.002676	0.002676	13.380869
23:27:40.052	-0.001045	-0.001045	-5.224669
23:27:40.104	0.002866	0.002866	14.330629
23:27:40.155	-0.000754	-0.000754	-3.767946
23:27:40.206	-0.002925	-0.002925	-14.625591
23:27:40.257	0.003133	0.003133	15.664758
23:27:40.309	0.003924	0.003924	19.620907
23:27:40.360	0.003219	0.003219	16.095975
23:27:40.411	0.002922	0.002922	14.609174
23:27:40.462	0.002553	0.002553	12.763789
23:27:40.513	0.003332	0.003332	16.660232
23:27:40.564	0.005211	0.005211	26.054921
23:27:40.615	-0.001833	-0.001833	-9.163242
23:27:40.666	0.004254	0.004254	21.270838
23:27:40.718	-0.002315	-0.002315	-11.572778
23:27:40.769	0.001499	0.001499	7.494884
23:27:40.820	-0.000024	-0.000024	-0.119260
23:27:40.871	-0.001022	-0.001022	-5.108686
23:27:40.922	0.002390	0.002390	11.947636
23:27:40.973	0.002784	0.002784	13.922298
23:27:41.024	-0.000394	-0.000394	-1.970724
23:27:41.075	-0.001212	-0.001212	-6.060433
23:27:41.126	-0.001136	-0.001136	-5.678182
23:27:41.177	0.003363	0.003363	16.816347
23:27:41.228	0.003573	0.003573	17.867365
23:27:41.279	0.005230	0.005230	26.148349
23:27:41.330	0.000939	0.000939	4.696392
23:27:41.381	0.005086	0.005086	25.428923
23:27:41.433	-0.002151	-0.002151	-10.752674
23:27:41.484	0.008125	0.008125	40.623916
23:27:41.535	-0.003110	-0.003110	-15.548195
23:27:41.586	0.007810	0.007810	39.051340
23:27:41.638	0.001955	0.001955	9.774728
23:27:41.689	0.008348	0.008348	41.740164
23:27:41.740	0.005285	0.005285	26.423321
23:27:41.791	-0.000293	-0.000293	-1.464210
23:27:41.842	0.003352	0.003352	16.758462
23:27:41.894	-0.001591	-0.001591	-7.954371
23:27:41.945	-0.008836	-0.008836	-44.178548
23:27:41.996	-0.002119	-0.002119	-10.593708
23:27:42.048	0.003228	0.003228	16.140980
23:27:42.099	-0.003731	-0.003731	-18.653902
23:27:42.150	0.005380	0.005380	26.899166
23:27:42.201	0.001396	0.001396	6.980505
23:27:42.253	0.002441	0.002441	12.204027
23:27:42.304	0.007309	0.007309	36.544651
23:27:42.355	-0.003905	-0.003905	-19.527255
23:27:42.406	0.001032	0.001032	5.157830
23:27:42.458	0.005243	0.005243	26.216288
23:27:42.509	0.008043	0.008043	40.213338
23:27:42.560	-0.001369	-0.001369	-6.846650
23:27:42.611	-0.049550	-0.049550	-247.748401
23:27:42.662	-0.024917	-0.024917	-124.584371
23:27:42.713	-0.029366	-0.029366	-146.829393
23:27:42.764	-0.007405	-0.007405	-37.024789
23:27:42.815	-0.011138	-0.011138	-55.691216
23:27:42.865	0.004666	0.004666	23.331169
23:27:42.916	-0.005307	-0.005307	-26.536726
23:27:42.967	0.001167	0.001167	5.832535
23:27:43.018	0.001447	0.001447	7.234602
23:27:43.068	-0.000636	-0.000636	-3.180010
23:27:43.119	0.000489	0.000489	2.445965
23:27:43.170	0.001383	0.001383	6.913122
23:27:43.220	0.000344	0.000344	1.718603
23:27:43.271	0.004576	0.004576	22.882174
23:27:43.322	0.003045	0.003045	15.227283
23:27:43.372	0.002656	0.002656	13.280345
23:27:43.423	0.001921	0.001921	9.607353
23:27:43.474	-0.000767	-0.000767	-3.832798
23:27:43.525	0.000159	0.000159	0.795419
23:27:43.575	-0.001585	-0.001585	-7.926386
23:27:43.626	-0.005391	-0.005391	-26.954555
23:27:43.677	-0.000928	-0.000928	-4.642327
23:27:43.728	0.000026	0.000026	0.131762
23:27:43.779	-0.031101	-0.031101	-155.505827
23:27:43.830	0.004448	0.004448	22.239747
23:27:43.880	-0.009771	-0.009771	-48.857009
23:27:43.931	0.003882	0.003882	19.410633
23:27:43.982	0.003393	0.003393	16.966963
23:27:44.032	0.005278	0.005278	26.390901
23:27:44.083	0.004503	0.004503	22.512662
23:27:44.134	0.002663	0.002663	13.312942
23:27:44.185	0.000371	0.000371	1.856325
23:27:44.235	-0.000412	-0.000412	-2.061999
23:27:44.286	-0.005260	-0.005260	-26.301235
23:27:44.337	0.000162	0.000162	0.808241
23:27:44.388	-0.000889	-0.000889	-4.442934
23:27:44.438	0.000997	0.000997	4.982862
23:27:44.489	0.001196	0.001196	5.979271
23:27:44.540	0.001961	0.001961	9.805989
23:27:44.590	0.002236	0.002236	11.179775
23:27:44.641	0.003350	0.003350	16.752335
23:27:44.692	-0.000857	-0.000857	-4.285743
23:27:44.743	0.002152	0.002152	10.762467
23:27:44.793	-0.003172	-0.003172	-15.857917
23:27:44.844	0.003467	0.003467	17.334843
23:27:44.895	0.001647	0.001647	8.233057
23:27:44.946	0.002728	0.002728	13.642488
23:27:44.996	-0.194443	-0.194443	-972.214550
23:27:45.047	-0.008469	-0.008469	-42.342862
23:27:45.098	-0.010360	-0.010360	-51.798795
23:27:45.148	-0.007430	-0.007430	-37.151098
23:27:45.199	-0.008891	-0.008891	-44.454372
23:27:45.250	-0.006856	-0.006856	-34.281130
23:27:45.301	-0.018066	-0.018066	-90.331367
23:27:45.351	-0.007041	-0.007041	-35.206833
23:27:45.402	-0.006756	-0.006756	-33.777810
23:27:45.453	-0.122332	-0.122332	-611.658338
23:27:45.504	-0.002611	-0.002611	-13.055581
23:27:45.554	0.002151	0.002151	10.756849
23:27:45.605	0.002416	0.002416	12.081787
23:27:45.656	-0.000484	-0.000484	-2.421055
23:27:45.707	0.000523	0.000523	2.616309
23:27:45.757	0.003448	0.003448	17.237795
23:27:45.808	0.000394	0.000394	1.970641
23:27:45.859	0.002097	0.002097	10.484147
23:27:45.910	0.001791	0.001791	8.952684
23:27:45.960	0.001779	0.001779	8.894302
23:27:46.011	-0.000473	-0.000473	-2.367263
23:27:46.062	0.000792	0.000792	3.960609
23:27:46.112	-0.001290	-0.001290	-6.450549
23:27:46.163	-0.000951	-0.000951	-4.755650
23:27:46.214	-0.000314	-0.000314	-1.569832
23:27:46.265	0.003581	0.003581	17.904457
23:27:46.316	-0.000079	-0.000079	-0.395900
23:27:46.366	-0.005013	-0.005013	-25.066827
23:27:46.417	-0.000510	-0.000510	-2.550972
23:27:46.468	0.000722	0.000722	3.609299
23:27:46.518	-0.002331	-0.002331	-11.655052
23:27:46.569	-0.000510	-0.000510	-2.550463
23:27:46.620	-0.002986	-0.002986	-14.932073
23:27:46.671	-0.001011	-0.001011	-5.054822
23:27:46.721	-0.007432	-0.007432	-37.160347
23:27:46.772	-0.002941	-0.002941	-14.704802
23:27:46.824	-0.001653	-0.001653	-8.265359
23:27:46.875	-0.003158	-0.003158	-15.789375
23:27:46.926	-0.003468	-0.003468	-17.341218
23:27:46.977	-0.005248	-0.005248	-26.242131
23:27:47.028	-0.004917	-0.004917	-24.584347
23:27:47.079	-0.000562	-0.000562	-2.807990
23:27:47.130	0.001293	0.001293	6.467345
23:27:47.181	0.002955	0.002955	14.773793
23:27:47.232	0.001932	0.001932	9.662151
23:27:47.283	-0.001222	-0.001222	-6.111553
23:27:47.334	-0.000833	-0.000833	-4.166708
23:27:47.385	0.003528	0.003528	17.642330
23:27:47.436	-0.014512	-0.014512	-72.557666
23:27:47.487	0.002018	0.002018	10.090991
23:27:47.538	0.003089	0.003089	15.443022
23:27:47.589	0.001386	0.001386	6.928676
23:27:47.640	-0.059566	-0.059566	-297.829007
23:27:47.691	-0.021122	-0.021122	-105.607889
23:27:47.742	-0.021621	-0.021621	-108.104027
23:27:47.793	0.002155	0.002155	10.772698
23:27:47.844	-0.016826	-0.016826	-84.131213
23:27:47.895	0.006796	0.006796	33.980420
23:27:47.945	0.003995	0.003995	19.977113
23:27:47.996	0.001234	0.001234	6.170408
23:27:48.047	0.006545	0.006545	32.723161
23:27:48.098	0.007928	0.007928	39.641062
23:27:48.148	0.006541	0.006541	32.704532
23:27:48.199	0.004371	0.004371	21.853960
23:27:48.250	0.007800	0.007800	38.999463
23:27:48.300	0.006453	0.006453	32.264325
23:27:48.351	0.004559	0.004559	22.794979
23:27:48.402	0.002074	0.002074	10.370506
23:27:48.453	0.002683	0.002683	13.415607
23:27:48.503	-0.000783	-0.000783	-3.913676
23:27:48.554	0.000081	0.000081	0.404333
23:27:48.605	-0.004683	-0.004683	-23.412698
23:27:48.656	-0.002834	-0.002834	-14.172066
23:27:48.707	0.000520	0.000520	2.602245
23:27:48.757	-0.004159	-0.004159	-20.796768
23:27:48.808	-0.029131	-0.029131	-145.653036
23:27:48.859	-0.002882	-0.002882	-14.408622
23:27:48.910	-0.000517	-0.000517	-2.585403
23:27:48.961	-0.007890	-0.007890	-39.447594
23:27:49.011	-0.000600	-0.000600	-2.997625
23:27:49.062	-0.007869	-0.007869	-39.343072
23:27:49.113	-0.000239	-0.000239	-1.194087
23:27:49.164	-0.004081	-0.004081	-20.404854
23:27:49.215	-0.003203	-0.003203	-16.013654
23:27:49.265	-0.006918	-0.006918	-34.588203
23:27:49.316	-0.001578	-0.001578	-7.891021
23:27:49.367	0.002794	0.002794	13.969302
23:27:49.418	0.009224	0.009224	46.117963
23:27:49.468	0.002138	0.002138	10.688898
23:27:49.519	0.003408	0.003408	17.039408
23:27:49.569	0.001652	0.001652	8.260060
23:27:49.620	-0.002648	-0.002648	-13.237895
23:27:49.671	0.002074	0.002074	10.367750
23:27:49.722	-0.001292	-0.001292	-6.458557
23:27:49.773	-0.005859	-0.005859	-29.296317
23:27:49.823	-0.021391	-0.021391	-106.953348
23:27:49.874	-0.004649	-0.004649	-23.242780
23:27:49.925	-0.007560	-0.007560	-37.800503
23:27:49.976	-0.005321	-0.005321	-26.607102
23:27:50.027	0.000126	0.000126	0.631273
23:27:50.077	-0.001238	-0.001238	-6.188280
23:27:50.128	-0.001971	-0.001971	-9.853548
23:27:50.179	0.001206	0.001206	6.027930
23:27:50.229	0.000795	0.000795	3.973738
23:27:50.280	-0.001602	-0.001602	-8.010222
23:27:50.331	-0.000075	-0.000075	-0.376017
23:27:50.382	-0.001120	-0.001120	-5.600403
23:27:50.432	0.000516	0.000516	2.578803
23:27:50.483	-0.004015	-0.004015	-20.076656
23:27:50.534	-0.008004	-0.008004	-40.020214
23:27:50.585	-0.008623	-0.008623	-43.117429
23:27:50.635	-0.012335	-0.012335	-61.676436
23:27:50.686	-0.028504	-0.028504	-142.520124
23:27:50.737	-0.008437	-0.008437	-42.182950
23:27:50.788	-0.013176	-0.013176	-65.881656
23:27:50.838	-0.012880	-0.012880	-64.397941
23:27:50.889	-0.015519	-0.015519	-77.596130
23:27:50.940	-0.014889	-0.014889	-74.444602
23:27:50.991	-0.028826	-0.028826	-144.130491
23:27:51.042	-0.001244	-0.001244	-6.219872
23:27:51.092	-0.004600	-0.004600	-22.999896
23:27:51.143	-0.001745	-0.001745	-8.726974
23:27:51.194	-0.005825	-0.005825	-29.124707
23:27:51.245	0.003130	0.003130	15.652267
23:27:51.296	-0.003638	-0.003638	-18.190465
23:27:51.346	-0.007948	-0.007948	-39.741799
23:27:51.397	-0.007743	-0.007743	-38.715040
23:27:51.448	-0.006708	-0.006708	-33.541053
23:27:51.499	-0.009637	-0.009637	-48.186680
23:27:51.549	-0.007534	-0.007534	-37.667949
23:27:51.600	-0.007104	-0.007104	-35.521357
23:27:51.651	-0.012298	-0.012298	-61.491639
23:27:51.702	-0.008691	-0.008691	-43.454982
23:27:51.752	-0.011790	-0.011790	-58.949703
23:27:51.803	-0.006371	-0.006371	-31.855237
23:27:51.854	-0.006299	-0.006299	-31.495637
23:27:51.905	-0.010677	-0.010677	-53.386511
23:27:51.956	-0.010360	-0.010360	-51.797671
23:27:52.006	-0.013678	-0.013678	-68.390225
23:27:52.057	-0.006192	-0.006192	-30.958158
23:27:52.108	-0.009019	-0.009019	-45.096787
23:27:52.158	-0.005148	-0.005148	-25.739391
23:27:52.209	-0.014787	-0.014787	-73.936835
23:27:52.260	-0.012134	-0.012134	-60.669086
23:27:52.311	-0.008857	-0.008857	-44.285518
23:27:52.361	-0.009581	-0.009581	-47.907024
23:27:52.412	-0.012819	-0.012819	-64.095374
23:27:52.463	-0.013386	-0.013386	-66.928652
23:27:52.514	-0.013217	-0.013217	-66.084254
23:27:52.565	-0.011959	-0.011959	-59.795485
23:27:52.615	-0.048958	-0.048958	-244.788518
23:27:52.666	-0.045189	-0.045189	-225.947051
23:27:52.717	-0.043042	-0.043042	-215.210085
23:27:52.768	-0.045454	-0.045454	-227.269115
23:27:52.819	-0.020468	-0.020468	-102.339088
23:27:52.869	-0.018444	-0.018444	-92.220077
23:27:52.920	-0.022683	-0.022683	-113.416021
23:27:52.971	-0.017621	-0.017621	-88.103992
23:27:53.022	-0.015805	-0.015805	-79.023473
23:27:53.072	-0.019860	-0.019860	-99.300291
23:27:53.123	-0.021576	-0.021576	-107.878944
23:27:53.174	-0.023580	-0.023580	-117.899194
23:27:53.224	-0.023645	-0.023645	-118.224777
23:27:53.275	-0.025707	-0.025707	-128.535411
23:27:53.326	-0.031681	-0.031681	-158.405068
23:27:53.377	-0.024463	-0.024463	-122.314096
23:27:53.428	-0.029582	-0.029582	-147.911412
23:27:53.478	-0.026757	-0.026757	-133.784031
23:27:53.529	-0.027734	-0.027734	-138.670993
23:27:53.580	-0.028521	-0.028521	-142.605651
23:27:53.630	-0.028414	-0.028414	-142.071756
23:27:53.681	-0.029067	-0.029067	-145.335992
23:27:53.732	-0.027307	-0.027307	-136.535165
23:27:53.782	-0.027527	-0.027527	-137.633458
23:27:53.833	-0.042059	-0.042059	-210.296901
23:27:53.884	-0.029163	-0.029163	-145.815502
23:27:53.935	-0.031895	-0.031895	-159.475011
23:27:53.986	-0.032570	-0.032570	-162.848369
23:27:54.036	-0.032510	-0.032510	-162.551243
23:27:54.087	-0.031295	-0.031295	-156.475150
23:27:54.138	-0.027308	-0.027308	-136.539860
23:27:54.189	-0.033479	-0.033479	-167.393721
23:27:54.239	-0.025730	-0.025730	-128.651169
23:27:54.290	-0.025743	-0.025743	-128.717429
23:27:54.341	-0.029564	-0.029564	-147.818031
23:27:54.392	-0.022547	-0.022547	-112.736349
23:27:54.443	-0.026541	-0.026541	-132.705584
23:27:54.494	-0.025408	-0.025408	-127.041548
23:27:54.544	-0.032389	-0.032389	-161.945790
23:27:54.595	-0.020428	-0.020428	-102.141753
23:27:54.646	-0.028171	-0.028171	-140.856450
23:27:54.697	-0.022009	-0.022009	-110.043396
23:27:54.747	-0.020998	-0.020998	-104.990005
23:27:54.798	-0.020766	-0.020766	-103.828314
23:27:54.849	-0.021097	-0.021097	-105.483000
23:27:54.899	-0.022301	-0.022301	-111.505962
23:27:54.950	-0.023677	-0.023677	-118.387350
23:27:55.001	-0.020445	-0.020445	-102.226949
23:27:55.052	-0.022036	-0.022036	-110.178907
23:27:55.103	-0.019957	-0.019957	-99.786827
23:27:55.153	-0.020179	-0.020179	-100.896156
23:27:55.204	-0.025026	-0.025026	-125.128390
23:27:55.255	-0.026662	-0.026662	-133.311830
23:27:55.306	-0.026154	-0.026154	-130.770261
23:27:55.357	-0.038965	-0.038965	-194.824286
23:27:55.408	-0.023954	-0.023954	-119.770966
23:27:55.459	-0.026387	-0.026387	-131.936364
23:27:55.509	-0.024198	-0.024198	-120.991961
23:27:55.560	-0.024013	-0.024013	-120.066034
23:27:55.611	-0.023623	-0.023623	-118.113975
23:27:55.661	-0.029178	-0.029178	-145.891425
23:27:55.712	-0.023787	-0.023787	-118.936326
23:27:55.763	-0.030225	-0.030225	-151.127354
23:27:55.814	-0.024134	-0.024134	-120.669689
23:27:55.865	-0.028097	-0.028097	-140.486867
23:27:55.915	-0.023698	-0.023698	-118.490643
23:27:55.966	-0.028853	-0.028853	-144.265174
23:27:56.017	-0.028314	-0.028314	-141.570991
23:27:56.068	-0.032590	-0.032590	-162.951236
23:27:56.118	-0.034059	-0.034059	-170.296499
23:27:56.169	-0.034624	-0.034624	-173.120290
23:27:56.220	-0.033731	-0.033731	-168.654658
23:27:56.270	-0.036223	-0.036223	-181.115597
23:27:56.321	-0.036586	-0.036586	-182.931341
23:27:56.372	-0.033260	-0.033260	-166.302346
23:27:56.422	-0.027494	-0.027494	-137.471690
23:27:56.473	-0.038144	-0.038144	-190.720868
23:27:56.524	-0.058012	-0.058012	-290.057541
23:27:56.575	-0.035613	-0.035613	-178.067243
23:27:56.625	-0.032032	-0.032032	-160.158173
23:27:56.676	-0.039579	-0.039579	-197.895432
23:27:56.727	-0.036454	-0.036454	-182.272344
23:27:56.777	-0.035186	-0.035186	-175.927523
23:27:56.828	-0.032370	-0.032370	-161.848128
23:27:56.879	-0.033747	-0.033747	-168.734685
23:27:56.929	-0.035942	-0.035942	-179.709367
23:27:56.980	-0.031571	-0.031571	-157.856755
23:27:57.031	-0.031493	-0.031493	-157.463789
23:27:57.082	-0.033009	-0.033009	-165.042603
23:27:57.132	-0.031962	-0.031962	-159.810483
23:27:57.183	-0.031427	-0.031427	-157.134810
23:27:57.234	-0.032559	-0.032559	-162.794340
23:27:57.284	-0.031416	-0.031416	-157.080190
23:27:57.335	-0.031901	-0.031901	-159.502842
23:27:57.386	-0.036294	-0.036294	-181.468515
23:27:57.436	-0.047109	-0.047109	-235.543557
23:27:57.487	-0.043621	-0.043621	-218.105707
23:27:57.538	-0.020684	-0.020684	-103.419948
23:27:57.588	-0.032965	-0.032965	-164.826202
23:27:57.639	-0.058739	-0.058739	-293.693725
23:27:57.690	-0.050996	-0.050996	-254.978744
23:27:57.741	-0.056810	-0.056810	-284.051705
23:27:57.791	-0.031690	-0.031690	-158.447897
23:27:57.842	-0.030011	-0.030011	-150.056903
23:27:57.893	-0.029648	-0.029648	-148.241525
23:27:57.943	-0.028436	-0.028436	-142.178691
23:27:57.994	-0.031146	-0.031146	-155.728580
23:27:58.045	-0.029239	-0.029239	-146.197375
23:27:58.096	-0.031519	-0.031519	-157.596579
23:27:58.147	-0.033105	-0.033105	-165.523533
23:27:58.197	-0.028729	-0.028729	-143.643836
23:27:58.248	-0.029379	-0.029379	-146.894907
23:27:58.299	-0.031656	-0.031656	-158.281231
23:27:58.349	-0.032859	-0.032859	-164.293371
23:27:58.400	-0.029775	-0.029775	-148.872929
23:27:58.451	-0.036521	-0.036521	-182.603451
23:27:58.502	-0.029152	-0.029152	-145.760054
23:27:58.552	-0.020719	-0.020719	-103.593781
23:27:58.603	-0.027554	-0.027554	-137.769821
23:27:58.653	-0.029733	-0.029733	-148.663577
23:27:58.704	-0.036585	-0.036585	-182.926906
23:27:58.755	-0.028322	-0.028322	-141.609680
23:27:58.806	-0.055017	-0.055017	-275.086318
23:27:58.857	-0.028698	-0.028698	-143.489093
23:27:58.907	-0.019063	-0.019063	-95.314312
23:27:58.958	-0.029774	-0.029774	-148.868777
23:27:59.008	-0.029359	-0.029359	-146.797032
23:27:59.059	-0.021553	-0.021553	-107.765823
23:27:59.110	-0.030842	-0.030842	-154.211712
23:27:59.160	-0.019531	-0.019531	-97.652785
23:27:59.211	-0.031957	-0.031957	-159.784000
23:27:59.261	-0.021479	-0.021479	-107.395637
23:27:59.312	-0.030096	-0.030096	-150.480007
23:27:59.363	-0.029885	-0.029885	-149.422969
23:27:59.414	-0.040056	-0.040056	-200.279904
23:27:59.465	-0.029593	-0.029593	-147.963324
23:27:59.516	-0.043985	-0.043985	-219.922657
23:27:59.567	-0.031516	-0.031516	-157.578471
23:27:59.618	-0.030987	-0.030987	-154.932628
23:27:59.669	-0.030413	-0.030413	-152.064707
23:27:59.719	-0.030598	-0.030598	-152.990220
23:27:59.770	-0.031741	-0.031741	-158.703578
23:27:59.821	-0.040427	-0.040427	-202.137164
23:27:59.872	-0.027041	-0.027041	-135.206253
23:27:59.923	-0.020967	-0.020967	-104.836729
23:27:59.974	0.005155	0.005155	25.774815
