13:35:16.457	1.063734	0.000532	26.593339
13:35:16.514	1.053478	0.000527	26.336956
13:35:16.572	1.049370	0.000525	26.234240
13:35:16.631	1.034101	0.000517	25.852537
13:35:16.689	1.012319	0.000506	25.307968
13:35:16.747	0.987411	0.000494	24.685266
13:35:16.806	0.957931	0.000479	23.948270
13:35:16.863	0.929544	0.000465	23.238594
13:35:16.921	0.900617	0.000450	22.515427
13:35:16.980	0.864137	0.000432	21.603436
13:35:17.038	0.826942	0.000413	20.673558
13:35:17.097	0.801406	0.000401	20.035142
13:35:17.155	0.786730	0.000393	19.668241
13:35:17.214	0.784636	0.000392	19.615893
13:35:17.272	0.783799	0.000392	19.594981
13:35:17.330	0.782324	0.000391	19.558093
13:35:17.389	0.769752	0.000385	19.243802
13:35:17.447	0.755187	0.000378	18.879674
13:35:17.506	0.756691	0.000378	18.917286
13:35:17.564	0.750150	0.000375	18.753755
13:35:17.623	0.755528	0.000378	18.888207
13:35:17.681	0.757140	0.000379	18.928494
13:35:17.740	0.758701	0.000379	18.967535
13:35:17.798	0.759711	0.000380	18.992783
13:35:17.857	0.766140	0.000383	19.153505
13:35:17.915	0.770907	0.000385	19.272685
13:35:17.973	0.775391	0.000388	19.384777
13:35:18.031	0.781454	0.000391	19.536354
13:35:18.089	0.789747	0.000395	19.743681
13:35:18.148	0.799752	0.000400	19.993798
13:35:18.206	0.802378	0.000401	20.059443
13:35:18.265	0.773260	0.000387	19.331506
13:35:18.323	0.709497	0.000355	17.737418
13:35:18.381	0.629869	0.000315	15.746716
13:35:18.440	0.557236	0.000279	13.930894
13:35:18.498	0.495132	0.000248	12.378291
13:35:18.556	0.454281	0.000227	11.357029
13:35:18.615	0.429974	0.000215	10.749341
13:35:18.673	0.420699	0.000210	10.517482
13:35:18.731	0.421128	0.000211	10.528201
13:35:18.790	0.428526	0.000214	10.713160
13:35:18.848	0.435399	0.000218	10.884987
13:35:18.906	0.443081	0.000222	11.077022
13:35:18.965	0.447906	0.000224	11.197640
13:35:19.023	0.449150	0.000225	11.228761
13:35:19.081	0.450223	0.000225	11.255579
13:35:19.140	0.449327	0.000225	11.233182
13:35:19.198	0.446347	0.000223	11.158670
13:35:19.256	0.439460	0.000220	10.986503
13:35:19.314	0.433709	0.000217	10.842730
13:35:19.373	0.425260	0.000213	10.631490
13:35:19.432	0.416006	0.000208	10.400141
13:35:19.490	0.409467	0.000205	10.236683
13:35:19.548	0.406329	0.000203	10.158217
13:35:19.607	0.409302	0.000205	10.232542
13:35:19.665	0.414327	0.000207	10.358180
13:35:19.724	0.417195	0.000209	10.429879
13:35:19.782	0.421122	0.000211	10.528058
13:35:19.840	0.427349	0.000214	10.683724
13:35:19.899	0.432370	0.000216	10.809248
13:35:19.957	0.435529	0.000218	10.888219
13:35:20.015	0.439629	0.000220	10.990718
13:35:20.074	0.442316	0.000221	11.057900
13:35:20.132	0.446186	0.000223	11.154638
13:35:20.191	0.451869	0.000226	11.296737
13:35:20.249	0.455972	0.000228	11.399306
13:35:20.307	0.458844	0.000229	11.471091
13:35:20.366	0.462948	0.000231	11.573692
13:35:20.424	0.466214	0.000233	11.655362
13:35:20.482	0.473796	0.000237	11.844906
13:35:20.541	0.494800	0.000247	12.369998
13:35:20.600	0.527342	0.000264	13.183562
13:35:20.658	0.557004	0.000279	13.925107
13:35:20.716	0.579820	0.000290	14.495490
13:35:20.775	0.599269	0.000300	14.981731
13:35:20.834	0.624685	0.000312	15.617127
13:35:20.892	0.671199	0.000336	16.779969
13:35:20.950	0.760998	0.000380	19.024961
13:35:21.009	0.914342	0.000457	22.858541
13:35:21.067	1.130782	0.000565	28.269558
13:35:21.126	1.356782	0.000678	33.919542
13:35:21.184	1.543600	0.000772	38.590008
13:35:21.242	1.662388	0.000831	41.559709
13:35:21.301	1.726151	0.000863	43.153778
13:35:21.359	1.753925	0.000877	43.848122
13:35:21.417	1.767883	0.000884	44.197087
13:35:21.476	1.776798	0.000888	44.419949
13:35:21.534	1.783163	0.000892	44.579086
13:35:21.592	1.780044	0.000890	44.501107
13:35:21.650	1.761502	0.000881	44.037546
13:35:21.708	1.723272	0.000862	43.081788
13:35:21.767	1.661251	0.000831	41.531275
13:35:21.825	1.588357	0.000794	39.708917
13:35:21.884	1.514445	0.000757	37.861115
13:35:21.942	1.450180	0.000725	36.254512
13:35:22.001	1.384073	0.000692	34.601814
13:35:22.059	1.287831	0.000644	32.195784
13:35:22.118	1.174554	0.000587	29.363851
13:35:22.177	1.059570	0.000530	26.489244
13:35:22.235	0.959141	0.000480	23.978513
13:35:22.293	0.875159	0.000438	21.878971
13:35:22.351	0.807690	0.000404	20.192262
13:35:22.410	0.759760	0.000380	18.994005
13:35:22.468	0.724856	0.000362	18.121403
13:35:22.526	0.703353	0.000352	17.583833
13:35:22.585	0.689204	0.000345	17.230095
13:35:22.643	0.683815	0.000342	17.095387
13:35:22.702	0.685765	0.000343	17.144121
13:35:22.760	0.692754	0.000346	17.318849
13:35:22.819	0.703042	0.000352	17.576056
13:35:22.877	0.713688	0.000357	17.842199
13:35:22.936	0.720707	0.000360	18.017665
13:35:22.994	0.728821	0.000364	18.220522
13:35:23.052	0.731455	0.000366	18.286373
13:35:23.111	0.731276	0.000366	18.281901
13:35:23.169	0.728294	0.000364	18.207344
13:35:23.227	0.726221	0.000363	18.155535
13:35:23.285	0.726647	0.000363	18.166181
13:35:23.344	0.732188	0.000366	18.304693
13:35:23.402	0.756716	0.000378	18.917907
13:35:23.460	0.837770	0.000419	20.944261
13:35:23.519	1.006241	0.000503	25.156033
13:35:23.577	1.273449	0.000637	31.836217
13:35:23.635	1.611599	0.000806	40.289965
13:35:23.693	2.004484	0.001002	50.112091
13:35:23.752	2.391222	0.001196	59.780558
13:35:23.810	2.606179	0.001303	65.154483
13:35:23.868	2.661971	0.001331	66.549281
13:35:23.926	2.640030	0.001320	66.000743
13:35:23.985	2.547547	0.001274	63.688683
13:35:24.044	2.398931	0.001199	59.973282
13:35:24.102	2.204642	0.001102	55.116050
13:35:24.160	1.963616	0.000982	49.090388
13:35:24.219	1.702678	0.000851	42.566943
13:35:24.278	1.448669	0.000724	36.216728
13:35:24.336	1.226387	0.000613	30.659684
13:35:24.394	1.050221	0.000525	26.255526
13:35:24.453	0.919077	0.000460	22.976919
13:35:24.511	0.817253	0.000409	20.431333
13:35:24.570	0.742771	0.000371	18.569282
13:35:24.628	0.691641	0.000346	17.291019
13:35:24.686	0.649935	0.000325	16.248378
13:35:24.745	0.615808	0.000308	15.395201
13:35:24.803	0.589767	0.000295	14.744169
13:35:24.861	0.569042	0.000285	14.226054
13:35:24.919	0.554361	0.000277	13.859027
13:35:24.978	0.544887	0.000272	13.622164
13:35:25.037	0.536921	0.000268	13.423024
13:35:25.095	0.532126	0.000266	13.303150
13:35:25.153	0.532877	0.000266	13.321924
13:35:25.212	0.538137	0.000269	13.453419
13:35:25.270	0.543272	0.000272	13.581807
13:35:25.329	0.548117	0.000274	13.702914
13:35:25.387	0.548080	0.000274	13.702002
13:35:25.445	0.546624	0.000273	13.665597
13:35:25.504	0.543163	0.000272	13.579083
13:35:25.562	0.538029	0.000269	13.450734
13:35:25.620	0.530889	0.000265	13.272234
13:35:25.679	0.524195	0.000262	13.104869
13:35:25.737	0.515893	0.000258	12.897332
13:35:25.796	0.506177	0.000253	12.654434
13:35:25.854	0.497417	0.000249	12.435436
13:35:25.913	0.493420	0.000247	12.335497
13:35:25.971	0.488570	0.000244	12.214252
13:35:26.029	0.482554	0.000241	12.063839
13:35:26.088	0.473992	0.000237	11.849806
13:35:26.147	0.464555	0.000232	11.613885
13:35:26.205	0.460741	0.000230	11.518520
13:35:26.263	0.459968	0.000230	11.499201
13:35:26.321	0.455745	0.000228	11.393618
13:35:26.380	0.454630	0.000227	11.365762
13:35:26.438	0.455861	0.000228	11.396527
13:35:26.496	0.458134	0.000229	11.453339
13:35:26.555	0.461908	0.000231	11.547702
13:35:26.613	0.468388	0.000234	11.709688
13:35:26.672	0.476444	0.000238	11.911106
13:35:26.730	0.485577	0.000243	12.139430
13:35:26.788	0.497316	0.000249	12.432889
13:35:26.847	0.503375	0.000252	12.584365
13:35:26.905	0.511138	0.000256	12.778451
13:35:26.963	0.514087	0.000257	12.852170
13:35:27.022	0.514657	0.000257	12.866436
13:35:27.080	0.518393	0.000259	12.959830
13:35:27.138	0.518094	0.000259	12.952356
13:35:27.197	0.518551	0.000259	12.963780
13:35:27.255	0.518890	0.000259	12.972247
13:35:27.313	0.520199	0.000260	13.004980
13:35:27.372	0.526331	0.000263	13.158286
13:35:27.430	0.531766	0.000266	13.294151
13:35:27.488	0.529376	0.000265	13.234407
13:35:27.547	0.519168	0.000260	12.979188
13:35:27.606	0.501687	0.000251	12.542180
13:35:27.664	0.478642	0.000239	11.966042
13:35:27.722	0.456949	0.000228	11.423736
13:35:27.780	0.430844	0.000215	10.771096
13:35:27.839	0.398683	0.000199	9.967074
13:35:27.897	0.372458	0.000186	9.311439
13:35:27.956	0.357046	0.000179	8.926148
13:35:28.014	0.337326	0.000169	8.433143
13:35:28.073	0.314487	0.000157	7.862171
13:35:28.131	0.295855	0.000148	7.396369
13:35:28.190	0.273991	0.000137	6.849763
13:35:28.248	0.254766	0.000127	6.369145
13:35:28.306	0.236428	0.000118	5.910702
13:35:28.364	0.214871	0.000107	5.371782
13:35:28.423	0.203362	0.000102	5.084059
13:35:28.481	0.188691	0.000094	4.717275
13:35:28.539	0.177105	0.000089	4.427622
13:35:28.598	0.172127	0.000086	4.303178
13:35:28.656	0.164303	0.000082	4.107564
13:35:28.715	0.161425	0.000081	4.035620
13:35:28.773	0.163582	0.000082	4.089543
13:35:28.831	0.159905	0.000080	3.997633
13:35:28.890	0.156599	0.000078	3.914973
13:35:28.948	0.159398	0.000080	3.984941
13:35:29.006	0.151697	0.000076	3.792430
13:35:29.064	0.151079	0.000076	3.776982
13:35:29.123	0.149901	0.000075	3.747515
13:35:29.181	0.149078	0.000075	3.726945
13:35:29.239	0.152758	0.000076	3.818944
13:35:29.298	0.150937	0.000075	3.773435
13:35:29.356	0.150908	0.000075	3.772708
13:35:29.414	0.153597	0.000077	3.839913
13:35:29.472	0.150136	0.000075	3.753396
13:35:29.531	0.152722	0.000076	3.818038
13:35:29.590	0.159081	0.000080	3.977014
13:35:29.648	0.154670	0.000077	3.866760
13:35:29.706	0.152740	0.000076	3.818511
13:35:29.765	0.154420	0.000077	3.860510
13:35:29.823	0.152483	0.000076	3.812063
13:35:29.881	0.152152	0.000076	3.803798
13:35:29.939	0.152158	0.000076	3.803952
13:35:29.998	0.147038	0.000074	3.675938
13:35:30.056	0.149155	0.000075	3.728877
13:35:30.115	0.148992	0.000074	3.724796
13:35:30.173	0.144722	0.000072	3.618041
13:35:30.232	0.148176	0.000074	3.704406
13:35:30.290	0.144205	0.000072	3.605121
13:35:30.349	0.145819	0.000073	3.645470
13:35:30.407	0.151015	0.000076	3.775379
13:35:30.466	0.146841	0.000073	3.671015
13:35:30.524	0.148048	0.000074	3.701193
13:35:30.583	0.154377	0.000077	3.859417
13:35:30.641	0.155277	0.000078	3.881914
13:35:30.699	0.150428	0.000075	3.760688
13:35:30.758	0.155033	0.000078	3.875831
13:35:30.816	0.151793	0.000076	3.794837
13:35:30.875	0.152584	0.000076	3.814603
13:35:30.933	0.157369	0.000079	3.934213
13:35:30.992	0.156687	0.000078	3.917181
13:35:31.050	0.157806	0.000079	3.945141
13:35:31.108	0.164596	0.000082	4.114908
13:35:31.166	0.163991	0.000082	4.099787
13:35:31.225	0.169635	0.000085	4.240864
13:35:31.283	0.178489	0.000089	4.462220
13:35:31.341	0.185808	0.000093	4.645209
13:35:31.400	0.194793	0.000097	4.869834
13:35:31.458	0.208634	0.000104	5.215847
13:35:31.517	0.211372	0.000106	5.284288
13:35:31.575	0.224761	0.000112	5.619036
13:35:31.634	0.234584	0.000117	5.864598
13:35:31.693	0.236489	0.000118	5.912230
13:35:31.751	0.259321	0.000130	6.483024
13:35:31.810	0.274487	0.000137	6.862186
13:35:31.868	0.281802	0.000141	7.045052
13:35:31.926	0.305185	0.000153	7.629637
13:35:31.984	0.318015	0.000159	7.950364
13:35:32.043	0.324363	0.000162	8.109071
13:35:32.101	0.333270	0.000167	8.331745
13:35:32.159	0.329851	0.000165	8.246286
13:35:32.218	0.323911	0.000162	8.097783
13:35:32.276	0.319927	0.000160	7.998167
13:35:32.335	0.310979	0.000155	7.774468
13:35:32.393	0.299022	0.000150	7.475557
13:35:32.451	0.301225	0.000151	7.530634
13:35:32.510	0.275705	0.000138	6.892635
13:35:32.568	0.250998	0.000125	6.274951
13:35:32.627	0.238131	0.000119	5.953266
13:35:32.685	0.234172	0.000117	5.854308
13:35:32.743	0.236209	0.000118	5.905222
13:35:32.802	0.239363	0.000120	5.984085
13:35:32.861	0.237244	0.000119	5.931103
13:35:32.919	0.236517	0.000118	5.912924
13:35:32.978	0.243599	0.000122	6.089966
13:35:33.036	0.251135	0.000126	6.278379
13:35:33.094	0.260777	0.000130	6.519413
13:35:33.152	0.275570	0.000138	6.889246
13:35:33.211	0.276849	0.000138	6.921225
13:35:33.269	0.279860	0.000140	6.996493
13:35:33.328	0.288684	0.000144	7.217093
13:35:33.386	0.289206	0.000145	7.230155
13:35:33.445	0.289706	0.000145	7.242639
13:35:33.503	0.294832	0.000147	7.370798
13:35:33.561	0.286527	0.000143	7.163174
13:35:33.620	0.282275	0.000141	7.056876
13:35:33.678	0.262801	0.000131	6.570026
13:35:33.736	0.229998	0.000115	5.749958
13:35:33.795	0.215290	0.000108	5.382254
13:35:33.853	0.218304	0.000109	5.457604
13:35:33.912	0.236617	0.000118	5.915431
13:35:33.970	0.265911	0.000133	6.647770
13:35:34.028	0.281488	0.000141	7.037190
13:35:34.087	0.294844	0.000147	7.371098
13:35:34.145	0.301515	0.000151	7.537877
13:35:34.204	0.299541	0.000150	7.488517
13:35:34.262	0.301456	0.000151	7.536403
13:35:34.320	0.304201	0.000152	7.605029
13:35:34.379	0.298254	0.000149	7.456346
13:35:34.437	0.295838	0.000148	7.395953
13:35:34.495	0.291155	0.000146	7.278873
13:35:34.553	0.281003	0.000141	7.025079
13:35:34.612	0.274839	0.000137	6.870976
13:35:34.671	0.250045	0.000125	6.251124
13:35:34.729	0.237600	0.000119	5.939988
13:35:34.788	0.236791	0.000118	5.919771
13:35:34.846	0.241731	0.000121	6.043276
13:35:34.904	0.247298	0.000124	6.182444
13:35:34.962	0.256607	0.000128	6.415179
13:35:35.021	0.263330	0.000132	6.583262
13:35:35.079	0.271387	0.000136	6.784667
13:35:35.137	0.283093	0.000142	7.077325
13:35:35.195	0.285331	0.000143	7.133268
13:35:35.254	0.294506	0.000147	7.362660
13:35:35.312	0.299462	0.000150	7.486553
13:35:35.370	0.307707	0.000154	7.692673
13:35:35.429	0.318991	0.000159	7.974785
13:35:35.487	0.334304	0.000167	8.357593
13:35:35.545	0.357399	0.000179	8.934985
13:35:35.603	0.380261	0.000190	9.506532
13:35:35.662	0.402589	0.000201	10.064718
13:35:35.721	0.430508	0.000215	10.762705
13:35:35.779	0.449155	0.000225	11.228881
13:35:35.838	0.463480	0.000232	11.587008
13:35:35.896	0.471157	0.000236	11.778935
13:35:35.954	0.462484	0.000231	11.562110
13:35:36.013	0.456193	0.000228	11.404815
13:35:36.071	0.455764	0.000228	11.394109
13:35:36.129	0.458423	0.000229	11.460575
13:35:36.187	0.468448	0.000234	11.711209
13:35:36.246	0.461550	0.000231	11.538747
13:35:36.304	0.451731	0.000226	11.293270
13:35:36.362	0.443568	0.000222	11.089201
13:35:36.420	0.438465	0.000219	10.961616
13:35:36.479	0.438777	0.000219	10.969415
13:35:36.537	0.437042	0.000219	10.926055
13:35:36.595	0.433704	0.000217	10.842611
13:35:36.654	0.436632	0.000218	10.915804
13:35:36.713	0.436634	0.000218	10.915851
13:35:36.771	0.439508	0.000220	10.987688
13:35:36.829	0.443857	0.000222	11.096421
13:35:36.888	0.446696	0.000223	11.167391
13:35:36.946	0.450413	0.000225	11.260318
13:35:37.005	0.451342	0.000226	11.283543
13:35:37.063	0.444120	0.000222	11.102991
13:35:37.122	0.437672	0.000219	10.941801
13:35:37.180	0.430661	0.000215	10.766523
13:35:37.239	0.419320	0.000210	10.483001
13:35:37.297	0.410094	0.000205	10.252360
13:35:37.356	0.399876	0.000200	9.996900
13:35:37.414	0.396277	0.000198	9.906933
13:35:37.472	0.386197	0.000193	9.654927
13:35:37.531	0.378370	0.000189	9.459256
13:35:37.589	0.372081	0.000186	9.302036
13:35:37.647	0.365877	0.000183	9.146914
13:35:37.705	0.361660	0.000181	9.041488
13:35:37.763	0.354149	0.000177	8.853734
13:35:37.822	0.346651	0.000173	8.666264
13:35:37.880	0.345170	0.000173	8.629250
13:35:37.938	0.337954	0.000169	8.448847
13:35:37.997	0.334411	0.000167	8.360267
13:35:38.055	0.332279	0.000166	8.306972
13:35:38.113	0.323935	0.000162	8.098368
13:35:38.171	0.319864	0.000160	7.996612
13:35:38.230	0.321932	0.000161	8.048301
13:35:38.288	0.317253	0.000159	7.931334
13:35:38.346	0.314484	0.000157	7.862099
13:35:38.405	0.318350	0.000159	7.958762
13:35:38.463	0.315064	0.000158	7.876609
13:35:38.521	0.319590	0.000160	7.989757
13:35:38.580	0.319501	0.000160	7.987515
13:35:38.638	0.313656	0.000157	7.841401
13:35:38.697	0.316209	0.000158	7.905223
13:35:38.755	0.311913	0.000156	7.797827
13:35:38.813	0.305254	0.000153	7.631351
13:35:38.872	0.308861	0.000154	7.721525
13:35:38.930	0.304839	0.000152	7.620964
13:35:38.989	0.305392	0.000153	7.634791
13:35:39.047	0.308021	0.000154	7.700519
13:35:39.105	0.306238	0.000153	7.655938
13:35:39.164	0.307983	0.000154	7.699585
13:35:39.222	0.312319	0.000156	7.807971
13:35:39.280	0.311857	0.000156	7.796420
13:35:39.339	0.313340	0.000157	7.833492
13:35:39.397	0.312749	0.000156	7.818725
13:35:39.455	0.309366	0.000155	7.734157
13:35:39.514	0.312898	0.000156	7.822461
13:35:39.573	0.313265	0.000157	7.831619
13:35:39.631	0.311601	0.000156	7.790013
13:35:39.689	0.313802	0.000157	7.845062
13:35:39.748	0.312730	0.000156	7.818262
13:35:39.806	0.314926	0.000157	7.873150
13:35:39.864	0.320540	0.000160	8.013495
13:35:39.923	0.318521	0.000159	7.963035
13:35:39.981	0.320245	0.000160	8.006121
13:35:40.039	0.320913	0.000160	8.022826
13:35:40.098	0.318288	0.000159	7.957204
13:35:40.156	0.323325	0.000162	8.083129
13:35:40.214	0.316499	0.000158	7.912478
13:35:40.273	0.316062	0.000158	7.901539
13:35:40.331	0.321293	0.000161	8.032317
13:35:40.390	0.315940	0.000158	7.898495
13:35:40.448	0.315711	0.000158	7.892778
13:35:40.507	0.316450	0.000158	7.911259
13:35:40.565	0.316741	0.000158	7.918526
13:35:40.624	0.320983	0.000160	8.024586
13:35:40.682	0.318602	0.000159	7.965059
13:35:40.740	0.316868	0.000158	7.921707
13:35:40.799	0.320164	0.000160	8.004099
13:35:40.858	0.316155	0.000158	7.903886
13:35:40.916	0.315452	0.000158	7.886299
13:35:40.974	0.315606	0.000158	7.890152
13:35:41.033	0.311475	0.000156	7.786863
13:35:41.091	0.308141	0.000154	7.703527
13:35:41.150	0.311214	0.000156	7.780346
13:35:41.208	0.305637	0.000153	7.640926
13:35:41.267	0.308785	0.000154	7.719631
13:35:41.325	0.304901	0.000152	7.622525
13:35:41.383	0.304922	0.000152	7.623040
13:35:41.441	0.305857	0.000153	7.646414
13:35:41.500	0.302145	0.000151	7.553621
13:35:41.558	0.303370	0.000152	7.584254
13:35:41.617	0.297204	0.000149	7.430102
13:35:41.675	0.287867	0.000144	7.196681
13:35:41.734	0.284525	0.000142	7.113114
13:35:41.792	0.273587	0.000137	6.839671
13:35:41.850	0.261820	0.000131	6.545498
13:35:41.908	0.258368	0.000129	6.459209
13:35:41.967	0.250209	0.000125	6.255237
13:35:42.025	0.240909	0.000120	6.022727
13:35:42.084	0.235306	0.000118	5.882650
13:35:42.142	0.232201	0.000116	5.805029
13:35:42.200	0.218157	0.000109	5.453921
13:35:42.259	0.209576	0.000105	5.239397
13:35:42.317	0.201527	0.000101	5.038163
13:35:42.375	0.189350	0.000095	4.733740
13:35:42.434	0.181490	0.000091	4.537244
13:35:42.492	0.170794	0.000085	4.269846
13:35:42.550	0.168619	0.000084	4.215485
13:35:42.609	0.159335	0.000080	3.983383
13:35:42.667	0.156456	0.000078	3.911395
13:35:42.725	0.150454	0.000075	3.761343
13:35:42.783	0.147024	0.000074	3.675607
13:35:42.842	0.141529	0.000071	3.538232
13:35:42.901	0.137527	0.000069	3.438163
13:35:42.959	0.133131	0.000067	3.328270
13:35:43.017	0.122482	0.000061	3.062040
13:35:43.076	0.121041	0.000061	3.026023
13:35:43.134	0.111227	0.000056	2.780673
13:35:43.192	0.103493	0.000052	2.587329
13:35:43.250	0.103017	0.000052	2.575430
13:35:43.308	0.094113	0.000047	2.352827
13:35:43.367	0.095336	0.000048	2.383395
13:35:43.425	0.087426	0.000044	2.185649
13:35:43.483	0.087164	0.000044	2.179106
13:35:43.542	0.085493	0.000043	2.137330
13:35:43.600	0.085477	0.000043	2.136930
13:35:43.659	0.079986	0.000040	1.999652
13:35:43.717	0.075435	0.000038	1.885881
13:35:43.776	0.072801	0.000036	1.820017
13:35:43.834	0.067196	0.000034	1.679905
13:35:43.892	0.065784	0.000033	1.644612
13:35:43.951	0.058941	0.000029	1.473537
13:35:44.009	0.060729	0.000030	1.518219
13:35:44.067	0.056508	0.000028	1.412696
13:35:44.125	0.056997	0.000028	1.424917
13:35:44.184	0.052714	0.000026	1.317846
13:35:44.242	0.050501	0.000025	1.262530
13:35:44.301	0.051850	0.000026	1.296258
13:35:44.359	0.045108	0.000023	1.127708
13:35:44.418	0.046011	0.000023	1.150285
13:35:44.476	0.039600	0.000020	0.990002
13:35:44.534	0.041732	0.000021	1.043290
13:35:44.593	0.034970	0.000017	0.874251
13:35:44.651	0.032854	0.000016	0.821349
13:35:44.709	0.031397	0.000016	0.784934
13:35:44.767	0.032417	0.000016	0.810423
13:35:44.826	0.034273	0.000017	0.856814
13:35:44.885	0.042487	0.000021	1.062177
13:35:44.943	0.045471	0.000023	1.136767
13:35:45.001	0.056225	0.000028	1.405617
13:35:45.060	0.061058	0.000031	1.526458
13:35:45.118	0.070128	0.000035	1.753210
13:35:45.177	0.078396	0.000039	1.959888
13:35:45.235	0.087796	0.000044	2.194890
13:35:45.294	0.103385	0.000052	2.584627
13:35:45.352	0.111258	0.000056	2.781450
13:35:45.410	0.123854	0.000062	3.096358
13:35:45.468	0.130512	0.000065	3.262808
13:35:45.527	0.145868	0.000073	3.646706
13:35:45.585	0.151354	0.000076	3.783840
13:35:45.644	0.166500	0.000083	4.162511
13:35:45.702	0.171329	0.000086	4.283230
13:35:45.761	0.178421	0.000089	4.460525
13:35:45.819	0.188969	0.000094	4.724214
13:35:45.877	0.190924	0.000095	4.773100
13:35:45.936	0.195203	0.000098	4.880081
13:35:45.994	0.201513	0.000101	5.037821
13:35:46.052	0.202158	0.000101	5.053942
13:35:46.110	0.200030	0.000100	5.000751
13:35:46.169	0.198474	0.000099	4.961857
13:35:46.227	0.191103	0.000096	4.777566
13:35:46.285	0.194227	0.000097	4.855666
13:35:46.344	0.188680	0.000094	4.717002
13:35:46.402	0.181681	0.000091	4.542037
13:35:46.461	0.180571	0.000090	4.514271
13:35:46.519	0.170473	0.000085	4.261828
13:35:46.578	0.151818	0.000076	3.795454
13:35:46.636	0.148582	0.000074	3.714554
13:35:46.694	0.137537	0.000069	3.438427
13:35:46.753	0.128841	0.000064	3.221020
13:35:46.811	0.128515	0.000064	3.212870
13:35:46.869	0.124465	0.000062	3.111627
13:35:46.927	0.133818	0.000067	3.345448
13:35:46.985	0.151480	0.000076	3.786995
13:35:47.044	0.178170	0.000089	4.454260
13:35:47.103	0.210257	0.000105	5.256428
13:35:47.161	0.236523	0.000118	5.913072
13:35:47.219	0.257348	0.000129	6.433692
13:35:47.278	0.275783	0.000138	6.894574
13:35:47.336	0.281910	0.000141	7.047742
13:35:47.394	0.274205	0.000137	6.855127
13:35:47.453	0.258160	0.000129	6.453993
13:35:47.511	0.234343	0.000117	5.858567
13:35:47.569	0.222576	0.000111	5.564393
13:35:47.627	0.203121	0.000102	5.078013
13:35:47.686	0.190308	0.000095	4.757708
13:35:47.745	0.182673	0.000091	4.566821
13:35:47.803	0.166144	0.000083	4.153602
13:35:47.861	0.160704	0.000080	4.017612
13:35:47.919	0.154563	0.000077	3.864079
13:35:47.978	0.148156	0.000074	3.703896
13:35:48.036	0.144416	0.000072	3.610406
13:35:48.094	0.139995	0.000070	3.499886
13:35:48.153	0.135995	0.000068	3.399874
13:35:48.211	0.132745	0.000066	3.318628
13:35:48.269	0.126709	0.000063	3.167714
13:35:48.327	0.128376	0.000064	3.209396
13:35:48.386	0.127354	0.000064	3.183851
13:35:48.444	0.119776	0.000060	2.994405
13:35:48.503	0.119900	0.000060	2.997502
13:35:48.561	0.121955	0.000061	3.048875
13:35:48.620	0.120366	0.000060	3.009152
13:35:48.678	0.123607	0.000062	3.090176
13:35:48.736	0.133022	0.000067	3.325562
13:35:48.794	0.138895	0.000069	3.472375
13:35:48.853	0.144899	0.000072	3.622463
13:35:48.911	0.152970	0.000076	3.824248
13:35:48.969	0.153520	0.000077	3.838000
13:35:49.028	0.155633	0.000078	3.890817
13:35:49.086	0.155577	0.000078	3.889419
13:35:49.145	0.149091	0.000075	3.727287
13:35:49.203	0.145780	0.000073	3.644498
13:35:49.261	0.142854	0.000071	3.571352
13:35:49.320	0.131927	0.000066	3.298186
13:35:49.378	0.115125	0.000058	2.878116
13:35:49.436	0.100441	0.000050	2.511016
13:35:49.495	0.082442	0.000041	2.061040
13:35:49.553	0.062714	0.000031	1.567859
13:35:49.611	0.044980	0.000022	1.124499
13:35:49.669	0.035016	0.000018	0.875402
13:35:49.728	0.018563	0.000009	0.464083
13:35:49.786	0.009948	0.000005	0.248696
13:35:49.845	0.006060	0.000003	0.151503
13:35:49.903	0.001419	0.000001	0.035468
13:35:49.961	0.001288	0.000001	0.032210
13:35:50.019	0.006656	0.000003	0.166412
13:35:50.077	0.015391	0.000008	0.384770
13:35:50.135	0.020619	0.000010	0.515471
13:35:50.193	0.031040	0.000016	0.775988
13:35:50.251	0.035315	0.000018	0.882887
13:35:50.310	0.045014	0.000023	1.125359
13:35:50.368	0.056519	0.000028	1.412972
13:35:50.426	0.066984	0.000033	1.674611
13:35:50.484	0.072180	0.000036	1.804512
13:35:50.543	0.077680	0.000039	1.941990
13:35:50.601	0.077387	0.000039	1.934665
13:35:50.660	0.083754	0.000042	2.093860
13:35:50.718	0.096089	0.000048	2.402223
13:35:50.777	0.112980	0.000056	2.824493
13:35:50.835	0.125832	0.000063	3.145798
13:35:50.894	0.134314	0.000067	3.357855
13:35:50.952	0.147068	0.000074	3.676712
13:35:51.010	0.152028	0.000076	3.800699
13:35:51.068	0.160857	0.000080	4.021429
13:35:51.127	0.168617	0.000084	4.215424
13:35:51.185	0.174403	0.000087	4.360073
13:35:51.243	0.179352	0.000090	4.483808
13:35:51.302	0.186137	0.000093	4.653433
13:35:51.360	0.191681	0.000096	4.792014
13:35:51.419	0.190013	0.000095	4.750336
13:35:51.477	0.191819	0.000096	4.795484
13:35:51.536	0.193791	0.000097	4.844772
13:35:51.594	0.191113	0.000096	4.777830
13:35:51.653	0.189596	0.000095	4.739911
13:35:51.711	0.196576	0.000098	4.914393
13:35:51.769	0.191104	0.000096	4.777590
13:35:51.828	0.191434	0.000096	4.785854
13:35:51.886	0.195623	0.000098	4.890585
13:35:51.944	0.194215	0.000097	4.855363
13:35:52.003	0.195490	0.000098	4.887243
13:35:52.061	0.199248	0.000100	4.981205
13:35:52.120	0.196947	0.000098	4.923678
13:35:52.178	0.191699	0.000096	4.792478
13:35:52.237	0.195096	0.000098	4.877396
13:35:52.295	0.193080	0.000097	4.827000
13:35:52.353	0.187273	0.000094	4.681815
13:35:52.411	0.191237	0.000096	4.780933
13:35:52.470	0.190432	0.000095	4.760805
13:35:52.528	0.193864	0.000097	4.846603
13:35:52.586	0.196987	0.000098	4.924670
13:35:52.645	0.197049	0.000099	4.926221
13:35:52.703	0.201670	0.000101	5.041748
13:35:52.761	0.204132	0.000102	5.103301
13:35:52.820	0.206134	0.000103	5.153356
13:35:52.878	0.208385	0.000104	5.209617
13:35:52.936	0.209693	0.000105	5.242323
13:35:52.995	0.209864	0.000105	5.246603
13:35:53.053	0.218165	0.000109	5.454134
13:35:53.112	0.221692	0.000111	5.542297
13:35:53.170	0.223812	0.000112	5.595291
13:35:53.229	0.230845	0.000115	5.771132
13:35:53.287	0.232785	0.000116	5.819621
13:35:53.346	0.246273	0.000123	6.156825
13:35:53.404	0.249157	0.000125	6.228915
13:35:53.463	0.249850	0.000125	6.246261
13:35:53.521	0.258657	0.000129	6.466416
13:35:53.579	0.258703	0.000129	6.467572
13:35:53.638	0.261049	0.000131	6.526228
13:35:53.697	0.264964	0.000132	6.624098
13:35:53.755	0.259857	0.000130	6.496426
13:35:53.813	0.260837	0.000130	6.520918
13:35:53.871	0.263768	0.000132	6.594207
13:35:53.930	0.262973	0.000131	6.574316
13:35:53.988	0.268128	0.000134	6.703202
13:35:54.046	0.266181	0.000133	6.654517
13:35:54.104	0.267826	0.000134	6.695646
13:35:54.163	0.272819	0.000136	6.820475
13:35:54.221	0.269781	0.000135	6.744527
13:35:54.279	0.269924	0.000135	6.748106
13:35:54.337	0.271821	0.000136	6.795519
13:35:54.396	0.268441	0.000134	6.711017
13:35:54.454	0.271517	0.000136	6.787929
13:35:54.513	0.263979	0.000132	6.599467
13:35:54.571	0.266141	0.000133	6.653524
13:35:54.630	0.270063	0.000135	6.751579
13:35:54.688	0.268546	0.000134	6.713641
13:35:54.747	0.269573	0.000135	6.739327
13:35:54.805	0.272089	0.000136	6.802219
13:35:54.863	0.271350	0.000136	6.783760
13:35:54.922	0.278018	0.000139	6.950454
13:35:54.980	0.275783	0.000138	6.894584
13:35:55.038	0.273190	0.000137	6.829739
13:35:55.097	0.273618	0.000137	6.840462
13:35:55.155	0.268556	0.000134	6.713896
13:35:55.213	0.268062	0.000134	6.701562
13:35:55.272	0.271097	0.000136	6.777419
13:35:55.330	0.267499	0.000134	6.687468
13:35:55.389	0.270126	0.000135	6.753153
13:35:55.447	0.273354	0.000137	6.833838
13:35:55.505	0.271843	0.000136	6.796069
13:35:55.564	0.277243	0.000139	6.931073
13:35:55.622	0.274201	0.000137	6.855029
13:35:55.681	0.275575	0.000138	6.889373
13:35:55.739	0.280868	0.000140	7.021710
13:35:55.798	0.278999	0.000139	6.974967
13:35:55.856	0.279842	0.000140	6.996058
13:35:55.915	0.279055	0.000140	6.976366
13:35:55.973	0.278756	0.000139	6.968888
13:35:56.031	0.282312	0.000141	7.057803
13:35:56.090	0.280819	0.000140	7.020479
13:35:56.149	0.286052	0.000143	7.151310
13:35:56.207	0.289498	0.000145	7.237439
13:35:56.265	0.290198	0.000145	7.254955
13:35:56.324	0.294044	0.000147	7.351104
13:35:56.382	0.294338	0.000147	7.358453
13:35:56.440	0.293086	0.000147	7.327149
13:35:56.499	0.298282	0.000149	7.457049
13:35:56.557	0.292757	0.000146	7.318929
13:35:56.615	0.292126	0.000146	7.303141
13:35:56.674	0.293832	0.000147	7.345798
13:35:56.732	0.292454	0.000146	7.311361
13:35:56.791	0.289671	0.000145	7.241779
13:35:56.849	0.289512	0.000145	7.237788
13:35:56.908	0.283741	0.000142	7.093531
13:35:56.966	0.284032	0.000142	7.100807
13:35:57.025	0.277711	0.000139	6.942779
13:35:57.083	0.268578	0.000134	6.714444
13:35:57.141	0.266028	0.000133	6.650691
13:35:57.200	0.256022	0.000128	6.400549
13:35:57.258	0.247188	0.000124	6.179709
13:35:57.317	0.241441	0.000121	6.036018
13:35:57.375	0.230253	0.000115	5.756321
13:35:57.434	0.216897	0.000108	5.422431
13:35:57.492	0.205946	0.000103	5.148643
13:35:57.550	0.193971	0.000097	4.849266
13:35:57.609	0.185037	0.000093	4.625926
13:35:57.667	0.183677	0.000092	4.591932
13:35:57.725	0.155056	0.000078	3.876389
13:35:57.784	0.149772	0.000075	3.744288
13:35:57.842	0.134279	0.000067	3.356975
13:35:57.900	0.118024	0.000059	2.950595
13:35:57.958	0.100880	0.000050	2.521988
13:35:58.017	0.081359	0.000041	2.033986
13:35:58.075	0.061161	0.000031	1.529025
13:35:58.134	0.039301	0.000020	0.982535
13:35:58.192	0.024600	0.000012	0.615004
13:35:58.251	0.013941	0.000007	0.348535
13:35:58.309	-0.002673	-0.000001	-0.066826
13:35:58.367	-0.006691	-0.000003	-0.167276
13:35:58.426	-0.015837	-0.000008	-0.395926
13:35:58.484	-0.020491	-0.000010	-0.512276
13:35:58.542	-0.025602	-0.000013	-0.640043
13:35:58.600	-0.034044	-0.000017	-0.851100
13:35:58.659	-0.037996	-0.000019	-0.949912
13:35:58.718	-0.047301	-0.000024	-1.182518
13:35:58.776	-0.052387	-0.000026	-1.309683
13:35:58.835	-0.053791	-0.000027	-1.344780
13:35:58.893	-0.060634	-0.000030	-1.515858
13:35:58.951	-0.058656	-0.000029	-1.466410
13:35:59.009	-0.061666	-0.000031	-1.541660
13:35:59.067	-0.060429	-0.000030	-1.510737
13:35:59.125	-0.059847	-0.000030	-1.496178
13:35:59.184	-0.060121	-0.000030	-1.503035
13:35:59.242	-0.056791	-0.000028	-1.419777
13:35:59.301	-0.057524	-0.000029	-1.438105
13:35:59.359	-0.060687	-0.000030	-1.517174
13:35:59.417	-0.059928	-0.000030	-1.498204
13:35:59.476	-0.063575	-0.000032	-1.589366
13:35:59.535	-0.066311	-0.000033	-1.657771
13:35:59.593	-0.062219	-0.000031	-1.555473
13:35:59.652	-0.062226	-0.000031	-1.555640
13:35:59.710	-0.055595	-0.000028	-1.389863
13:35:59.768	-0.045100	-0.000023	-1.127497
13:35:59.826	-0.037521	-0.000019	-0.938018
13:35:59.885	-0.028545	-0.000014	-0.713615
13:35:59.943	-0.020903	-0.000010	-0.522584
13:36:00.001	-0.015134	-0.000008	-0.378352
13:36:00.060	-0.005725	-0.000003	-0.143121
13:36:00.119	-0.000132	-0.000000	-0.003306
13:36:00.177	0.008355	0.000004	0.208875
13:36:00.235	0.023006	0.000012	0.575157
13:36:00.294	0.031245	0.000016	0.781116
13:36:00.352	0.039769	0.000020	0.994229
13:36:00.411	0.044221	0.000022	1.105524
13:36:00.469	0.041824	0.000021	1.045593
13:36:00.527	0.046582	0.000023	1.164551
13:36:00.586	0.052661	0.000026	1.316525
13:36:00.644	0.056243	0.000028	1.406081
13:36:00.703	0.061186	0.000031	1.529647
13:36:00.761	0.059651	0.000030	1.491264
13:36:00.820	0.058162	0.000029	1.454060
13:36:00.878	0.058632	0.000029	1.465795
13:36:00.936	0.054950	0.000027	1.373749
13:36:00.995	0.054862	0.000027	1.371544
13:36:01.053	0.059580	0.000030	1.489489
13:36:01.112	0.056693	0.000028	1.417317
13:36:01.170	0.056081	0.000028	1.402013
13:36:01.228	0.051148	0.000026	1.278702
13:36:01.287	0.046750	0.000023	1.168748
13:36:01.345	0.043515	0.000022	1.087874
13:36:01.404	0.036547	0.000018	0.913675
13:36:01.462	0.034861	0.000017	0.871536
13:36:01.520	0.032195	0.000016	0.804883
13:36:01.579	0.026428	0.000013	0.660701
13:36:01.637	0.024907	0.000012	0.622665
13:36:01.695	0.020979	0.000010	0.524475
13:36:01.754	0.020740	0.000010	0.518491
13:36:01.812	0.020545	0.000010	0.513632
13:36:01.870	0.019740	0.000010	0.493492
13:36:01.928	0.021862	0.000011	0.546556
13:36:01.987	0.020280	0.000010	0.506999
13:36:02.045	0.024103	0.000012	0.602573
13:36:02.104	0.023486	0.000012	0.587147
13:36:02.162	0.023030	0.000012	0.575744
13:36:02.221	0.022284	0.000011	0.557101
13:36:02.279	0.020026	0.000010	0.500656
13:36:02.337	0.017569	0.000009	0.439213
13:36:02.396	0.015262	0.000008	0.381552
13:36:02.454	0.012455	0.000006	0.311379
13:36:02.513	0.013854	0.000007	0.346341
13:36:02.571	0.009875	0.000005	0.246870
13:36:02.630	0.010640	0.000005	0.266012
13:36:02.688	0.012093	0.000006	0.302322
13:36:02.747	0.011899	0.000006	0.297480
13:36:02.805	0.012634	0.000006	0.315853
13:36:02.863	0.012459	0.000006	0.311465
13:36:02.922	0.011551	0.000006	0.288773
13:36:02.980	0.011215	0.000006	0.280384
13:36:03.038	0.009121	0.000005	0.228033
13:36:03.097	0.011129	0.000006	0.278236
13:36:03.155	0.007410	0.000004	0.185247
13:36:03.213	0.009113	0.000005	0.227814
13:36:03.272	0.010379	0.000005	0.259471
13:36:03.330	0.011085	0.000006	0.277121
13:36:03.389	0.057420	0.000029	1.435490
13:36:03.447	0.097972	0.000049	2.449291
13:36:03.505	0.121810	0.000061	3.045255
13:36:03.564	0.131185	0.000066	3.279622
13:36:03.622	0.133512	0.000067	3.337799
13:36:03.681	0.138158	0.000069	3.453955
13:36:03.739	0.134239	0.000067	3.355972
13:36:03.797	0.131340	0.000066	3.283492
13:36:03.855	0.128153	0.000064	3.203822
13:36:03.914	0.122964	0.000061	3.074111
13:36:03.972	0.117600	0.000059	2.940011
13:36:04.030	0.106334	0.000053	2.658341
13:36:04.089	0.093628	0.000047	2.340701
13:36:04.147	0.085126	0.000043	2.128162
13:36:04.205	0.079525	0.000040	1.988119
13:36:04.264	0.074549	0.000037	1.863735
13:36:04.322	0.075141	0.000038	1.878526
13:36:04.381	0.075315	0.000038	1.882870
13:36:04.439	0.076506	0.000038	1.912649
13:36:04.497	0.080142	0.000040	2.003546
13:36:04.556	0.083147	0.000042	2.078669
13:36:04.614	0.092652	0.000046	2.316295
13:36:04.673	0.098833	0.000049	2.470817
13:36:04.731	0.108324	0.000054	2.708111
13:36:04.790	0.117581	0.000059	2.939537
13:36:04.848	0.121646	0.000061	3.041140
13:36:04.906	0.132856	0.000066	3.321403
13:36:04.965	0.144750	0.000072	3.618751
13:36:05.023	0.154424	0.000077	3.860599
13:36:05.081	0.160464	0.000080	4.011591
13:36:05.139	0.161377	0.000081	4.034416
13:36:05.198	0.159269	0.000080	3.981725
13:36:05.256	0.160101	0.000080	4.002537
13:36:05.315	0.159923	0.000080	3.998084
13:36:05.373	0.163862	0.000082	4.096546
13:36:05.432	0.167471	0.000084	4.186777
13:36:05.490	0.170612	0.000085	4.265309
13:36:05.549	0.176138	0.000088	4.403446
13:36:05.607	0.181361	0.000091	4.534020
13:36:05.665	0.188722	0.000094	4.718062
