23:06:21.201	-0.031671	-0.031671	-158.353345
23:06:21.252	-0.004055	-0.004055	-20.276356
23:06:21.303	-0.003431	-0.003431	-17.153120
23:06:21.355	-0.028677	-0.028677	-143.382903
23:06:21.406	-0.006172	-0.006172	-30.861312
23:06:21.457	-0.023926	-0.023926	-119.630913
23:06:21.508	-0.029510	-0.029510	-147.551693
23:06:21.558	-0.003744	-0.003744	-18.721663
23:06:21.609	-0.003406	-0.003406	-17.027935
23:06:21.660	0.010494	0.010494	52.468437
23:06:21.710	-0.003886	-0.003886	-19.428067
23:06:21.761	-0.000630	-0.000630	-3.151658
23:06:21.812	-0.003622	-0.003622	-18.111255
23:06:21.862	-0.001163	-0.001163	-5.814663
23:06:21.913	-0.003274	-0.003274	-16.371906
23:06:21.964	-0.002135	-0.002135	-10.677271
23:06:22.014	-0.001852	-0.001852	-9.259071
23:06:22.065	-0.001299	-0.001299	-6.493165
23:06:22.116	-0.016776	-0.016776	-83.878216
23:06:22.166	-0.000580	-0.000580	-2.899703
23:06:22.217	-0.004120	-0.004120	-20.599137
23:06:22.268	-0.003783	-0.003783	-18.914965
23:06:22.318	-0.000711	-0.000711	-3.554265
23:06:22.369	-0.003693	-0.003693	-18.465521
23:06:22.420	-0.006698	-0.006698	-33.490596
23:06:22.471	-0.002043	-0.002043	-10.214296
23:06:22.523	-0.003757	-0.003757	-18.785143
23:06:22.574	-0.041402	-0.041402	-207.009400
23:06:22.625	-0.009026	-0.009026	-45.130259
23:06:22.676	-0.011557	-0.011557	-57.782915
23:06:22.726	-0.001611	-0.001611	-8.052695
23:06:22.777	-0.002097	-0.002097	-10.482621
23:06:22.828	-0.002891	-0.002891	-14.453130
23:06:22.879	-0.030176	-0.030176	-150.880189
23:06:22.929	-0.011973	-0.011973	-59.864489
23:06:22.980	-0.009672	-0.009672	-48.358313
23:06:23.031	-0.009867	-0.009867	-49.332652
23:06:23.081	-0.008556	-0.008556	-42.781294
23:06:23.132	-0.031220	-0.031220	-156.101333
23:06:23.183	-0.016976	-0.016976	-84.879214
23:06:23.235	-0.008024	-0.008024	-40.119271
23:06:23.285	-0.006322	-0.006322	-31.612448
23:06:23.336	-0.006000	-0.006000	-29.999681
23:06:23.387	-0.007898	-0.007898	-39.491996
23:06:23.438	-0.002100	-0.002100	-10.497844
23:06:23.489	0.004592	0.004592	22.960190
23:06:23.540	0.001963	0.001963	9.816196
23:06:23.591	0.003877	0.003877	19.384836
23:06:23.643	0.002096	0.002096	10.480871
23:06:23.694	0.003724	0.003724	18.617721
23:06:23.745	0.002625	0.002625	13.124159
23:06:23.796	0.002942	0.002942	14.708480
23:06:23.848	0.004742	0.004742	23.707967
23:06:23.899	0.006172	0.006172	30.860697
23:06:23.951	0.003115	0.003115	15.574559
23:06:24.002	0.003462	0.003462	17.309992
23:06:24.053	-0.001118	-0.001118	-5.591969
23:06:24.105	-0.006265	-0.006265	-31.326653
23:06:24.156	-0.000006	-0.000006	-0.028150
23:06:24.208	0.003666	0.003666	18.328366
23:06:24.259	0.004557	0.004557	22.787007
23:06:24.310	0.004071	0.004071	20.354574
23:06:24.362	0.001710	0.001710	8.548505
23:06:24.413	0.000752	0.000752	3.759654
23:06:24.465	-0.003213	-0.003213	-16.064561
23:06:24.516	0.002216	0.002216	11.081522
23:06:24.568	0.001334	0.001334	6.669529
23:06:24.619	0.002876	0.002876	14.381950
23:06:24.670	0.002508	0.002508	12.541510
23:06:24.722	0.000801	0.000801	4.006713
23:06:24.773	0.002608	0.002608	13.042109
23:06:24.824	0.002013	0.002013	10.066307
23:06:24.875	0.003320	0.003320	16.599733
23:06:24.927	-0.022106	-0.022106	-110.528359
23:06:24.978	0.003011	0.003011	15.053059
23:06:25.029	0.001679	0.001679	8.396198
23:06:25.080	0.002428	0.002428	12.140654
23:06:25.134	-0.000007	-0.000007	-0.032680
23:06:25.187	0.002190	0.002190	10.952315
23:06:25.239	0.001528	0.001528	7.639290
23:06:25.292	0.001190	0.001190	5.952374
23:06:25.344	0.000046	0.000046	0.230595
23:06:25.395	0.000558	0.000558	2.789917
23:06:25.446	0.002777	0.002777	13.886839
23:06:25.496	0.002634	0.002634	13.170311
23:06:25.547	0.003775	0.003775	18.875602
23:06:25.598	-0.020910	-0.020910	-104.547787
23:06:25.649	-0.014376	-0.014376	-71.880726
23:06:25.700	-0.000688	-0.000688	-3.440943
23:06:25.750	-0.018767	-0.018767	-93.836689
23:06:25.801	0.003857	0.003857	19.284998
23:06:25.852	0.005196	0.005196	25.980240
23:06:25.902	0.002868	0.002868	14.339524
23:06:25.953	0.003865	0.003865	19.323426
23:06:26.004	0.002564	0.002564	12.818457
23:06:26.054	0.007575	0.007575	37.872735
23:06:26.105	0.000243	0.000243	1.215661
23:06:26.156	0.003797	0.003797	18.985423
23:06:26.206	-0.002478	-0.002478	-12.388612
23:06:26.257	0.003599	0.003599	17.996040
23:06:26.308	-0.000237	-0.000237	-1.186837
23:06:26.359	-0.000610	-0.000610	-3.050602
23:06:26.409	0.000234	0.000234	1.168090
23:06:26.460	-0.005314	-0.005314	-26.567869
23:06:26.511	0.003053	0.003053	15.267285
23:06:26.562	0.000128	0.000128	0.638630
23:06:26.612	0.001336	0.001336	6.682492
23:06:26.663	-0.000771	-0.000771	-3.855329
23:06:26.714	0.007992	0.007992	39.962352
23:06:26.765	-0.009328	-0.009328	-46.638895
23:06:26.817	0.000022	0.000022	0.109916
23:06:26.867	-0.002463	-0.002463	-12.315752
23:06:26.918	0.006172	0.006172	30.859810
23:06:26.969	0.003840	0.003840	19.199506
23:06:27.019	0.002593	0.002593	12.967204
23:06:27.070	0.003579	0.003579	17.895173
23:06:27.121	0.001455	0.001455	7.276520
23:06:27.171	0.002060	0.002060	10.301928
23:06:27.222	0.003730	0.003730	18.648355
23:06:27.273	0.002716	0.002716	13.577956
23:06:27.323	0.004589	0.004589	22.946777
23:06:27.374	0.002967	0.002967	14.834730
23:06:27.425	0.004736	0.004736	23.681887
23:06:27.476	0.003921	0.003921	19.604112
23:06:27.527	0.004555	0.004555	22.774269
23:06:27.578	0.004675	0.004675	23.373879
23:06:27.630	0.002658	0.002658	13.289712
23:06:27.681	0.004500	0.004500	22.501295
23:06:27.732	0.002574	0.002574	12.867815
23:06:27.783	-0.004861	-0.004861	-24.307459
23:06:27.835	-0.011059	-0.011059	-55.295778
23:06:27.887	-0.005416	-0.005416	-27.080001
23:06:27.939	-0.004646	-0.004646	-23.230562
23:06:27.991	-0.000841	-0.000841	-4.202641
23:06:28.044	-0.001604	-0.001604	-8.022026
23:06:28.096	-0.007130	-0.007130	-35.651901
23:06:28.147	-0.000745	-0.000745	-3.727424
23:06:28.198	-0.007386	-0.007386	-36.928830
23:06:28.248	-0.019399	-0.019399	-96.994533
23:06:28.299	0.006013	0.006013	30.063350
23:06:28.350	0.007148	0.007148	35.738244
23:06:28.401	0.006671	0.006671	33.355558
23:06:28.451	0.001228	0.001228	6.139892
23:06:28.502	0.002481	0.002481	12.404331
23:06:28.553	0.006657	0.006657	33.285809
23:06:28.604	0.006354	0.006354	31.769285
23:06:28.654	0.002060	0.002060	10.300840
23:06:28.705	0.003118	0.003118	15.589072
23:06:28.756	0.006917	0.006917	34.585980
23:06:28.807	0.004654	0.004654	23.271131
23:06:28.857	0.006550	0.006550	32.750057
23:06:28.908	0.003266	0.003266	16.331975
23:06:28.959	0.010724	0.010724	53.620098
23:06:29.010	0.004051	0.004051	20.252642
23:06:29.061	0.009427	0.009427	47.135946
23:06:29.112	0.000540	0.000540	2.699529
23:06:29.163	0.008566	0.008566	42.830415
23:06:29.215	-0.003274	-0.003274	-16.371539
23:06:29.266	0.004701	0.004701	23.506516
23:06:29.317	0.006170	0.006170	30.849106
23:06:29.368	0.009110	0.009110	45.547804
23:06:29.418	0.008600	0.008600	42.997660
23:06:29.469	0.010229	0.010229	51.142506
23:06:29.520	0.007706	0.007706	38.529284
23:06:29.571	-0.017879	-0.017879	-89.392985
23:06:29.621	0.008440	0.008440	42.199781
23:06:29.672	0.009758	0.009758	48.788585
23:06:29.723	0.007513	0.007513	37.564645
23:06:29.774	0.007587	0.007587	37.932856
23:06:29.824	0.004567	0.004567	22.834307
23:06:29.875	0.007373	0.007373	36.864274
23:06:29.926	-0.026450	-0.026450	-132.248180
23:06:29.977	0.009537	0.009537	47.684094
23:06:30.027	0.009437	0.009437	47.184807
23:06:30.078	0.008548	0.008548	42.741376
23:06:30.129	0.006727	0.006727	33.633061
23:06:30.180	0.008688	0.008688	43.439334
23:06:30.230	0.017542	0.017542	87.711357
23:06:30.281	0.005812	0.005812	29.060494
23:06:30.331	0.009244	0.009244	46.219339
23:06:30.382	0.010232	0.010232	51.161158
23:06:30.433	0.004141	0.004141	20.707279
23:06:30.484	0.010353	0.010353	51.766410
23:06:30.534	0.008494	0.008494	42.470413
23:06:30.585	-0.019714	-0.019714	-98.570705
23:06:30.636	-0.001725	-0.001725	-8.626225
23:06:30.687	-0.013027	-0.013027	-65.132578
23:06:30.737	0.001325	0.001325	6.623081
23:06:30.788	0.001689	0.001689	8.444822
23:06:30.839	0.008489	0.008489	42.445007
23:06:30.889	0.013547	0.013547	67.735190
23:06:30.940	0.002352	0.002352	11.758462
23:06:30.991	0.006739	0.006739	33.696861
23:06:31.041	0.008654	0.008654	43.272420
23:06:31.092	0.009048	0.009048	45.238058
23:06:31.143	0.006193	0.006193	30.965538
23:06:31.194	0.002969	0.002969	14.847279
23:06:31.244	0.005868	0.005868	29.341097
23:06:31.295	0.008510	0.008510	42.549399
23:06:31.346	0.007312	0.007312	36.560950
23:06:31.396	0.007083	0.007083	35.416031
23:06:31.447	0.005744	0.005744	28.720114
23:06:31.498	0.007181	0.007181	35.903845
23:06:31.549	0.006529	0.006529	32.646398
23:06:31.599	0.007418	0.007418	37.091876
23:06:31.650	0.008544	0.008544	42.722132
23:06:31.701	0.008157	0.008157	40.782527
23:06:31.751	0.008145	0.008145	40.725280
23:06:31.802	-0.014152	-0.014152	-70.760113
23:06:31.853	0.005395	0.005395	26.972841
23:06:31.904	0.008125	0.008125	40.625726
23:06:31.954	0.002444	0.002444	12.220349
23:06:32.005	0.004958	0.004958	24.787975
23:06:32.056	0.009641	0.009641	48.205676
23:06:32.107	0.005785	0.005785	28.924132
23:06:32.157	0.010214	0.010214	51.070806
23:06:32.208	0.005854	0.005854	29.270201
23:06:32.259	0.007337	0.007337	36.686857
23:06:32.309	0.006316	0.006316	31.577804
23:06:32.360	0.008857	0.008857	44.282916
23:06:32.411	0.007594	0.007594	37.968410
23:06:32.461	0.005395	0.005395	26.976567
23:06:32.512	0.010149	0.010149	50.745837
23:06:32.563	0.002241	0.002241	11.207358
23:06:32.614	0.006992	0.006992	34.960672
23:06:32.664	0.004285	0.004285	21.424492
23:06:32.715	0.006794	0.006794	33.968581
23:06:32.766	0.002965	0.002965	14.825445
23:06:32.817	0.003920	0.003920	19.600895
23:06:32.867	0.005932	0.005932	29.660980
23:06:32.918	0.004939	0.004939	24.694677
23:06:32.969	0.005443	0.005443	27.212791
23:06:33.020	0.002385	0.002385	11.927221
23:06:33.072	-0.001044	-0.001044	-5.221925
23:06:33.122	-0.021320	-0.021320	-106.600774
23:06:33.173	0.006980	0.006980	34.900150
23:06:33.224	0.008133	0.008133	40.663504
23:06:33.275	-0.087986	-0.087986	-439.929765
23:06:33.325	-0.006204	-0.006204	-31.018148
23:06:33.376	-0.002971	-0.002971	-14.854009
23:06:33.427	-0.007269	-0.007269	-36.343673
23:06:33.478	-0.003762	-0.003762	-18.812182
23:06:33.528	-0.005269	-0.005269	-26.343094
23:06:33.579	-0.004392	-0.004392	-21.959499
23:06:33.630	-0.006850	-0.006850	-34.249834
23:06:33.680	-0.007285	-0.007285	-36.424244
23:06:33.731	-0.009807	-0.009807	-49.034284
23:06:33.782	0.000173	0.000173	0.863003
23:06:33.832	0.000173	0.000173	0.863382
23:06:33.883	-0.006531	-0.006531	-32.655660
23:06:33.934	0.000305	0.000305	1.524225
23:06:33.985	-0.001984	-0.001984	-9.922256
23:06:34.036	0.003045	0.003045	15.227236
23:06:34.087	0.001361	0.001361	6.804721
23:06:34.137	0.002952	0.002952	14.761824
23:06:34.188	0.000055	0.000055	0.275505
23:06:34.239	0.004716	0.004716	23.578500
23:06:34.289	-0.000178	-0.000178	-0.889557
23:06:34.340	0.003033	0.003033	15.165577
23:06:34.391	-0.002935	-0.002935	-14.673813
23:06:34.442	0.003872	0.003872	19.361500
23:06:34.492	-0.003888	-0.003888	-19.439256
23:06:34.543	-0.014460	-0.014460	-72.302162
23:06:34.594	0.002803	0.002803	14.015360
23:06:34.645	-0.001775	-0.001775	-8.876513
23:06:34.696	-0.002575	-0.002575	-12.876449
23:06:34.746	0.003235	0.003235	16.175766
23:06:34.797	0.002295	0.002295	11.476949
23:06:34.848	0.001667	0.001667	8.336645
23:06:34.898	0.002243	0.002243	11.212515
23:06:34.949	0.004255	0.004255	21.277296
23:06:35.000	0.003201	0.003201	16.005162
23:06:35.050	0.002455	0.002455	12.275680
23:06:35.101	0.002695	0.002695	13.475042
23:06:35.152	0.001456	0.001456	7.279358
23:06:35.202	0.000803	0.000803	4.016235
23:06:35.253	-0.000654	-0.000654	-3.268966
23:06:35.304	-0.001278	-0.001278	-6.390606
23:06:35.355	-0.001350	-0.001350	-6.752465
23:06:35.406	-0.003349	-0.003349	-16.743039
23:06:35.456	0.002711	0.002711	13.554620
23:06:35.507	0.002571	0.002571	12.857229
23:06:35.558	-0.003718	-0.003718	-18.590647
23:06:35.609	-0.026124	-0.026124	-130.622130
23:06:35.660	-0.018459	-0.018459	-92.295775
23:06:35.710	-0.025486	-0.025486	-127.431511
23:06:35.761	-0.024400	-0.024400	-121.998897
23:06:35.812	-0.000276	-0.000276	-1.379523
23:06:35.863	0.002118	0.002118	10.591615
23:06:35.913	-0.000595	-0.000595	-2.975673
23:06:35.964	-0.002365	-0.002365	-11.823799
23:06:36.015	-0.000035	-0.000035	-0.177180
23:06:36.066	0.005245	0.005245	26.223751
23:06:36.117	-0.001925	-0.001925	-9.623592
23:06:36.167	0.005353	0.005353	26.763962
23:06:36.218	0.000484	0.000484	2.421174
23:06:36.269	-0.000274	-0.000274	-1.369635
23:06:36.319	-0.000076	-0.000076	-0.377650
23:06:36.370	0.003041	0.003041	15.205804
23:06:36.421	-0.002921	-0.002921	-14.602728
23:06:36.472	-0.002472	-0.002472	-12.359835
23:06:36.523	-0.005528	-0.005528	-27.639101
23:06:36.573	0.004756	0.004756	23.779632
23:06:36.624	-0.001460	-0.001460	-7.301595
23:06:36.675	-0.000566	-0.000566	-2.828440
23:06:36.726	0.002797	0.002797	13.987351
23:06:36.776	-0.001789	-0.001789	-8.947054
23:06:36.827	-0.000978	-0.000978	-4.890380
23:06:36.878	0.002744	0.002744	13.719996
23:06:36.929	0.001414	0.001414	7.068031
23:06:36.979	-0.001268	-0.001268	-6.339640
23:06:37.030	0.000544	0.000544	2.722061
23:06:37.081	0.001699	0.001699	8.494463
23:06:37.131	-0.000908	-0.000908	-4.538042
23:06:37.182	0.001858	0.001858	9.290533
23:06:37.233	-0.008384	-0.008384	-41.918587
23:06:37.284	0.000771	0.000771	3.855897
23:06:37.335	-0.002495	-0.002495	-12.477498
23:06:37.385	0.000759	0.000759	3.794937
23:06:37.436	0.005732	0.005732	28.662312
23:06:37.486	0.012750	0.012750	63.751741
23:06:37.537	0.000676	0.000676	3.377510
23:06:37.588	-0.000622	-0.000622	-3.111870
23:06:37.638	0.002072	0.002072	10.358370
23:06:37.689	-0.002215	-0.002215	-11.076400
23:06:37.740	-0.007439	-0.007439	-37.192850
23:06:37.791	0.002748	0.002748	13.738092
23:06:37.842	-0.001757	-0.001757	-8.786858
23:06:37.893	0.000575	0.000575	2.875030
23:06:37.944	-0.005017	-0.005017	-25.084403
23:06:37.995	0.001744	0.001744	8.717701
23:06:38.045	0.002880	0.002880	14.402081
23:06:38.096	-0.000269	-0.000269	-1.346169
23:06:38.147	-0.015804	-0.015804	-79.021486
23:06:38.198	-0.000317	-0.000317	-1.583245
23:06:38.249	-0.002709	-0.002709	-13.547416
23:06:38.300	-0.002939	-0.002939	-14.693400
23:06:38.351	0.000166	0.000166	0.831116
23:06:38.402	-0.001685	-0.001685	-8.424194
23:06:38.453	0.000714	0.000714	3.568293
23:06:38.504	0.001832	0.001832	9.161740
23:06:38.555	-0.003451	-0.003451	-17.256022
23:06:38.606	0.001386	0.001386	6.931385
23:06:38.657	0.002895	0.002895	14.476750
23:06:38.707	0.002049	0.002049	10.246822
23:06:38.758	0.002028	0.002028	10.140372
23:06:38.809	-0.005271	-0.005271	-26.356707
23:06:38.859	-0.088367	-0.088367	-441.836962
23:06:38.910	-0.002677	-0.002677	-13.387256
23:06:38.961	-0.005189	-0.005189	-25.943018
23:06:39.011	-0.082280	-0.082280	-411.400516
23:06:39.063	-0.013355	-0.013355	-66.774666
23:06:39.113	-0.003367	-0.003367	-16.835721
23:06:39.164	-0.012548	-0.012548	-62.739933
23:06:39.215	-0.005687	-0.005687	-28.436850
23:06:39.266	-0.005560	-0.005560	-27.800988
23:06:39.316	0.002213	0.002213	11.063863
23:06:39.367	0.003522	0.003522	17.610430
23:06:39.418	0.003255	0.003255	16.272789
23:06:39.468	0.003720	0.003720	18.600464
23:06:39.519	0.001527	0.001527	7.636688
23:06:39.570	0.006036	0.006036	30.181273
23:06:39.621	0.003214	0.003214	16.069647
23:06:39.671	0.003826	0.003826	19.128445
23:06:39.722	0.007753	0.007753	38.766680
23:06:39.773	0.000953	0.000953	4.763846
23:06:39.823	0.005870	0.005870	29.350855
23:06:39.874	0.002439	0.002439	12.192992
23:06:39.925	0.003402	0.003402	17.009058
23:06:39.976	0.002640	0.002640	13.201761
23:06:40.027	0.007269	0.007269	36.346535
23:06:40.078	0.001771	0.001771	8.856429
23:06:40.129	0.006840	0.006840	34.197720
23:06:40.180	0.004318	0.004318	21.588686
23:06:40.231	0.005208	0.005208	26.040586
23:06:40.282	0.006447	0.006447	32.233407
23:06:40.334	-0.000928	-0.000928	-4.641322
23:06:40.385	-0.011421	-0.011421	-57.105371
23:06:40.437	0.000147	0.000147	0.733524
23:06:40.488	-0.001107	-0.001107	-5.532984
23:06:40.539	0.000214	0.000214	1.069824
23:06:40.590	-0.023841	-0.023841	-119.203539
23:06:40.641	-0.002840	-0.002840	-14.199566
23:06:40.692	-0.003249	-0.003249	-16.244261
23:06:40.742	-0.004734	-0.004734	-23.669633
23:06:40.793	-0.000819	-0.000819	-4.093139
23:06:40.844	0.001082	0.001082	5.407680
23:06:40.895	-0.004308	-0.004308	-21.542427
23:06:40.945	0.006559	0.006559	32.794187
23:06:40.996	0.000303	0.000303	1.515153
23:06:41.047	-0.000666	-0.000666	-3.327774
23:06:41.097	0.004206	0.004206	21.030603
23:06:41.148	0.000460	0.000460	2.300447
23:06:41.198	-0.000727	-0.000727	-3.634221
23:06:41.249	0.001541	0.001541	7.703113
23:06:41.300	0.000076	0.000076	0.378714
23:06:41.351	0.005147	0.005147	25.734329
23:06:41.402	-0.006681	-0.006681	-33.402502
23:06:41.453	-0.003360	-0.003360	-16.798795
23:06:41.504	0.000018	0.000018	0.089655
23:06:41.555	-0.004777	-0.004777	-23.884307
23:06:41.606	-0.005352	-0.005352	-26.760745
23:06:41.657	0.005073	0.005073	25.366626
23:06:41.707	0.002754	0.002754	13.770631
23:06:41.758	0.002922	0.002922	14.609765
23:06:41.809	-0.020806	-0.020806	-104.032415
23:06:41.860	0.003561	0.003561	17.806866
23:06:41.910	0.002544	0.002544	12.718820
23:06:41.961	0.001887	0.001887	9.432774
23:06:42.012	0.002496	0.002496	12.482465
23:06:42.063	0.004417	0.004417	22.086613
23:06:42.114	-0.000988	-0.000988	-4.940033
23:06:42.165	-0.009243	-0.009243	-46.213508
23:06:42.216	0.001128	0.001128	5.638748
23:06:42.266	0.002031	0.002031	10.153868
23:06:42.317	0.002259	0.002259	11.296658
23:06:42.368	0.003541	0.003541	17.707158
23:06:42.419	0.003698	0.003698	18.489200
23:06:42.470	0.003869	0.003869	19.345059
23:06:42.520	0.004470	0.004470	22.351898
23:06:42.571	0.003004	0.003004	15.020285
23:06:42.622	0.004096	0.004096	20.477890
23:06:42.672	0.002586	0.002586	12.927983
23:06:42.723	0.002844	0.002844	14.220915
23:06:42.774	-0.000219	-0.000219	-1.096188
23:06:42.825	-0.008953	-0.008953	-44.763633
23:06:42.876	-0.002058	-0.002058	-10.290810
23:06:42.926	0.002274	0.002274	11.368216
23:06:42.977	-0.000716	-0.000716	-3.579351
23:06:43.028	0.001898	0.001898	9.491085
23:06:43.078	0.002998	0.002998	14.989260
23:06:43.129	0.005082	0.005082	25.407527
23:06:43.180	0.003254	0.003254	16.268200
23:06:43.230	0.002418	0.002418	12.087784
23:06:43.281	-0.020861	-0.020861	-104.306914
23:06:43.332	0.004020	0.004020	20.099945
23:06:43.383	0.004735	0.004735	23.677155
23:06:43.433	0.003857	0.003857	19.283164
23:06:43.484	0.001822	0.001822	9.111910
23:06:43.535	0.001883	0.001883	9.414903
23:06:43.586	0.006113	0.006113	30.563240
23:06:43.636	0.004930	0.004930	24.648383
23:06:43.687	0.008818	0.008818	44.091519
23:06:43.738	0.002776	0.002776	13.881895
23:06:43.789	0.006426	0.006426	32.130789
23:06:43.839	0.005486	0.005486	27.430719
23:06:43.890	0.008063	0.008063	40.315814
23:06:43.941	0.006034	0.006034	30.168179
23:06:43.991	0.004705	0.004705	23.526694
23:06:44.042	0.005608	0.005608	28.041754
23:06:44.093	0.001790	0.001790	8.951537
23:06:44.144	0.003520	0.003520	17.601122
23:06:44.195	0.002728	0.002728	13.641968
23:06:44.246	0.002375	0.002375	11.875001
23:06:44.296	-0.003241	-0.003241	-16.205217
23:06:44.347	-0.009645	-0.009645	-48.223406
23:06:44.398	-0.005569	-0.005569	-27.844360
23:06:44.448	-0.109138	-0.109138	-545.691877
23:06:44.499	-0.008706	-0.008706	-43.528314
23:06:44.550	-0.006833	-0.006833	-34.164319
23:06:44.601	-0.051644	-0.051644	-258.217881
23:06:44.652	-0.008485	-0.008485	-42.426626
23:06:44.702	-0.007512	-0.007512	-37.558258
23:06:44.753	-0.092331	-0.092331	-461.652791
23:06:44.804	-0.031888	-0.031888	-159.442236
23:06:44.855	-0.003142	-0.003142	-15.710531
23:06:44.905	-0.000326	-0.000326	-1.630864
23:06:44.956	0.000552	0.000552	2.762477
23:06:45.006	-0.002011	-0.002011	-10.055969
23:06:45.057	0.001122	0.001122	5.608871
23:06:45.108	0.009150	0.009150	45.749504
23:06:45.158	0.000829	0.000829	4.143183
23:06:45.209	-0.003899	-0.003899	-19.492883
23:06:45.260	0.002512	0.002512	12.557785
23:06:45.310	0.003438	0.003438	17.189715
23:06:45.361	0.000803	0.000803	4.014603
23:06:45.412	-0.000161	-0.000161	-0.804669
23:06:45.463	-0.008985	-0.008985	-44.925177
23:06:45.513	0.002146	0.002146	10.730319
23:06:45.564	-0.006631	-0.006631	-33.152900
23:06:45.615	-0.029900	-0.029900	-149.500192
23:06:45.666	-0.033599	-0.033599	-167.992716
23:06:45.717	-0.032299	-0.032299	-161.495849
23:06:45.768	-0.001738	-0.001738	-8.690687
23:06:45.818	0.001265	0.001265	6.324240
23:06:45.869	0.010036	0.010036	50.181462
23:06:45.919	0.003838	0.003838	19.190884
23:06:45.970	-0.001570	-0.001570	-7.851374
23:06:46.021	0.004634	0.004634	23.168087
23:06:46.071	-0.001392	-0.001392	-6.957950
23:06:46.122	-0.001042	-0.001042	-5.207696
23:06:46.173	-0.001633	-0.001633	-8.166999
23:06:46.223	0.000814	0.000814	4.072263
23:06:46.274	-0.002716	-0.002716	-13.580463
23:06:46.325	0.001937	0.001937	9.684683
23:06:46.376	-0.003666	-0.003666	-18.331831
23:06:46.426	-0.000736	-0.000736	-3.682466
23:06:46.477	0.001040	0.001040	5.199748
23:06:46.528	-0.001107	-0.001107	-5.533611
23:06:46.578	0.003333	0.003333	16.664691
23:06:46.629	-0.002058	-0.002058	-10.289473
23:06:46.680	-0.001239	-0.001239	-6.194170
23:06:46.731	0.001308	0.001308	6.539187
23:06:46.782	-0.022765	-0.022765	-113.824494
23:06:46.832	0.002342	0.002342	11.707969
23:06:46.883	0.003971	0.003971	19.853856
23:06:46.934	0.005258	0.005258	26.288709
23:06:46.984	-0.003862	-0.003862	-19.308405
23:06:47.035	0.008509	0.008509	42.547057
23:06:47.086	-0.001739	-0.001739	-8.693206
23:06:47.136	0.009807	0.009807	49.037182
23:06:47.187	-0.000627	-0.000627	-3.133905
23:06:47.237	0.011670	0.011670	58.349064
23:06:47.288	0.001429	0.001429	7.145006
23:06:47.338	0.008125	0.008125	40.625820
23:06:47.389	-0.004844	-0.004844	-24.219661
23:06:47.439	0.006469	0.006469	32.343027
23:06:47.490	-0.003049	-0.003049	-15.246562
23:06:47.541	0.009143	0.009143	45.713748
23:06:47.591	-0.004046	-0.004046	-20.229258
23:06:47.642	0.006230	0.006230	31.148207
23:06:47.692	-0.005112	-0.005112	-25.560578
23:06:47.743	0.000170	0.000170	0.851045
23:06:47.794	-0.000726	-0.000726	-3.631264
23:06:47.844	-0.001876	-0.001876	-9.381028
23:06:47.895	-0.002791	-0.002791	-13.953595
23:06:47.946	0.000974	0.000974	4.871751
23:06:47.997	-0.000927	-0.000927	-4.636496
23:06:48.048	-0.001601	-0.001601	-8.007478
23:06:48.098	0.001668	0.001668	8.338798
23:06:48.149	-0.002968	-0.002968	-14.837533
23:06:48.200	0.000106	0.000106	0.531021
23:06:48.250	-0.002547	-0.002547	-12.737130
23:06:48.301	0.000937	0.000937	4.686078
23:06:48.352	0.000606	0.000606	3.027715
23:06:48.402	0.002301	0.002301	11.506447
23:06:48.453	0.001913	0.001913	9.565151
23:06:48.504	0.000482	0.000482	2.409405
23:06:48.555	-0.003922	-0.003922	-19.609316
23:06:48.606	-0.000624	-0.000624	-3.119830
23:06:48.657	0.000482	0.000482	2.410706
23:06:48.707	0.000995	0.000995	4.975457
23:06:48.758	0.002504	0.002504	12.520432
23:06:48.809	-0.001650	-0.001650	-8.248540
23:06:48.860	0.003725	0.003725	18.626816
23:06:48.910	0.002638	0.002638	13.188904
23:06:48.961	0.004023	0.004023	20.114115
23:06:49.012	-0.003141	-0.003141	-15.706013
23:06:49.063	0.004165	0.004165	20.826018
23:06:49.113	-0.003968	-0.003968	-19.837592
23:06:49.164	0.000753	0.000753	3.767165
23:06:49.215	-0.000919	-0.000919	-4.595584
23:06:49.266	0.000329	0.000329	1.642727
23:06:49.317	0.000187	0.000187	0.933225
23:06:49.367	0.000034	0.000034	0.171278
23:06:49.418	-0.000787	-0.000787	-3.936385
23:06:49.469	-0.001424	-0.001424	-7.120227
23:06:49.519	0.001364	0.001364	6.817578
23:06:49.570	-0.002062	-0.002062	-10.311260
23:06:49.621	0.000169	0.000169	0.847284
23:06:49.671	0.000069	0.000069	0.347442
23:06:49.722	0.002068	0.002068	10.337920
23:06:49.773	-0.000515	-0.000515	-2.577206
23:06:49.824	-0.085225	-0.085225	-426.125685
23:06:49.874	-0.015125	-0.015125	-75.626672
23:06:49.925	-0.015179	-0.015179	-75.895660
23:06:49.976	-0.008298	-0.008298	-41.492384
23:06:50.027	-0.008698	-0.008698	-43.492027
23:06:50.077	-0.004667	-0.004667	-23.334067
23:06:50.128	-0.007820	-0.007820	-39.100401
23:06:50.179	-0.006032	-0.006032	-30.159592
23:06:50.230	-0.004819	-0.004819	-24.094677
23:06:50.280	-0.008938	-0.008938	-44.691034
23:06:50.331	-0.012061	-0.012061	-60.307262
23:06:50.382	-0.000421	-0.000421	-2.105644
23:06:50.433	-0.000410	-0.000410	-2.048716
23:06:50.484	0.000544	0.000544	2.718181
23:06:50.534	-0.010104	-0.010104	-50.521464
23:06:50.585	-0.026497	-0.026497	-132.487362
23:06:50.636	-0.007219	-0.007219	-36.095940
23:06:50.687	-0.020472	-0.020472	-102.362164
23:06:50.738	-0.023729	-0.023729	-118.642748
23:06:50.788	0.003550	0.003550	17.752447
23:06:50.839	0.007166	0.007166	35.828856
23:06:50.890	0.002227	0.002227	11.136604
23:06:50.940	0.006410	0.006410	32.052052
23:06:50.991	0.000863	0.000863	4.315123
23:06:51.042	-0.000223	-0.000223	-1.114900
23:06:51.092	-0.000998	-0.000998	-4.989461
23:06:51.143	0.000891	0.000891	4.455058
23:06:51.194	-0.001236	-0.001236	-6.178806
23:06:51.244	-0.009506	-0.009506	-47.531480
23:06:51.295	-0.001895	-0.001895	-9.476809
23:06:51.346	0.000654	0.000654	3.270291
23:06:51.397	-0.001398	-0.001398	-6.990216
23:06:51.447	-0.003956	-0.003956	-19.780145
23:06:51.498	0.001517	0.001517	7.586609
23:06:51.549	0.000348	0.000348	1.737846
23:06:51.599	-0.002103	-0.002103	-10.514036
23:06:51.655	-0.000125	-0.000125	-0.623833
23:06:51.706	-0.000129	-0.000129	-0.643361
23:06:51.757	0.001963	0.001963	9.813795
23:06:51.807	-0.000337	-0.000337	-1.686395
23:06:51.858	0.003781	0.003781	18.904663
23:06:51.909	0.007296	0.007296	36.480639
23:06:51.959	0.000330	0.000330	1.650640
23:06:52.010	0.006883	0.006883	34.413554
23:06:52.060	0.001141	0.001141	5.704298
23:06:52.111	0.001141	0.001141	5.703151
23:06:52.162	-0.000792	-0.000792	-3.958562
23:06:52.212	-0.000492	-0.000492	-2.457816
23:06:52.263	-0.005951	-0.005951	-29.753035
23:06:52.314	0.000140	0.000140	0.700655
23:06:52.365	-0.005205	-0.005205	-26.024429
23:06:52.415	0.003676	0.003676	18.379367
23:06:52.466	0.003229	0.003229	16.146161
23:06:52.517	0.004789	0.004789	23.943198
23:06:52.568	0.003117	0.003117	15.586517
23:06:52.618	0.002017	0.002017	10.086639
23:06:52.669	0.002245	0.002245	11.226909
23:06:52.720	0.002764	0.002764	13.817741
23:06:52.770	-0.000250	-0.000250	-1.248365
23:06:52.821	-0.000343	-0.000343	-1.717396
23:06:52.872	0.001336	0.001336	6.678518
23:06:52.922	0.004352	0.004352	21.758332
23:06:52.973	-0.000298	-0.000298	-1.491935
23:06:53.024	0.002812	0.002812	14.061855
23:06:53.075	-0.001157	-0.001157	-5.783509
23:06:53.126	0.006834	0.006834	34.167666
23:06:53.176	0.003452	0.003452	17.261889
23:06:53.227	0.002758	0.002758	13.791885
23:06:53.278	-0.003945	-0.003945	-19.726660
23:06:53.329	0.000499	0.000499	2.493465
23:06:53.381	-0.003790	-0.003790	-18.948225
23:06:53.432	0.005218	0.005218	26.092273
23:06:53.483	-0.002692	-0.002692	-13.457904
23:06:53.534	0.006199	0.006199	30.994611
23:06:53.586	-0.006263	-0.006263	-31.313181
23:06:53.637	0.003937	0.003937	19.684919
23:06:53.688	0.001175	0.001175	5.873400
23:06:53.739	0.001168	0.001168	5.840779
23:06:53.791	0.002509	0.002509	12.546631
23:06:53.842	0.003036	0.003036	15.180882
23:06:53.893	-0.003999	-0.003999	-19.992596
23:06:53.944	0.003810	0.003810	19.050311
23:06:53.996	0.001898	0.001898	9.491842
23:06:54.047	0.004505	0.004505	22.525637
23:06:54.098	0.003332	0.003332	16.660138
23:06:54.149	0.006307	0.006307	31.534657
23:06:54.200	0.005160	0.005160	25.800150
23:06:54.251	0.005633	0.005633	28.162942
23:06:54.303	0.003900	0.003900	19.501033
23:06:54.354	0.006238	0.006238	31.190397
23:06:54.405	0.001526	0.001526	7.632158
23:06:54.456	0.002710	0.002710	13.549912
23:06:54.507	0.003095	0.003095	15.473987
23:06:54.557	0.005592	0.005592	27.961834
23:06:54.608	0.002170	0.002170	10.852098
23:06:54.659	0.003743	0.003743	18.714141
23:06:54.710	0.002564	0.002564	12.822384
23:06:54.760	0.003041	0.003041	15.203332
23:06:54.811	0.000231	0.000231	1.152678
23:06:54.862	0.003531	0.003531	17.656038
23:06:54.912	0.002121	0.002121	10.605761
23:06:54.963	0.003173	0.003173	15.863122
23:06:55.014	-0.002039	-0.002039	-10.194851
23:06:55.065	0.004541	0.004541	22.703420
23:06:55.115	-0.001371	-0.001371	-6.853948
23:06:55.166	-0.019469	-0.019469	-97.343346
23:06:55.216	0.002198	0.002198	10.990176
23:06:55.267	0.012592	0.012592	62.961124
23:06:55.318	0.001563	0.001563	7.816234
23:06:55.368	-0.008609	-0.008609	-43.046213
23:06:55.419	-0.009796	-0.009796	-48.982076
23:06:55.470	-0.011552	-0.011552	-57.758609
23:06:55.520	-0.010450	-0.010450	-52.249209
23:06:55.571	-0.009205	-0.009205	-46.023353
23:06:55.622	-0.057940	-0.057940	-289.698757
23:06:55.673	-0.027535	-0.027535	-137.675530
23:06:55.724	-0.013144	-0.013144	-65.719449
23:06:55.775	-0.014096	-0.014096	-70.479451
23:06:55.826	-0.011872	-0.011872	-59.358519
23:06:55.876	-0.001838	-0.001838	-9.190257
23:06:55.927	-0.000623	-0.000623	-3.114767
23:06:55.978	0.002378	0.002378	11.888615
23:06:56.028	0.002867	0.002867	14.337371
23:06:56.079	-0.000095	-0.000095	-0.472899
23:06:56.130	0.001979	0.001979	9.894461
23:06:56.181	0.003329	0.003329	16.644501
23:06:56.231	0.002673	0.002673	13.363589
23:06:56.282	-0.000213	-0.000213	-1.063567
23:06:56.333	0.001366	0.001366	6.832398
23:06:56.383	0.000610	0.000610	3.048094
23:06:56.434	-0.003708	-0.003708	-18.540852
23:06:56.485	-0.000034	-0.000034	-0.170167
23:06:56.536	0.002736	0.002736	13.680030
23:06:56.586	0.002169	0.002169	10.843760
23:06:56.637	0.000263	0.000263	1.313016
23:06:56.688	0.000917	0.000917	4.584525
23:06:56.739	-0.001380	-0.001380	-6.901330
23:06:56.789	-0.027083	-0.027083	-135.416539
23:06:56.841	-0.007680	-0.007680	-38.402029
23:06:56.892	0.002937	0.002937	14.684848
23:06:56.943	0.003726	0.003726	18.627822
23:06:56.994	0.003053	0.003053	15.262967
23:06:57.045	-0.000619	-0.000619	-3.092519
23:06:57.096	0.006280	0.006280	31.401629
23:06:57.146	0.004808	0.004808	24.039831
23:06:57.197	0.006410	0.006410	32.050893
23:06:57.248	0.003900	0.003900	19.498773
23:06:57.299	0.005662	0.005662	28.309689
23:06:57.350	-0.001030	-0.001030	-5.151987
23:06:57.401	-0.004496	-0.004496	-22.478349
23:06:57.452	-0.003213	-0.003213	-16.066749
23:06:57.503	-0.003310	-0.003310	-16.549678
23:06:57.554	0.000462	0.000462	2.309803
23:06:57.604	0.000189	0.000189	0.945053
23:06:57.655	0.001188	0.001188	5.941682
23:06:57.706	0.003461	0.003461	17.307142
23:06:57.757	0.002118	0.002118	10.590018
23:06:57.807	0.007308	0.007308	36.539234
23:06:57.858	0.003243	0.003243	16.215010
23:06:57.909	0.003776	0.003776	18.880262
23:06:57.959	0.004042	0.004042	20.207696
23:06:58.010	0.004073	0.004073	20.367158
23:06:58.061	0.005366	0.005366	26.828814
23:06:58.112	0.001701	0.001701	8.503736
23:06:58.162	0.005982	0.005982	29.911327
23:06:58.213	0.007215	0.007215	36.076365
23:06:58.264	0.008470	0.008470	42.348042
23:06:58.315	0.003824	0.003824	19.122425
23:06:58.365	0.008243	0.008243	41.213816
23:06:58.416	0.012606	0.012606	63.028827
23:06:58.466	0.002764	0.002764	13.818096
23:06:58.517	0.013078	0.013078	65.387774
23:06:58.568	0.003884	0.003884	19.420213
23:06:58.618	0.003022	0.003022	15.109892
23:06:58.669	-0.003314	-0.003314	-16.571003
23:06:58.720	0.003257	0.003257	16.283990
23:06:58.770	0.004415	0.004415	22.073176
23:06:58.821	0.000418	0.000418	2.090256
23:06:58.872	0.004768	0.004768	23.838924
23:06:58.922	0.003490	0.003490	17.448472
23:06:58.973	0.005964	0.005964	29.820596
23:06:59.024	0.005368	0.005368	26.838548
23:06:59.074	0.002499	0.002499	12.497203
23:06:59.125	0.005121	0.005121	25.605820
23:06:59.176	0.005713	0.005713	28.563632
23:06:59.227	0.003140	0.003140	15.701223
23:06:59.277	0.006151	0.006151	30.754365
23:06:59.328	0.003567	0.003567	17.832615
23:06:59.379	0.003889	0.003889	19.443975
23:06:59.430	0.004425	0.004425	22.123775
23:06:59.480	0.007276	0.007276	36.381451
23:06:59.531	0.005838	0.005838	29.189642
23:06:59.582	0.007295	0.007295	36.475991
23:06:59.632	0.006064	0.006064	30.322154
23:06:59.683	0.007301	0.007301	36.506873
23:06:59.734	0.007346	0.007346	36.730951
23:06:59.785	-0.002524	-0.002524	-12.619135
23:06:59.835	0.004402	0.004402	22.010300
23:06:59.886	0.005819	0.005819	29.095292
23:06:59.936	0.005134	0.005134	25.671547
23:06:59.987	-0.002898	-0.002898	-14.489098
23:07:00.038	0.009637	0.009637	48.186728
23:07:00.089	0.000569	0.000569	2.843852
23:07:00.140	0.005095	0.005095	25.474093
23:07:00.190	0.005186	0.005186	25.930374
23:07:00.241	0.005058	0.005058	25.292265
23:07:00.292	0.001655	0.001655	8.275235
23:07:00.342	0.009208	0.009208	46.041272
23:07:00.393	0.003323	0.003323	16.613749
23:07:00.444	0.004457	0.004457	22.285935
23:07:00.495	-0.006125	-0.006125	-30.623751
23:07:00.545	0.016258	0.016258	81.292187
23:07:00.596	-0.042582	-0.042582	-212.910122
23:07:00.647	-0.024921	-0.024921	-124.604809
23:07:00.698	-0.001984	-0.001984	-9.922291
23:07:00.749	-0.019633	-0.019633	-98.166892
23:07:00.799	0.006321	0.006321	31.607208
23:07:00.850	-0.000009	-0.000009	-0.047169
23:07:00.901	-0.003551	-0.003551	-17.753062
23:07:00.952	-0.004443	-0.004443	-22.215748
23:07:01.002	-0.024915	-0.024915	-124.572697
23:07:01.053	-0.007501	-0.007501	-37.505009
23:07:01.104	-0.002861	-0.002861	-14.303638
23:07:01.155	-0.028090	-0.028090	-140.451809
23:07:01.205	0.000397	0.000397	1.987094
23:07:01.256	-0.000678	-0.000678	-3.390994
23:07:01.307	-0.009001	-0.009001	-45.004672
23:07:01.357	-0.000275	-0.000275	-1.374709
23:07:01.408	0.010339	0.010339	51.694450
23:07:01.459	0.008231	0.008231	41.153506
23:07:01.509	0.007849	0.007849	39.246439
23:07:01.560	0.003639	0.003639	18.192843
23:07:01.611	0.004542	0.004542	22.712303
23:07:01.661	0.008270	0.008270	41.349031
23:07:01.712	-0.005977	-0.005977	-29.885022
23:07:01.762	0.003511	0.003511	17.552651
23:07:01.813	0.003204	0.003204	16.022477
23:07:01.864	0.010647	0.010647	53.232596
23:07:01.915	0.000415	0.000415	2.076121
23:07:01.966	0.003818	0.003818	19.088479
23:07:02.016	0.004943	0.004943	24.715766
23:07:02.067	0.006430	0.006430	32.147668
23:07:02.118	0.006307	0.006307	31.536490
23:07:02.168	0.004560	0.004560	22.801201
23:07:02.219	0.004990	0.004990	24.949897
23:07:02.270	0.008259	0.008259	41.295392
23:07:02.320	0.005031	0.005031	25.154388
23:07:02.371	-0.005168	-0.005168	-25.837810
23:07:02.422	0.001867	0.001867	9.336650
23:07:02.473	0.003818	0.003818	19.087757
23:07:02.523	0.002888	0.002888	14.438913
23:07:02.574	0.002859	0.002859	14.295655
23:07:02.625	-0.000853	-0.000853	-4.262785
23:07:02.676	0.005931	0.005931	29.652523
23:07:02.726	0.007061	0.007061	35.304116
23:07:02.777	0.008229	0.008229	41.143866
23:07:02.828	0.004344	0.004344	21.721701
23:07:02.878	0.004476	0.004476	22.378073
23:07:02.929	0.001333	0.001333	6.666596
23:07:02.980	0.009102	0.009102	45.509884
23:07:03.031	0.003006	0.003006	15.030433
23:07:03.081	0.004793	0.004793	23.963897
23:07:03.132	0.003980	0.003980	19.898943
23:07:03.183	0.005401	0.005401	27.005639
23:07:03.234	-0.002554	-0.002554	-12.770898
23:07:03.285	-0.006109	-0.006109	-30.546480
23:07:03.335	0.002033	0.002033	10.164714
23:07:03.386	0.003586	0.003586	17.930337
23:07:03.437	0.002580	0.002580	12.897775
23:07:03.487	0.004370	0.004370	21.851381
23:07:03.538	0.006742	0.006742	33.707659
23:07:03.589	0.004389	0.004389	21.945933
23:07:03.639	0.004920	0.004920	24.598777
23:07:03.690	0.006311	0.006311	31.554385
23:07:03.741	0.007598	0.007598	37.992456
23:07:03.791	0.006035	0.006035	30.172579
23:07:03.842	0.006443	0.006443	32.212815
23:07:03.893	0.007522	0.007522	37.608112
23:07:03.944	0.005744	0.005744	28.720563
23:07:03.994	0.002117	0.002117	10.586410
23:07:04.045	0.005358	0.005358	26.789179
23:07:04.096	0.005132	0.005132	25.659258
23:07:04.146	0.003976	0.003976	19.878375
23:07:04.197	0.004455	0.004455	22.272605
23:07:04.248	0.004416	0.004416	22.081550
23:07:04.298	0.004276	0.004276	21.378553
23:07:04.349	-0.001947	-0.001947	-9.736879
23:07:04.400	0.003474	0.003474	17.368682
23:07:04.451	0.007645	0.007645	38.225653
23:07:04.501	0.007083	0.007083	35.413701
23:07:04.552	0.002650	0.002650	13.251532
23:07:04.603	0.007520	0.007520	37.599111
23:07:04.654	0.005218	0.005218	26.089565
23:07:04.704	0.004229	0.004229	21.147273
23:07:04.755	0.003540	0.003540	17.701977
23:07:04.806	0.005358	0.005358	26.789498
23:07:04.857	0.004346	0.004346	21.729638
23:07:04.907	0.006951	0.006951	34.755661
23:07:04.958	0.007232	0.007232	36.158178
23:07:05.009	0.009512	0.009512	47.561333
23:07:05.059	0.005597	0.005597	27.987169
23:07:05.110	0.006709	0.006709	33.542531
23:07:05.161	0.005246	0.005246	26.230292
23:07:05.211	-0.019600	-0.019600	-98.001954
23:07:05.262	0.002017	0.002017	10.086426
23:07:05.313	0.009094	0.009094	45.467588
23:07:05.364	0.005731	0.005731	28.654328
23:07:05.415	0.002778	0.002778	13.890292
23:07:05.465	0.006784	0.006784	33.920820
23:07:05.516	0.008637	0.008637	43.185143
23:07:05.567	0.005278	0.005278	26.387507
23:07:05.617	-0.014962	-0.014962	-74.809064
23:07:05.668	-0.013151	-0.013151	-65.756742
23:07:05.719	-0.012075	-0.012075	-60.372540
23:07:05.770	0.005099	0.005099	25.496815
23:07:05.821	0.004883	0.004883	24.414855
23:07:05.871	0.003942	0.003942	19.708563
23:07:05.922	0.007234	0.007234	36.170124
23:07:05.973	0.003649	0.003649	18.245323
23:07:06.023	0.006296	0.006296	31.477919
23:07:06.074	0.000880	0.000880	4.401253
23:07:06.125	0.006851	0.006851	34.256670
23:07:06.176	0.006238	0.006238	31.189924
23:07:06.226	0.002820	0.002820	14.098355
23:07:06.277	0.003600	0.003600	18.001871
23:07:06.328	0.002679	0.002679	13.393915
23:07:06.378	-0.004668	-0.004668	-23.338857
23:07:06.429	-0.006097	-0.006097	-30.483426
23:07:06.480	-0.002831	-0.002831	-14.152751
23:07:06.530	-0.092380	-0.092380	-461.897721
23:07:06.581	0.001252	0.001252	6.259152
23:07:06.632	-0.005856	-0.005856	-29.279297
23:07:06.682	-0.006410	-0.006410	-32.049166
23:07:06.733	-0.006501	-0.006501	-32.505730
23:07:06.784	-0.012371	-0.012371	-61.854362
23:07:06.835	-0.014363	-0.014363	-71.815779
23:07:06.886	-0.030963	-0.030963	-154.815060
23:07:06.936	0.003579	0.003579	17.897207
23:07:06.987	0.007619	0.007619	38.094648
23:07:07.038	0.005294	0.005294	26.470443
23:07:07.089	0.006916	0.006916	34.580456
23:07:07.139	0.003806	0.003806	19.028098
23:07:07.190	0.006628	0.006628	33.138269
23:07:07.241	0.004482	0.004482	22.407926
23:07:07.291	0.007682	0.007682	38.409540
23:07:07.342	0.008607	0.008607	43.037082
23:07:07.393	0.000576	0.000576	2.880755
23:07:07.444	0.003775	0.003775	18.877495
23:07:07.494	0.000239	0.000239	1.196524
23:07:07.545	0.006205	0.006205	31.026996
23:07:07.596	0.005864	0.005864	29.321416
23:07:07.647	0.006842	0.006842	34.210080
23:07:07.697	0.008218	0.008218	41.090310
23:07:07.748	0.007250	0.007250	36.251594
23:07:07.800	0.004401	0.004401	22.005450
23:07:07.851	0.006989	0.006989	34.944882
23:07:07.902	0.004979	0.004979	24.897074
23:07:07.953	0.004238	0.004238	21.187735
23:07:08.005	-0.004842	-0.004842	-24.211855
23:07:08.056	0.003330	0.003330	16.647967
23:07:08.107	0.001687	0.001687	8.435478
23:07:08.158	0.003702	0.003702	18.509260
23:07:08.210	0.002273	0.002273	11.367057
23:07:08.261	0.001660	0.001660	8.300771
23:07:08.312	0.000724	0.000724	3.619022
23:07:08.364	-0.017213	-0.017213	-86.065377
23:07:08.415	-0.010741	-0.010741	-53.702609
23:07:08.466	0.002953	0.002953	14.765384
23:07:08.516	-0.002276	-0.002276	-11.382468
23:07:08.567	0.002593	0.002593	12.967227
23:07:08.618	0.004167	0.004167	20.832771
23:07:08.668	0.008055	0.008055	40.273092
23:07:08.719	0.003142	0.003142	15.710188
23:07:08.770	0.002772	0.002772	13.860084
23:07:08.820	0.001603	0.001603	8.015792
23:07:08.871	0.014446	0.014446	72.227706
23:07:08.921	0.001545	0.001545	7.724060
23:07:08.972	0.001670	0.001670	8.350626
23:07:09.023	-0.001045	-0.001045	-5.223817
23:07:09.074	0.010859	0.010859	54.294389
23:07:09.125	0.000218	0.000218	1.090949
23:07:09.175	0.006525	0.006525	32.625794
23:07:09.226	0.005326	0.005326	26.628321
23:07:09.277	0.002882	0.002882	14.410869
23:07:09.327	0.006806	0.006806	34.029849
23:07:09.378	0.005099	0.005099	25.493172
23:07:09.429	0.004760	0.004760	23.800650
23:07:09.479	0.001993	0.001993	9.963464
23:07:09.531	-0.015054	-0.015054	-75.270028
23:07:09.583	-0.003496	-0.003496	-17.479130
23:07:09.634	0.002601	0.002601	13.003740
23:07:09.686	0.007309	0.007309	36.543586
23:07:09.737	0.011342	0.011342	56.708419
23:07:09.788	0.007700	0.007700	38.498875
23:07:09.840	0.007928	0.007928	39.641523
23:07:09.891	0.008077	0.008077	40.382925
23:07:09.942	0.011455	0.011455	57.277312
23:07:09.993	0.008166	0.008166	40.827851
23:07:10.045	-0.000583	-0.000583	-2.914700
23:07:10.096	0.009849	0.009849	49.243151
23:07:10.147	0.009862	0.009862	49.312249
23:07:10.198	0.008352	0.008352	41.757729
23:07:10.249	0.006278	0.006278	31.390428
23:07:10.300	0.003200	0.003200	16.001637
23:07:10.351	0.003666	0.003666	18.331949
23:07:10.403	0.002837	0.002837	14.182758
23:07:10.454	0.008280	0.008280	41.398708
23:07:10.505	0.003405	0.003405	17.026102
23:07:10.556	0.009664	0.009664	48.319755
23:07:10.608	-0.021253	-0.021253	-106.265574
23:07:10.658	-0.013655	-0.013655	-68.277104
23:07:10.709	-0.002901	-0.002901	-14.506237
23:07:10.760	-0.000985	-0.000985	-4.923793
23:07:10.811	0.009235	0.009235	46.173991
23:07:10.861	0.006100	0.006100	30.497714
23:07:10.912	0.004787	0.004787	23.934434
23:07:10.963	0.011310	0.011310	56.550943
23:07:11.014	0.006176	0.006176	30.879219
23:07:11.064	0.008945	0.008945	44.726707
23:07:11.115	0.005692	0.005692	28.457892
23:07:11.166	0.009740	0.009740	48.701379
23:07:11.216	0.004596	0.004596	22.977896
23:07:11.267	0.005172	0.005172	25.859053
23:07:11.318	0.007236	0.007236	36.179622
23:07:11.368	0.007324	0.007324	36.619367
23:07:11.419	0.007157	0.007157	35.785862
23:07:11.470	0.005407	0.005407	27.037362
23:07:11.521	0.008194	0.008194	40.968614
23:07:11.571	-0.016749	-0.016749	-83.746076
23:07:11.622	0.007637	0.007637	38.186881
23:07:11.673	0.005690	0.005690	28.452002
23:07:11.723	0.003917	0.003917	19.587198
23:07:11.774	-0.015151	-0.015151	-75.757144
23:07:11.825	0.001542	0.001542	7.707915
23:07:11.876	0.006908	0.006908	34.540159
23:07:11.927	-0.005527	-0.005527	-27.637114
23:07:11.977	-0.005561	-0.005561	-27.804217
23:07:12.028	-0.026185	-0.026185	-130.926837
23:07:12.079	-0.003553	-0.003553	-17.766048
23:07:12.130	-0.003650	-0.003650	-18.249924
23:07:12.180	-0.055456	-0.055456	-277.282161
23:07:12.231	-0.003288	-0.003288	-16.438686
23:07:12.282	-0.004372	-0.004372	-21.862334
23:07:12.332	-0.005985	-0.005985	-29.926396
23:07:12.383	-0.002859	-0.002859	-14.294022
23:07:12.434	0.005106	0.005106	25.532062
23:07:12.484	0.001809	0.001809	9.042871
23:07:12.535	0.007873	0.007873	39.362884
23:07:12.586	0.008528	0.008528	42.641301
23:07:12.637	0.008413	0.008413	42.066434
23:07:12.689	0.006806	0.006806	34.029967
23:07:12.740	0.007181	0.007181	35.903135
23:07:12.791	0.009187	0.009187	45.934561
23:07:12.842	0.010199	0.010199	50.995333
23:07:12.893	0.003906	0.003906	19.528769
23:07:12.944	0.006573	0.006573	32.867247
23:07:12.995	0.008360	0.008360	41.800841
23:07:13.047	0.004895	0.004895	24.473769
23:07:13.098	0.008939	0.008939	44.692513
23:07:13.149	0.008410	0.008410	42.050455
23:07:13.200	0.002845	0.002845	14.224723
23:07:13.251	0.010088	0.010088	50.442218
23:07:13.302	0.005675	0.005675	28.376209
23:07:13.353	0.007013	0.007013	35.062959
23:07:13.404	-0.013093	-0.013093	-65.467292
23:07:13.456	0.009357	0.009357	46.785382
23:07:13.507	0.008786	0.008786	43.928283
23:07:13.558	0.009353	0.009353	46.765772
23:07:13.609	0.008857	0.008857	44.282916
23:07:13.660	0.007966	0.007966	39.828556
23:07:13.711	0.009334	0.009334	46.670842
23:07:13.762	0.007402	0.007402	37.007898
23:07:13.813	0.007574	0.007574	37.869908
23:07:13.865	0.002706	0.002706	13.529237
23:07:13.916	0.007316	0.007316	36.578301
23:07:13.967	0.007399	0.007399	36.994793
23:07:14.018	0.010380	0.010380	51.902465
23:07:14.069	0.010704	0.010704	53.522270
23:07:14.120	0.005606	0.005606	28.028531
23:07:14.171	0.003025	0.003025	15.126120
23:07:14.223	0.002853	0.002853	14.267043
23:07:14.274	0.004877	0.004877	24.386149
23:07:14.325	0.004143	0.004143	20.714860
23:07:14.376	0.010403	0.010403	52.013588
23:07:14.428	0.003846	0.003846	19.229383
23:07:14.479	0.001359	0.001359	6.794892
23:07:14.530	0.001917	0.001917	9.585317
23:07:14.581	0.005588	0.005588	27.938344
23:07:14.633	0.003713	0.003713	18.565998
23:07:14.684	0.006009	0.006009	30.044106
23:07:14.735	0.008212	0.008212	41.061355
23:07:14.786	0.009492	0.009492	47.460406
23:07:14.837	0.006929	0.006929	34.642990
23:07:14.888	0.010930	0.010930	54.651577
23:07:14.940	0.006178	0.006178	30.890361
23:07:14.991	0.005024	0.005024	25.120797
23:07:15.042	0.005945	0.005945	29.724424
23:07:15.093	0.005074	0.005074	25.369962
23:07:15.145	-0.001332	-0.001332	-6.661675
23:07:15.196	0.004352	0.004352	21.760224
23:07:15.247	0.007446	0.007446	37.227576
23:07:15.298	0.006441	0.006441	32.206948
23:07:15.350	0.007935	0.007935	39.675280
23:07:15.401	0.011740	0.011740	58.701107
23:07:15.452	0.008554	0.008554	42.767728
23:07:15.503	0.002009	0.002009	10.045088
23:07:15.555	0.001277	0.001277	6.386655
23:07:15.606	-0.016576	-0.016576	-82.878223
23:07:15.657	0.004984	0.004984	24.918223
23:07:15.708	-0.016646	-0.016646	-83.229130
23:07:15.758	0.002689	0.002689	13.445082
23:07:15.809	0.005534	0.005534	27.670574
23:07:15.860	0.006911	0.006911	34.555003
23:07:15.911	0.007529	0.007529	37.644175
23:07:15.961	0.010498	0.010498	52.488533
23:07:16.012	0.006485	0.006485	32.427241
23:07:16.063	0.010380	0.010380	51.900845
23:07:16.114	0.005524	0.005524	27.619467
23:07:16.165	0.008690	0.008690	43.448808
23:07:16.216	0.005919	0.005919	29.593206
23:07:16.267	0.008715	0.008715	43.575626
23:07:16.318	0.008643	0.008643	43.214724
23:07:16.369	0.009388	0.009388	46.939676
23:07:16.420	0.004215	0.004215	21.074520
23:07:16.471	0.007942	0.007942	39.711792
23:07:16.522	0.008616	0.008616	43.080975
23:07:16.574	0.006463	0.006463	32.315871
23:07:16.625	-0.001376	-0.001376	-6.880631
23:07:16.676	0.006419	0.006419	32.092597
23:07:16.727	0.009130	0.009130	45.652043
23:07:16.780	-0.011544	-0.011544	-57.722262
23:07:16.830	0.009191	0.009191	45.954787
23:07:16.881	0.009139	0.009139	45.695108
23:07:16.932	0.016986	0.016986	84.929151
23:07:16.985	0.010306	0.010306	51.531250
23:07:17.036	0.007501	0.007501	37.503803
23:07:17.086	0.007215	0.007215	36.076542
23:07:17.137	0.005163	0.005163	25.815893
23:07:17.188	0.001912	0.001912	9.559556
23:07:17.239	0.007112	0.007112	35.559265
23:07:17.290	0.008428	0.008428	42.137507
23:07:17.340	0.006193	0.006193	30.964427
23:07:17.391	0.008749	0.008749	43.745201
23:07:17.442	-0.003618	-0.003618	-18.092460
23:07:17.492	-0.002832	-0.002832	-14.158902
23:07:17.543	-0.024720	-0.024720	-123.597684
23:07:17.594	-0.002346	-0.002346	-11.728668
23:07:17.645	-0.009958	-0.009958	-49.791866
23:07:17.695	-0.001560	-0.001560	-7.800290
23:07:17.746	0.000894	0.000894	4.468636
23:07:17.797	-0.000915	-0.000915	-4.573821
23:07:17.847	-0.001980	-0.001980	-9.898529
23:07:17.898	-0.018880	-0.018880	-94.399017
23:07:17.949	0.007487	0.007487	37.433829
23:07:17.999	0.007871	0.007871	39.354935
23:07:18.050	0.009381	0.009381	46.905458
23:07:18.101	0.006450	0.006450	32.247790
23:07:18.152	0.008941	0.008941	44.705358
23:07:18.202	0.006916	0.006916	34.579888
23:07:18.253	0.007564	0.007564	37.821864
23:07:18.304	0.007036	0.007036	35.177642
23:07:18.354	0.011781	0.011781	58.906981
23:07:18.405	0.003606	0.003606	18.030210
23:07:18.456	0.008881	0.008881	44.403063
23:07:18.507	0.006801	0.006801	34.004726
23:07:18.557	0.006353	0.006353	31.764660
23:07:18.608	0.005483	0.005483	27.416099
23:07:18.659	0.007552	0.007552	37.762228
23:07:18.709	0.002564	0.002564	12.821888
23:07:18.760	0.005080	0.005080	25.398952
23:07:18.811	0.002878	0.002878	14.387592
23:07:18.862	0.005513	0.005513	27.565768
23:07:18.912	0.004365	0.004365	21.825053
23:07:18.963	0.007371	0.007371	36.854184
23:07:19.014	0.000186	0.000186	0.929405
23:07:19.064	0.007646	0.007646	38.230041
23:07:19.115	0.008792	0.008792	43.957924
23:07:19.166	0.007991	0.007991	39.954073
23:07:19.216	0.009247	0.009247	46.236016
23:07:19.267	0.006155	0.006155	30.777193
23:07:19.318	0.004052	0.004052	20.257976
23:07:19.369	0.005607	0.005607	28.037319
23:07:19.419	0.008651	0.008651	43.252668
23:07:19.470	0.006244	0.006244	31.220037
23:07:19.521	0.009293	0.009293	46.467451
23:07:19.571	0.008794	0.008794	43.971325
23:07:19.622	0.006699	0.006699	33.496190
23:07:19.673	0.007798	0.007798	38.991881
23:07:19.724	0.009093	0.009093	45.464028
23:07:19.774	0.009087	0.009087	45.436694
23:07:19.825	0.009028	0.009028	45.138657
23:07:19.876	0.004843	0.004843	24.214587
23:07:19.927	0.000357	0.000357	1.785867
23:07:19.978	0.009443	0.009443	47.214116
23:07:20.029	-0.005355	-0.005355	-26.773614
23:07:20.081	0.010468	0.010468	52.341986
23:07:20.132	0.006650	0.006650	33.249486
23:07:20.183	0.008597	0.008597	42.986708
23:07:20.234	0.009918	0.009918	49.591965
23:07:20.285	0.005247	0.005247	26.234207
23:07:20.337	0.009243	0.009243	46.213082
23:07:20.388	0.004283	0.004283	21.416118
23:07:20.439	0.008881	0.008881	44.404033
23:07:20.490	0.005094	0.005094	25.469457
23:07:20.541	0.005737	0.005737	28.684690
23:07:20.593	-0.017339	-0.017339	-86.695053
23:07:20.644	-0.001486	-0.001486	-7.432079
23:07:20.695	-0.016177	-0.016177	-80.883938
23:07:20.746	-0.017113	-0.017113	-85.564848
23:07:20.797	0.003413	0.003413	17.062567
23:07:20.847	0.005168	0.005168	25.840270
23:07:20.898	0.005549	0.005549	27.746899
23:07:20.949	0.003947	0.003947	19.735601
23:07:20.999	0.006387	0.006387	31.935879
23:07:21.050	0.011195	0.011195	55.974764
23:07:21.101	0.006751	0.006751	33.757466
23:07:21.151	0.009952	0.009952	49.760865
23:07:21.202	-0.007988	-0.007988	-39.941228
23:07:21.253	0.011539	0.011539	57.695886
23:07:21.304	0.009444	0.009444	47.219202
23:07:21.355	0.010791	0.010791	53.954529
23:07:21.406	0.007068	0.007068	35.339458
23:07:21.457	0.007868	0.007868	39.342079
23:07:21.507	0.010461	0.010461	52.306077
23:07:21.558	0.006019	0.006019	30.097177
23:07:21.609	0.005067	0.005067	25.336016
23:07:21.660	0.008809	0.008809	44.042658
23:07:21.711	0.010612	0.010612	53.061755
23:07:21.762	0.006821	0.006821	34.105558
23:07:21.813	-0.025171	-0.025171	-125.854014
23:07:21.864	0.004740	0.004740	23.701048
23:07:21.915	0.006238	0.006238	31.189238
23:07:21.966	0.007595	0.007595	37.976240
23:07:22.017	0.009499	0.009499	47.497475
23:07:22.068	0.007652	0.007652	38.257943
23:07:22.118	0.007790	0.007790	38.948580
23:07:22.169	0.006780	0.006780	33.900866
23:07:22.220	0.008198	0.008198	40.990542
23:07:22.271	0.007984	0.007984	39.921215
