23:10:54.180	-0.035065	-0.035065	-175.326174
23:10:54.231	-0.010159	-0.010159	-50.795171
23:10:54.282	-0.019055	-0.019055	-95.275540
23:10:54.333	-0.009297	-0.009297	-46.485819
23:10:54.383	-0.004005	-0.004005	-20.024957
23:10:54.434	-0.010774	-0.010774	-53.870540
23:10:54.485	0.008760	0.008760	43.802412
23:10:54.536	0.011547	0.011547	57.737319
23:10:54.586	0.010653	0.010653	53.266352
23:10:54.637	0.016147	0.016147	80.733690
23:10:54.688	0.013030	0.013030	65.148687
23:10:54.738	0.014151	0.014151	70.755382
23:10:54.789	0.013167	0.013167	65.834131
23:10:54.840	0.013158	0.013158	65.791197
23:10:54.891	0.011417	0.011417	57.083301
23:10:54.941	-0.008260	-0.008260	-41.299082
23:10:54.992	-0.010967	-0.010967	-54.834967
23:10:55.043	0.011132	0.011132	55.661824
23:10:55.094	0.010977	0.010977	54.885637
23:10:55.144	0.010738	0.010738	53.688072
23:10:55.195	-0.012606	-0.012606	-63.030376
23:10:55.246	0.007965	0.007965	39.822678
23:10:55.297	-0.001989	-0.001989	-9.946053
23:10:55.348	0.014213	0.014213	71.066832
23:10:55.398	0.007867	0.007867	39.335810
23:10:55.449	0.012577	0.012577	62.885568
23:10:55.500	-0.012122	-0.012122	-60.609628
23:10:55.551	0.001589	0.001589	7.945878
23:10:55.602	0.003504	0.003504	17.521804
23:10:55.652	-0.005928	-0.005928	-29.639642
23:10:55.703	-0.129602	-0.129602	-648.009439
23:10:55.754	0.002176	0.002176	10.881419
23:10:55.805	-0.005888	-0.005888	-29.440604
23:10:55.856	-0.089395	-0.089395	-446.977086
23:10:55.907	0.001408	0.001408	7.040461
23:10:55.957	-0.025114	-0.025114	-125.568562
23:10:56.008	-0.005913	-0.005913	-29.566405
23:10:56.059	-0.010600	-0.010600	-53.000523
23:10:56.110	0.011089	0.011089	55.442833
23:10:56.160	0.013105	0.013105	65.527389
23:10:56.211	0.014268	0.014268	71.338611
23:10:56.262	0.013021	0.013021	65.103966
23:10:56.312	0.010005	0.010005	50.023159
23:10:56.363	0.012920	0.012920	64.601427
23:10:56.414	0.012373	0.012373	61.865847
23:10:56.464	0.011560	0.011560	57.801118
23:10:56.515	0.011087	0.011087	55.435677
23:10:56.566	0.013233	0.013233	66.165960
23:10:56.617	0.011199	0.011199	55.996243
23:10:56.667	0.012436	0.012436	62.178384
23:10:56.718	0.004330	0.004330	21.652000
23:10:56.769	0.016604	0.016604	83.021848
23:10:56.820	0.015025	0.015025	75.125280
23:10:56.870	0.014816	0.014816	74.080743
23:10:56.921	0.013414	0.013414	67.071094
23:10:56.972	0.014605	0.014605	73.024308
23:10:57.022	0.014557	0.014557	72.785363
23:10:57.073	0.013865	0.013865	69.324786
23:10:57.124	0.013680	0.013680	68.398895
23:10:57.175	0.015350	0.015350	76.749236
23:10:57.225	0.015933	0.015933	79.667402
23:10:57.276	0.016733	0.016733	83.664523
23:10:57.327	0.010964	0.010964	54.822287
23:10:57.377	-0.004114	-0.004114	-20.567580
23:10:57.428	-0.061200	-0.061200	-305.998170
23:10:57.479	0.014220	0.014220	71.101653
23:10:57.530	0.013373	0.013373	66.864001
23:10:57.580	0.015730	0.015730	78.650767
23:10:57.631	0.015260	0.015260	76.300099
23:10:57.682	0.014473	0.014473	72.363785
23:10:57.733	0.012995	0.012995	64.974854
23:10:57.783	0.015798	0.015798	78.991065
23:10:57.834	0.013601	0.013601	68.006815
23:10:57.885	0.011121	0.011121	55.605465
23:10:57.935	0.014188	0.014188	70.942332
23:10:57.986	0.018330	0.018330	91.649291
23:10:58.037	-0.003764	-0.003764	-18.820047
23:10:58.088	-0.059467	-0.059467	-297.336308
23:10:58.139	-0.011888	-0.011888	-59.438239
23:10:58.189	0.010966	0.010966	54.828272
23:10:58.240	0.014636	0.014636	73.181322
23:10:58.291	0.013460	0.013460	67.301949
23:10:58.342	0.002301	0.002301	11.504815
23:10:58.392	0.012313	0.012313	61.566071
23:10:58.443	0.012443	0.012443	62.215417
23:10:58.494	0.014226	0.014226	71.129897
23:10:58.545	0.012666	0.012666	63.329998
23:10:58.595	0.015284	0.015284	76.421665
23:10:58.646	0.005003	0.005003	25.016062
23:10:58.697	0.004426	0.004426	22.130979
23:10:58.748	0.008443	0.008443	42.216978
23:10:58.798	-0.057643	-0.057643	-288.216131
23:10:58.849	0.006603	0.006603	33.016668
23:10:58.900	0.015138	0.015138	75.689537
23:10:58.950	0.011587	0.011587	57.934157
23:10:59.001	0.013267	0.013267	66.332531
23:10:59.052	-0.013102	-0.013102	-65.510109
23:10:59.103	-0.007341	-0.007341	-36.706881
23:10:59.153	-0.004168	-0.004168	-20.839087
23:10:59.204	0.008221	0.008221	41.105461
23:10:59.255	0.013907	0.013907	69.536279
23:10:59.306	0.015362	0.015362	76.810078
23:10:59.356	0.011003	0.011003	55.015163
23:10:59.407	0.010435	0.010435	52.175593
23:10:59.458	0.014232	0.014232	71.159774
23:10:59.509	0.012411	0.012411	62.056191
23:10:59.559	0.012261	0.012261	61.303305
23:10:59.610	0.016324	0.016324	81.619201
23:10:59.661	0.004147	0.004147	20.734719
23:10:59.712	0.010526	0.010526	52.627852
23:10:59.762	0.014975	0.014975	74.877251
23:10:59.813	0.014949	0.014949	74.744839
23:10:59.864	0.016474	0.016474	82.370799
23:10:59.914	0.017474	0.017474	87.367925
23:10:59.965	-0.018669	-0.018669	-93.344238
23:11:00.016	0.012225	0.012225	61.124894
23:11:00.067	0.017773	0.017773	88.864862
23:11:00.117	0.016374	0.016374	81.872494
23:11:00.168	0.015079	0.015079	75.396893
23:11:00.219	0.015347	0.015347	76.736190
23:11:00.269	-0.003965	-0.003965	-19.826900
23:11:00.320	0.017625	0.017625	88.125862
23:11:00.371	0.006704	0.006704	33.518284
23:11:00.422	0.008051	0.008051	40.256438
23:11:00.472	0.008246	0.008246	41.231853
23:11:00.523	-0.083603	-0.083603	-418.015294
23:11:00.574	0.012531	0.012531	62.652667
23:11:00.625	0.010232	0.010232	51.158201
23:11:00.675	0.010996	0.010996	54.980318
23:11:00.726	0.009208	0.009208	46.037629
23:11:00.777	0.003419	0.003419	17.097151
23:11:00.828	0.007471	0.007471	37.357398
23:11:00.878	0.016055	0.016055	80.273021
23:11:00.929	0.015762	0.015762	78.810928
23:11:00.980	0.014722	0.014722	73.609169
23:11:01.031	0.016670	0.016670	83.349703
23:11:01.082	0.019249	0.019249	96.244059
23:11:01.132	0.016340	0.016340	81.699630
23:11:01.183	0.013893	0.013893	69.462959
23:11:01.234	0.017601	0.017601	88.005975
23:11:01.285	0.019069	0.019069	95.344118
23:11:01.337	0.014917	0.014917	74.586204
23:11:01.388	0.005082	0.005082	25.411655
23:11:01.439	0.022482	0.022482	112.408943
23:11:01.490	0.011875	0.011875	59.374972
23:11:01.541	0.016682	0.016682	83.412118
23:11:01.592	0.016275	0.016275	81.374520
23:11:01.643	0.018601	0.018601	93.004437
23:11:01.694	-0.048610	-0.048610	-243.049891
23:11:01.745	-0.046274	-0.046274	-231.370510
23:11:01.796	-0.052511	-0.052511	-262.556826
23:11:01.847	-0.054568	-0.054568	-272.839167
23:11:01.898	0.015767	0.015767	78.833885
23:11:01.949	0.024130	0.024130	120.649263
23:11:01.999	0.020796	0.020796	103.981768
23:11:02.050	0.013888	0.013888	69.438735
23:11:02.101	0.014061	0.014061	70.305630
23:11:02.151	0.016221	0.016221	81.105792
23:11:02.202	0.014518	0.014518	72.591908
23:11:02.253	-0.007123	-0.007123	-35.617352
23:11:02.304	0.005128	0.005128	25.638937
23:11:02.354	-0.012548	-0.012548	-62.738218
23:11:02.405	0.014823	0.014823	74.113021
23:11:02.456	-0.053391	-0.053391	-266.955430
23:11:02.507	-0.048532	-0.048532	-242.660283
23:11:02.558	-0.052591	-0.052591	-262.956097
23:11:02.609	-0.057259	-0.057259	-286.296562
23:11:02.660	-0.039000	-0.039000	-194.997622
23:11:02.711	0.016361	0.016361	81.803183
23:11:02.761	0.016148	0.016148	80.738362
23:11:02.812	0.016134	0.016134	80.671405
23:11:02.863	0.016118	0.016118	80.592395
23:11:02.913	0.014835	0.014835	74.173059
23:11:02.964	0.013952	0.013952	69.760688
23:11:03.015	0.013673	0.013673	68.366415
23:11:03.065	0.015215	0.015215	76.077027
23:11:03.116	0.017053	0.017053	85.265652
23:11:03.167	0.011965	0.011965	59.823943
23:11:03.217	0.014384	0.014384	71.920101
23:11:03.268	0.014646	0.014646	73.231922
23:11:03.319	-0.054508	-0.054508	-272.540953
23:11:03.370	-0.050475	-0.050475	-252.372986
23:11:03.421	-0.053344	-0.053344	-266.719359
23:11:03.472	-0.038359	-0.038359	-191.792892
23:11:03.522	0.014654	0.014654	73.270658
23:11:03.573	0.017384	0.017384	86.920810
23:11:03.624	0.016674	0.016674	83.370437
23:11:03.674	0.015111	0.015111	75.555883
23:11:03.725	0.014855	0.014855	74.276505
23:11:03.776	0.016164	0.016164	80.820139
23:11:03.827	0.016918	0.016918	84.590391
23:11:03.877	0.017433	0.017433	87.167006
23:11:03.928	0.016609	0.016609	83.044013
23:11:03.979	0.013803	0.013803	69.016696
23:11:04.029	0.014239	0.014239	71.196985
23:11:04.080	-0.033765	-0.033765	-168.824659
23:11:04.131	-0.003457	-0.003457	-17.284633
23:11:04.182	-0.053374	-0.053374	-266.872256
23:11:04.233	-0.017261	-0.017261	-86.305753
23:11:04.284	0.013512	0.013512	67.560032
23:11:04.334	0.011380	0.011380	56.897770
23:11:04.385	0.014881	0.014881	74.405913
23:11:04.436	0.014072	0.014072	70.362084
23:11:04.487	0.009073	0.009073	45.366744
23:11:04.538	0.010703	0.010703	53.513376
23:11:04.588	0.015020	0.015020	75.098715
23:11:04.639	0.014674	0.014674	73.369065
23:11:04.690	0.013916	0.013916	69.580681
23:11:04.740	0.013942	0.013942	69.710656
23:11:04.791	0.013959	0.013959	69.793510
23:11:04.842	0.014378	0.014378	71.888816
23:11:04.892	0.015753	0.015753	78.766952
23:11:04.943	0.013323	0.013323	66.612897
23:11:04.994	0.015698	0.015698	78.491483
23:11:05.044	0.013934	0.013934	69.668266
23:11:05.095	0.017891	0.017891	89.453721
23:11:05.146	0.015439	0.015439	77.196552
23:11:05.197	0.018701	0.018701	93.502648
23:11:05.247	-0.035023	-0.035023	-175.112529
23:11:05.298	0.013647	0.013647	68.236440
23:11:05.349	0.013873	0.013873	69.366207
23:11:05.400	0.014241	0.014241	71.203312
23:11:05.450	0.014204	0.014204	71.021720
23:11:05.501	0.014425	0.014425	72.127489
23:11:05.552	0.012370	0.012370	61.850813
23:11:05.602	0.013732	0.013732	68.660407
23:11:05.653	0.011972	0.011972	59.861366
23:11:05.704	0.015316	0.015316	76.580193
23:11:05.755	0.015869	0.015869	79.346360
23:11:05.805	0.014167	0.014167	70.835113
23:11:05.856	0.014062	0.014062	70.308303
23:11:05.907	-0.159861	-0.159861	-799.303434
23:11:05.958	0.007798	0.007798	38.992118
23:11:06.008	0.006996	0.006996	34.979230
23:11:06.059	-0.085982	-0.085982	-429.911432
23:11:06.110	0.010197	0.010197	50.985066
23:11:06.160	0.005227	0.005227	26.134534
23:11:06.211	0.005751	0.005751	28.752546
23:11:06.262	0.008527	0.008527	42.635564
23:11:06.312	0.006873	0.006873	34.363605
23:11:06.363	0.000679	0.000679	3.393773
23:11:06.414	0.013364	0.013364	66.818062
23:11:06.464	0.015197	0.015197	75.986071
23:11:06.515	0.016821	0.016821	84.107238
23:11:06.566	0.013338	0.013338	66.688146
23:11:06.617	0.014465	0.014465	72.327379
23:11:06.667	0.016660	0.016660	83.299056
23:11:06.718	0.014918	0.014918	74.588546
23:11:06.769	0.011599	0.011599	57.993402
23:11:06.819	0.017170	0.017170	85.848301
23:11:06.870	0.008540	0.008540	42.702119
23:11:06.921	0.015380	0.015380	76.897912
23:11:06.972	0.015013	0.015013	75.067264
23:11:07.022	0.016774	0.016774	83.872172
23:11:07.073	0.014941	0.014941	74.703879
23:11:07.124	0.015897	0.015897	79.485219
23:11:07.174	0.015876	0.015876	79.379490
23:11:07.225	0.015798	0.015798	78.988321
23:11:07.276	0.015154	0.015154	75.767943
23:11:07.327	0.012284	0.012284	61.418377
23:11:07.377	0.012840	0.012840	64.201245
23:11:07.428	0.018741	0.018741	93.706784
23:11:07.479	0.020201	0.020201	101.004795
23:11:07.530	0.007191	0.007191	35.956029
23:11:07.581	0.014432	0.014432	72.159318
23:11:07.632	0.014297	0.014297	71.483430
23:11:07.683	0.014139	0.014139	70.694563
23:11:07.734	0.013212	0.013212	66.060551
23:11:07.785	0.011946	0.011946	59.730894
23:11:07.836	0.012277	0.012277	61.386714
23:11:07.887	0.006805	0.006805	34.023225
23:11:07.938	0.005728	0.005728	28.639650
23:11:07.989	0.011181	0.011181	55.904223
23:11:08.040	0.013376	0.013376	66.879709
23:11:08.090	0.013343	0.013343	66.715657
23:11:08.141	0.012849	0.012849	64.244866
23:11:08.192	0.013976	0.013976	69.879853
23:11:08.243	0.007981	0.007981	39.904999
23:11:08.293	-0.006240	-0.006240	-31.200048
23:11:08.344	0.011360	0.011360	56.798404
23:11:08.395	0.012993	0.012993	64.966243
23:11:08.446	0.011630	0.011630	58.149352
23:11:08.496	0.007429	0.007429	37.145491
23:11:08.547	0.014377	0.014377	71.886805
23:11:08.598	0.010702	0.010702	53.510064
23:11:08.648	0.014573	0.014573	72.862741
23:11:08.699	0.014037	0.014037	70.182585
23:11:08.750	0.012939	0.012939	64.694346
23:11:08.801	0.013507	0.013507	67.534105
23:11:08.851	0.014098	0.014098	70.492083
23:11:08.902	0.013711	0.013711	68.553082
23:11:08.953	0.014350	0.014350	71.748101
23:11:09.003	0.014607	0.014607	73.037153
23:11:09.054	-0.014756	-0.014756	-73.781630
23:11:09.105	-0.005314	-0.005314	-26.568259
23:11:09.156	0.008326	0.008326	41.628924
23:11:09.207	-0.020631	-0.020631	-103.156413
23:11:09.258	0.018482	0.018482	92.410032
23:11:09.309	0.013147	0.013147	65.733169
23:11:09.359	0.015459	0.015459	77.293244
23:11:09.410	0.016742	0.016742	83.712130
23:11:09.461	0.014995	0.014995	74.975374
23:11:09.511	0.014809	0.014809	74.045461
23:11:09.562	0.016247	0.016247	81.232906
23:11:09.613	0.014071	0.014071	70.353426
23:11:09.664	0.015161	0.015161	75.805390
23:11:09.714	0.015060	0.015060	75.299728
23:11:09.765	0.017480	0.017480	87.401078
23:11:09.815	0.021828	0.021828	109.138333
23:11:09.866	0.017404	0.017404	87.020483
23:11:09.917	0.007365	0.007365	36.823976
23:11:09.968	0.013644	0.013644	68.221832
23:11:10.018	0.015068	0.015068	75.340416
23:11:10.069	0.012151	0.012151	60.753844
23:11:10.120	0.016652	0.016652	83.259457
23:11:10.171	0.011567	0.011567	57.834579
23:11:10.222	0.016078	0.016078	80.387715
23:11:10.273	-0.008971	-0.008971	-44.853820
23:11:10.324	0.013450	0.013450	67.247565
23:11:10.374	0.012408	0.012408	62.038828
23:11:10.425	0.014576	0.014576	72.881204
23:11:10.476	0.024103	0.024103	120.515810
23:11:10.526	-0.009115	-0.009115	-45.573802
23:11:10.577	0.012547	0.012547	62.736503
23:11:10.628	0.013447	0.013447	67.233135
23:11:10.678	0.015471	0.015471	77.353033
23:11:10.729	0.015297	0.015297	76.483761
23:11:10.780	0.014604	0.014604	73.020169
23:11:10.831	0.016020	0.016020	80.101849
23:11:10.882	0.017043	0.017043	85.212936
23:11:10.933	0.009748	0.009748	48.738719
23:11:10.985	0.017222	0.017222	86.108418
23:11:11.036	0.009108	0.009108	45.540980
23:11:11.087	0.008776	0.008776	43.879328
23:11:11.138	0.017997	0.017997	89.986552
23:11:11.189	0.016783	0.016783	83.912528
23:11:11.240	0.013528	0.013528	67.641821
23:11:11.291	-0.006250	-0.006250	-31.249086
23:11:11.343	0.014714	0.014714	73.569321
23:11:11.393	0.004846	0.004846	24.231335
23:11:11.444	0.001127	0.001127	5.637471
23:11:11.495	0.001509	0.001509	7.544987
23:11:11.545	-0.004651	-0.004651	-23.254028
23:11:11.596	0.002599	0.002599	12.992740
23:11:11.647	-0.001383	-0.001383	-6.916304
23:11:11.698	-0.093385	-0.093385	-466.924464
23:11:11.748	0.002909	0.002909	14.545434
23:11:11.799	-0.004712	-0.004712	-23.562213
23:11:11.850	-0.093019	-0.093019	-465.093426
23:11:11.901	-0.019447	-0.019447	-97.235252
23:11:11.951	0.011506	0.011506	57.529954
23:11:12.002	0.011500	0.011500	57.497687
23:11:12.053	0.016754	0.016754	83.772381
23:11:12.104	0.015528	0.015528	77.640201
23:11:12.155	0.012167	0.012167	60.832618
23:11:12.205	0.012317	0.012317	61.586841
23:11:12.256	0.013966	0.013966	69.829336
23:11:12.307	0.004555	0.004555	22.776646
23:11:12.358	0.013969	0.013969	69.847114
23:11:12.408	0.014961	0.014961	74.803635
23:11:12.459	0.017063	0.017063	85.316926
23:11:12.510	0.014863	0.014863	74.313100
23:11:12.560	0.016825	0.016825	84.123536
23:11:12.611	0.015476	0.015476	77.379338
23:11:12.663	0.012533	0.012533	62.663111
23:11:12.714	0.015601	0.015601	78.006389
23:11:12.765	0.013497	0.013497	67.484192
23:11:12.816	0.010269	0.010269	51.346015
23:11:12.867	0.009258	0.009258	46.290176
23:11:12.918	0.012893	0.012893	64.465147
23:11:12.969	0.012522	0.012522	62.608490
23:11:13.019	0.012293	0.012293	61.464458
23:11:13.070	0.011003	0.011003	55.014039
23:11:13.121	0.013525	0.013525	67.622542
23:11:13.171	0.011428	0.011428	57.141103
23:11:13.222	-0.011157	-0.011157	-55.782562
23:11:13.273	0.011404	0.011404	57.019561
23:11:13.324	0.013957	0.013957	69.784060
23:11:13.375	-0.013802	-0.013802	-69.009020
23:11:13.425	0.009741	0.009741	48.705885
23:11:13.476	-0.011023	-0.011023	-55.113393
23:11:13.527	-0.013461	-0.013461	-67.307437
23:11:13.578	0.012568	0.012568	62.837831
23:11:13.629	0.011664	0.011664	58.319128
23:11:13.679	0.012642	0.012642	63.210076
23:11:13.730	0.013362	0.013362	66.808978
23:11:13.781	0.010075	0.010075	50.375272
23:11:13.831	0.014579	0.014579	72.892972
23:11:13.882	0.015103	0.015103	75.514911
23:11:13.933	0.014312	0.014312	71.560287
23:11:13.983	0.014211	0.014211	71.053170
23:11:14.034	0.012075	0.012075	60.377011
23:11:14.085	0.002396	0.002396	11.979015
23:11:14.136	-0.009202	-0.009202	-46.008118
23:11:14.187	-0.019116	-0.019116	-95.578320
23:11:14.238	0.010863	0.010863	54.313396
23:11:14.288	0.014988	0.014988	74.939844
23:11:14.339	0.014833	0.014833	74.165454
23:11:14.390	0.013741	0.013741	68.705436
23:11:14.440	0.015200	0.015200	75.997864
23:11:14.491	0.014945	0.014945	74.726778
23:11:14.542	0.011740	0.011740	58.699001
23:11:14.593	0.012460	0.012460	62.301973
23:11:14.643	0.011180	0.011180	55.900001
23:11:14.694	0.014946	0.014946	74.729557
23:11:14.745	0.014327	0.014327	71.634625
23:11:14.795	0.015444	0.015444	77.217936
23:11:14.846	0.012548	0.012548	62.738785
23:11:14.897	0.015552	0.015552	77.762015
23:11:14.948	0.015659	0.015659	78.294065
23:11:14.998	0.016478	0.016478	82.390303
23:11:15.049	0.018683	0.018683	93.415690
23:11:15.100	0.016434	0.016434	82.168295
23:11:15.150	0.019051	0.019051	95.257089
23:11:15.201	0.013174	0.013174	65.868468
23:11:15.253	-0.034804	-0.034804	-174.020244
23:11:15.304	0.012487	0.012487	62.437318
23:11:15.355	-0.007357	-0.007357	-36.784755
23:11:15.406	0.007194	0.007194	35.967833
23:11:15.457	0.009446	0.009446	47.231337
23:11:15.508	0.015237	0.015237	76.185831
23:11:15.558	0.017463	0.017463	87.316190
23:11:15.609	-0.018880	-0.018880	-94.399254
23:11:15.660	0.011829	0.011829	59.146258
23:11:15.711	0.013860	0.013860	69.297665
23:11:15.761	0.012825	0.012825	64.127428
23:11:15.812	0.015213	0.015213	76.065282
23:11:15.863	0.018088	0.018088	90.437652
23:11:15.914	0.015170	0.015170	75.851057
23:11:15.964	0.012349	0.012349	61.744115
23:11:16.015	0.015966	0.015966	79.829975
23:11:16.066	0.018338	0.018338	91.688453
23:11:16.117	0.007049	0.007049	35.243996
23:11:16.167	0.016669	0.016669	83.346663
23:11:16.218	0.015798	0.015798	78.987966
23:11:16.269	0.014933	0.014933	74.662730
23:11:16.319	0.015242	0.015242	76.209664
23:11:16.370	0.014960	0.014960	74.799601
23:11:16.421	0.015806	0.015806	79.031717
23:11:16.472	0.018335	0.018335	91.676176
23:11:16.523	0.015916	0.015916	79.578658
23:11:16.574	0.014963	0.014963	74.814788
23:11:16.625	0.013797	0.013797	68.983282
23:11:16.676	0.014176	0.014176	70.881206
23:11:16.727	0.012328	0.012328	61.640231
23:11:16.778	0.013287	0.013287	66.433044
23:11:16.829	0.012578	0.012578	62.889424
23:11:16.880	0.012710	0.012710	63.548114
23:11:16.931	-0.002040	-0.002040	-10.201380
23:11:16.982	-0.077104	-0.077104	-385.522397
23:11:17.032	0.006035	0.006035	30.176009
23:11:17.084	0.002690	0.002690	13.450902
23:11:17.135	0.002526	0.002526	12.630135
23:11:17.186	0.007298	0.007298	36.490835
23:11:17.237	-0.000447	-0.000447	-2.236790
23:11:17.288	-0.024149	-0.024149	-120.743365
23:11:17.339	0.003522	0.003522	17.610548
23:11:17.390	-0.021635	-0.021635	-108.176106
23:11:17.441	0.011881	0.011881	59.405854
23:11:17.492	0.014037	0.014037	70.183993
23:11:17.543	0.013607	0.013607	68.036183
23:11:17.594	0.012782	0.012782	63.909453
23:11:17.645	0.014134	0.014134	70.669985
23:11:17.697	0.013188	0.013188	65.938500
23:11:17.747	0.015055	0.015055	75.277184
23:11:17.798	0.009094	0.009094	45.470510
23:11:17.849	0.017250	0.017250	86.247820
23:11:17.899	0.017021	0.017021	85.104380
23:11:17.950	0.017101	0.017101	85.505662
23:11:18.001	0.015977	0.015977	79.884963
23:11:18.052	0.013550	0.013550	67.750897
23:11:18.102	0.017211	0.017211	86.054850
23:11:18.153	0.014813	0.014813	74.065355
23:11:18.204	0.011971	0.011971	59.856812
23:11:18.255	0.012493	0.012493	62.465729
23:11:18.306	0.012653	0.012653	63.264696
23:11:18.357	0.003709	0.003709	18.544069
23:11:18.408	-0.056196	-0.056196	-280.981943
23:11:18.459	0.015095	0.015095	75.473561
23:11:18.509	0.016684	0.016684	83.418434
23:11:18.563	0.013511	0.013511	67.556850
23:11:18.614	0.011855	0.011855	59.276647
23:11:18.664	0.012741	0.012741	63.705093
23:11:18.715	0.014535	0.014535	72.672964
23:11:18.766	0.011797	0.011797	58.985376
23:11:18.817	0.011538	0.011538	57.689428
23:11:18.867	0.014229	0.014229	71.143239
23:11:18.918	0.014577	0.014577	72.885060
23:11:18.969	0.012562	0.012562	62.809811
23:11:19.019	0.013723	0.013723	68.614326
23:11:19.070	-0.006105	-0.006105	-30.524255
23:11:19.121	-0.004913	-0.004913	-24.563105
23:11:19.171	-0.010885	-0.010885	-54.423572
23:11:19.222	0.005764	0.005764	28.818947
23:11:19.273	0.011689	0.011689	58.446927
23:11:19.324	0.011391	0.011391	56.955785
23:11:19.375	0.011799	0.011799	58.992887
23:11:19.425	0.011591	0.011591	57.957233
23:11:19.476	0.010298	0.010298	51.488268
23:11:19.527	0.004399	0.004399	21.997076
23:11:19.578	0.010780	0.010780	53.897827
23:11:19.629	0.009056	0.009056	45.280295
23:11:19.679	0.011731	0.011731	58.654836
23:11:19.730	0.002586	0.002586	12.930502
23:11:19.781	-0.011439	-0.011439	-57.195428
23:11:19.831	0.011993	0.011993	59.966137
23:11:19.882	0.008440	0.008440	42.201579
23:11:19.933	0.006164	0.006164	30.822339
23:11:19.983	0.011591	0.011591	57.956961
23:11:20.034	0.015596	0.015596	77.979670
23:11:20.085	0.007620	0.007620	38.099297
23:11:20.135	0.011026	0.011026	55.127716
23:11:20.186	0.016865	0.016865	84.322953
23:11:20.237	0.001681	0.001681	8.403886
23:11:20.287	0.002489	0.002489	12.444971
23:11:20.338	-0.015404	-0.015404	-77.017822
23:11:20.389	0.012579	0.012579	62.896190
23:11:20.440	0.008867	0.008867	44.333468
23:11:20.490	0.008991	0.008991	44.952700
23:11:20.541	0.008643	0.008643	43.213376
23:11:20.592	0.010323	0.010323	51.613264
23:11:20.642	0.011046	0.011046	55.228052
23:11:20.693	0.009862	0.009862	49.310569
23:11:20.744	0.010850	0.010850	54.250177
23:11:20.794	0.010089	0.010089	50.446322
23:11:20.845	0.010960	0.010960	54.800560
23:11:20.896	0.008013	0.008013	40.064946
23:11:20.947	0.006822	0.006822	34.110490
23:11:20.997	0.011924	0.011924	59.621215
23:11:21.048	0.001490	0.001490	7.450968
23:11:21.099	0.011248	0.011248	56.238394
23:11:21.149	0.008918	0.008918	44.588333
23:11:21.200	0.011513	0.011513	57.563355
23:11:21.251	0.011252	0.011252	56.258809
23:11:21.302	0.010714	0.010714	53.567878
23:11:21.352	0.010908	0.010908	54.539130
23:11:21.403	-0.017987	-0.017987	-89.935313
23:11:21.454	0.011734	0.011734	58.669053
23:11:21.504	0.011106	0.011106	55.531872
23:11:21.555	0.011422	0.011422	57.110777
23:11:21.606	0.009163	0.009163	45.813374
23:11:21.657	0.007969	0.007969	39.845872
23:11:21.707	0.008971	0.008971	44.856056
23:11:21.758	0.010889	0.010889	54.444578
23:11:21.809	0.008322	0.008322	41.612081
23:11:21.859	0.009197	0.009197	45.983954
23:11:21.910	0.012453	0.012453	62.266620
23:11:21.961	0.012193	0.012193	60.965692
23:11:22.012	0.009353	0.009353	46.764967
23:11:22.062	0.011391	0.011391	56.953893
23:11:22.113	0.010986	0.010986	54.927566
23:11:22.164	0.014848	0.014848	74.241069
23:11:22.214	0.013276	0.013276	66.379298
23:11:22.265	0.014300	0.014300	71.501065
23:11:22.316	0.007388	0.007388	36.941024
23:11:22.367	0.013794	0.013794	68.971100
23:11:22.417	0.004342	0.004342	21.710169
23:11:22.468	0.000804	0.000804	4.017536
23:11:22.519	0.000091	0.000091	0.454885
23:11:22.569	0.000482	0.000482	2.407654
23:11:22.620	0.002243	0.002243	11.216252
23:11:22.671	0.002242	0.002242	11.210859
23:11:22.722	-0.029119	-0.029119	-145.593471
23:11:22.773	0.000088	0.000088	0.439734
23:11:22.824	-0.008494	-0.008494	-42.467503
23:11:22.875	-0.018616	-0.018616	-93.080679
23:11:22.926	0.004982	0.004982	24.907625
23:11:22.978	0.013443	0.013443	67.216978
23:11:23.029	0.011498	0.011498	57.489964
23:11:23.080	0.013093	0.013093	65.463697
23:11:23.131	0.013872	0.013872	69.357656
23:11:23.182	0.011945	0.011945	59.725772
23:11:23.233	0.012113	0.012113	60.562707
23:11:23.283	0.013334	0.013334	66.669056
23:11:23.335	0.002658	0.002658	13.287678
23:11:23.386	0.013450	0.013450	67.248097
23:11:23.437	0.001859	0.001859	9.295572
23:11:23.488	0.015275	0.015275	76.376270
23:11:23.539	0.011627	0.011627	58.135430
23:11:23.590	0.010162	0.010162	50.808217
23:11:23.641	0.016946	0.016946	84.732467
23:11:23.691	0.012303	0.012303	61.514253
23:11:23.742	-0.008923	-0.008923	-44.613479
23:11:23.793	0.014656	0.014656	73.279469
23:11:23.843	-0.016778	-0.016778	-83.889594
23:11:23.894	0.009646	0.009646	48.229532
23:11:23.945	0.010198	0.010198	50.990282
23:11:23.996	0.011099	0.011099	55.496909
23:11:24.047	-0.006865	-0.006865	-34.324869
23:11:24.098	0.003635	0.003635	18.172629
23:11:24.149	-0.006339	-0.006339	-31.694687
23:11:24.199	-0.018338	-0.018338	-91.692061
23:11:24.250	0.006380	0.006380	31.898964
23:11:24.301	0.015154	0.015154	75.770261
23:11:24.351	0.014993	0.014993	74.964067
23:11:24.402	0.011714	0.011714	58.567642
23:11:24.453	0.007388	0.007388	36.938410
23:11:24.503	0.009789	0.009789	48.943565
23:11:24.554	0.011246	0.011246	56.232149
23:11:24.605	0.008262	0.008262	41.310189
23:11:24.655	0.011925	0.011925	59.624041
23:11:24.706	0.015662	0.015662	78.308164
23:11:24.757	0.008753	0.008753	43.764764
23:11:24.808	0.016833	0.016833	84.162899
23:11:24.859	0.013983	0.013983	69.916093
23:11:24.910	0.017404	0.017404	87.021063
23:11:24.961	0.016500	0.016500	82.497865
23:11:25.013	0.017427	0.017427	87.134621
23:11:25.064	0.016378	0.016378	81.890306
23:11:25.115	0.017308	0.017308	86.538583
23:11:25.166	0.014832	0.014832	74.159067
23:11:25.217	0.008619	0.008619	43.096541
23:11:25.268	-0.011996	-0.011996	-59.981028
23:11:25.319	0.011344	0.011344	56.719158
23:11:25.370	0.010426	0.010426	52.127844
23:11:25.421	0.015935	0.015935	79.674889
23:11:25.473	0.015909	0.015909	79.544913
23:11:25.524	0.016339	0.016339	81.692782
23:11:25.575	0.015778	0.015778	78.890943
23:11:25.626	0.017437	0.017437	87.183837
23:11:25.677	-0.000395	-0.000395	-1.976661
23:11:25.728	0.014285	0.014285	71.426562
23:11:25.779	0.012677	0.012677	63.383850
23:11:25.830	0.014675	0.014675	73.375629
23:11:25.881	0.014577	0.014577	72.883865
23:11:25.933	0.012130	0.012130	60.649914
23:11:25.984	0.014990	0.014990	74.949259
23:11:26.035	0.014995	0.014995	74.975552
23:11:26.087	0.001515	0.001515	7.577360
23:11:26.137	0.011799	0.011799	58.997145
23:11:26.188	0.006235	0.006235	31.175848
23:11:26.239	0.012358	0.012358	61.792254
23:11:26.290	0.008055	0.008055	40.275718
23:11:26.340	0.013510	0.013510	67.548346
23:11:26.391	0.011892	0.011892	59.458251
23:11:26.442	0.012551	0.012551	62.755593
23:11:26.492	0.012042	0.012042	60.211221
23:11:26.543	0.015953	0.015953	79.763219
23:11:26.594	0.011230	0.011230	56.149330
23:11:26.657	-0.008794	-0.008794	-43.971431
23:11:26.708	-0.053139	-0.053139	-265.696491
23:11:26.759	-0.061093	-0.061093	-305.467256
23:11:26.809	-0.064493	-0.064493	-322.467100
23:11:26.860	-0.066142	-0.066142	-330.712139
23:11:26.911	-0.018815	-0.018815	-94.074108
23:11:26.962	-0.018503	-0.018503	-92.515630
23:11:27.013	-0.078850	-0.078850	-394.251074
23:11:27.064	-0.040869	-0.040869	-204.345011
23:11:27.115	-0.020497	-0.020497	-102.486037
23:11:27.166	0.002735	0.002735	13.673051
23:11:27.216	0.006762	0.006762	33.809000
23:11:27.267	0.001668	0.001668	8.338183
23:11:27.318	0.012301	0.012301	61.506305
23:11:27.368	0.002570	0.002570	12.851114
23:11:27.419	0.005015	0.005015	25.073451
23:11:27.470	0.006759	0.006759	33.793494
23:11:27.521	0.007865	0.007865	39.324301
23:11:27.571	0.009723	0.009723	48.614255
23:11:27.623	0.006579	0.006579	32.893316
23:11:27.674	0.007116	0.007116	35.577717
23:11:27.725	0.003963	0.003963	19.815995
23:11:27.776	0.007153	0.007153	35.765921
23:11:27.827	0.005807	0.005807	29.034438
23:11:27.878	0.009575	0.009575	47.876745
23:11:27.929	0.010918	0.010918	54.591752
23:11:27.980	-0.131800	-0.131800	-659.001542
23:11:28.031	0.002464	0.002464	12.318059
23:11:28.083	0.003832	0.003832	19.158665
23:11:28.134	-0.004356	-0.004356	-21.778297
23:11:28.185	0.004818	0.004818	24.088503
23:11:28.236	0.000584	0.000584	2.919337
23:11:28.287	-0.005957	-0.005957	-29.784296
23:11:28.338	0.002019	0.002019	10.094102
23:11:28.389	0.001047	0.001047	5.234415
23:11:28.441	0.000765	0.000765	3.825523
23:11:28.492	0.010300	0.010300	51.502438
23:11:28.543	0.011311	0.011311	56.557200
23:11:28.594	0.010556	0.010556	52.781803
23:11:28.645	0.012250	0.012250	61.252315
23:11:28.697	0.011402	0.011402	57.010855
23:11:28.748	0.014198	0.014198	70.988118
23:11:28.799	0.016528	0.016528	82.640579
23:11:28.850	0.010396	0.010396	51.979157
23:11:28.901	0.009558	0.009558	47.792058
23:11:28.953	0.010102	0.010102	50.508477
23:11:29.004	0.017765	0.017765	88.824068
23:11:29.057	-0.036863	-0.036863	-184.313916
23:11:29.108	-0.010096	-0.010096	-50.481438
23:11:29.159	-0.009952	-0.009952	-49.759056
23:11:29.210	-0.010938	-0.010938	-54.692193
23:11:29.260	0.014813	0.014813	74.067082
23:11:29.311	0.017450	0.017450	87.249623
23:11:29.362	0.012137	0.012137	60.682570
23:11:29.412	0.018471	0.018471	92.355446
23:11:29.463	0.009033	0.009033	45.166831
23:11:29.513	0.013788	0.013788	68.940690
23:11:29.564	0.011577	0.011577	57.884941
23:11:29.615	0.011139	0.011139	55.693393
23:11:29.665	0.009907	0.009907	49.534198
23:11:29.716	0.009718	0.009718	48.589807
23:11:29.767	-0.020957	-0.020957	-104.783243
23:11:29.818	-0.020470	-0.020470	-102.349059
23:11:29.869	-0.028548	-0.028548	-142.740181
23:11:29.920	0.008552	0.008552	42.759957
23:11:29.970	0.006131	0.006131	30.655650
23:11:30.021	0.007301	0.007301	36.507145
23:11:30.072	0.019043	0.019043	95.215053
23:11:30.122	0.010369	0.010369	51.843882
23:11:30.173	0.009117	0.009117	45.583264
23:11:30.223	0.013628	0.013628	68.138624
23:11:30.274	0.006687	0.006687	33.436353
23:11:30.325	0.013808	0.013808	69.040884
23:11:30.376	0.006768	0.006768	33.839480
23:11:30.426	0.014759	0.014759	73.796439
23:11:30.477	0.001952	0.001952	9.758003
23:11:30.528	0.013367	0.013367	66.834515
23:11:30.578	0.011548	0.011548	57.741955
23:11:30.629	0.011727	0.011727	58.636763
23:11:30.680	-0.020301	-0.020301	-101.505371
23:11:30.731	0.011825	0.011825	59.125015
23:11:30.782	0.005355	0.005355	26.772821
23:11:30.833	0.014174	0.014174	70.869083
23:11:30.883	0.010902	0.010902	54.510424
23:11:30.934	0.011718	0.011718	58.589405
23:11:30.985	0.010565	0.010565	52.824005
23:11:31.035	0.010137	0.010137	50.686793
23:11:31.086	0.010210	0.010210	51.052047
23:11:31.137	0.008435	0.008435	42.173535
23:11:31.188	0.009677	0.009677	48.383093
23:11:31.239	0.009424	0.009424	47.122179
23:11:31.290	0.009312	0.009312	46.561754
23:11:31.341	0.008266	0.008266	41.331171
23:11:31.392	0.008035	0.008035	40.172520
23:11:31.443	0.007997	0.007997	39.983748
23:11:31.494	0.008936	0.008936	44.679301
23:11:31.545	0.009556	0.009556	47.779059
23:11:31.596	0.010065	0.010065	50.322958
23:11:31.647	0.002715	0.002715	13.577116
23:11:31.698	0.002898	0.002898	14.488874
23:11:31.749	0.007490	0.007490	37.447822
23:11:31.799	0.007741	0.007741	38.703957
23:11:31.850	0.007953	0.007953	39.763941
23:11:31.901	0.005871	0.005871	29.354332
23:11:31.951	0.008858	0.008858	44.287860
