20:01:49.059	0.007032	0.013788	68.937501
20:01:49.110	0.007451	0.014609	73.044228
20:01:49.160	0.007786	0.015266	76.331498
20:01:49.211	0.007239	0.014195	70.973622
20:01:49.261	0.007542	0.014788	73.939245
20:01:49.313	0.007459	0.014626	73.128507
20:01:49.364	0.007547	0.014799	73.993722
20:01:49.414	0.007220	0.014156	70.780829
20:01:49.464	0.007330	0.014373	71.865252
20:01:49.514	0.007411	0.014532	72.657668
20:01:49.564	0.007592	0.014885	74.426967
20:01:49.614	0.007094	0.013910	69.547561
20:01:49.664	0.007683	0.015064	75.319270
20:01:49.714	0.007217	0.014152	70.757869
20:01:49.764	0.006923	0.013575	67.875922
20:01:49.814	0.007245	0.014205	71.025710
20:01:49.864	0.006938	0.013604	68.021288
20:01:49.914	0.006846	0.013424	67.118317
20:01:49.965	0.006718	0.013173	65.865567
20:01:50.015	0.007186	0.014091	70.452944
20:01:50.065	0.006946	0.013621	68.102760
20:01:50.115	0.007100	0.013922	69.610619
20:01:50.166	0.007207	0.014132	70.660811
20:01:50.217	0.006930	0.013588	67.941392
20:01:50.267	0.006913	0.013556	67.779119
20:01:50.318	0.006769	0.013273	66.367043
20:01:50.368	0.006888	0.013506	67.531292
20:01:50.419	0.006669	0.013077	65.384594
20:01:50.470	0.007462	0.014632	73.161695
20:01:50.520	0.007028	0.013780	68.897913
20:01:50.571	0.007551	0.014806	74.027814
20:01:50.621	0.006797	0.013327	66.633377
20:01:50.670	0.006932	0.013591	67.956212
20:01:50.720	0.007813	0.015320	76.600708
20:01:50.770	0.006840	0.013412	67.059154
20:01:50.820	0.007220	0.014158	70.788644
20:01:50.870	0.007102	0.013926	69.629567
20:01:50.920	0.007113	0.013947	69.735321
20:01:50.970	0.007262	0.014240	71.199533
20:01:51.020	0.007625	0.014951	74.753855
20:01:51.071	0.007817	0.015327	76.634498
20:01:51.121	0.007518	0.014741	73.706307
20:01:51.171	0.007804	0.015302	76.510886
20:01:51.221	0.007503	0.014711	73.554169
20:01:51.272	0.007398	0.014506	72.531273
20:01:51.323	0.007216	0.014148	70.740521
20:01:51.373	0.007700	0.015098	75.490078
20:01:51.424	0.007189	0.014097	70.483928
20:01:51.474	0.006923	0.013575	67.876896
20:01:51.525	0.006774	0.013283	66.412939
20:01:51.575	0.006779	0.013292	66.459717
20:01:51.626	0.007348	0.014408	72.038054
20:01:51.677	0.007292	0.014298	71.491540
20:01:51.727	0.006863	0.013457	67.282816
20:01:51.778	0.006741	0.013217	66.087072
20:01:51.828	0.006697	0.013132	65.660645
20:01:51.879	0.006843	0.013417	67.085083
20:01:51.929	0.007302	0.014317	71.583959
20:01:51.980	0.007024	0.013773	68.862638
20:01:52.031	0.007093	0.013909	69.543734
20:01:52.081	0.007553	0.014809	74.045625
20:01:52.132	0.006999	0.013724	68.620586
20:01:52.183	0.007382	0.014475	72.376120
20:01:52.234	0.006920	0.013568	67.842340
20:01:52.285	0.007196	0.014111	70.553457
20:01:52.336	0.006640	0.013020	65.100495
20:01:52.387	0.007586	0.014874	74.371238
20:01:52.438	0.006917	0.013563	67.816342
20:01:52.489	0.007222	0.014162	70.808033
20:01:52.540	0.007503	0.014711	73.556488
20:01:52.591	0.007449	0.014606	73.030267
20:01:52.642	0.007239	0.014195	70.974990
20:01:52.693	0.007006	0.013737	68.685940
20:01:52.744	0.006708	0.013153	65.766191
20:01:52.795	0.006949	0.013625	68.123169
20:01:52.846	0.006681	0.013100	65.502176
20:01:52.897	0.007204	0.014125	70.627462
20:01:52.948	0.007248	0.014212	71.060568
20:01:52.999	0.007134	0.013988	69.937971
20:01:53.050	0.006660	0.013059	65.292986
20:01:53.101	0.007016	0.013757	68.783995
20:01:53.152	0.006587	0.012915	64.574111
20:01:53.203	0.006609	0.012959	64.797146
20:01:53.254	0.007461	0.014629	73.146759
20:01:53.305	0.006849	0.013430	67.149510
20:01:53.356	0.007072	0.013867	69.335379
20:01:53.406	0.007265	0.014245	71.224000
20:01:53.457	0.006516	0.012776	63.878405
20:01:53.508	0.006965	0.013658	68.288480
20:01:53.559	0.006570	0.012883	64.415132
20:01:53.609	0.006802	0.013338	66.689640
20:01:53.660	0.006535	0.012813	64.065330
20:01:53.711	0.006795	0.013323	66.613223
20:01:53.762	0.007140	0.014001	70.002931
20:01:53.813	0.007488	0.014681	73.407110
20:01:53.863	0.007301	0.014316	71.580156
20:01:53.914	0.006930	0.013589	67.943595
20:01:53.965	0.007129	0.013979	69.894301
20:01:54.017	0.006664	0.013068	65.338210
20:01:54.068	0.006908	0.013545	67.724248
20:01:54.125	0.007223	0.014163	70.812741
20:01:54.176	0.007535	0.014775	73.873519
20:01:54.227	0.007066	0.013855	69.272553
20:01:54.278	0.007352	0.014417	72.082953
20:01:54.329	0.006658	0.013055	65.275314
20:01:54.380	0.006844	0.013420	67.099508
20:01:54.431	0.006904	0.013538	67.689831
20:01:54.482	0.007444	0.014597	72.984672
20:01:54.533	0.007456	0.014620	73.097848
20:01:54.584	0.007365	0.014441	72.202692
20:01:54.635	0.006865	0.013461	67.306750
20:01:54.686	0.006511	0.012767	63.835546
20:01:54.737	0.006582	0.012907	64.533572
20:01:54.788	0.006952	0.013632	68.157910
20:01:54.839	0.007085	0.013892	69.457716
20:01:54.890	0.007315	0.014342	71.711328
20:01:54.941	0.006771	0.013277	66.385016
20:01:54.992	0.007007	0.013739	68.696493
20:01:55.043	0.006676	0.013090	65.447907
20:01:55.094	0.006857	0.013445	67.224465
20:01:55.145	0.007002	0.013729	68.646538
20:01:55.196	0.007104	0.013929	69.644943
20:01:55.247	0.006964	0.013656	68.279366
20:01:55.298	0.006739	0.013214	66.070954
20:01:55.349	0.006836	0.013403	67.016876
20:01:55.400	0.006833	0.013398	66.988327
20:01:55.451	0.006548	0.012840	64.198892
20:01:55.501	0.006945	0.013618	68.088150
20:01:55.552	0.006976	0.013679	68.396067
20:01:55.602	0.006755	0.013246	66.230258
20:01:55.651	0.006946	0.013619	68.094713
20:01:55.701	0.007359	0.014429	72.144945
20:01:55.751	0.006706	0.013149	65.746084
20:01:55.801	0.006661	0.013060	65.299433
20:01:55.851	0.006987	0.013700	68.499641
20:01:55.901	0.006677	0.013092	65.459480
20:01:55.951	0.006884	0.013497	67.485512
20:01:56.001	0.006758	0.013251	66.257021
20:01:56.051	0.007291	0.014296	71.480454
20:01:56.101	0.007339	0.014389	71.946423
20:01:56.151	0.007455	0.014618	73.088571
20:01:56.201	0.007271	0.014256	71.282350
20:01:56.251	0.007549	0.014802	74.011510
20:01:56.302	0.007029	0.013783	68.913567
20:01:56.353	0.007205	0.014128	70.641678
20:01:56.404	0.006527	0.012799	63.993645
20:01:56.455	0.006583	0.012908	64.539045
20:01:56.506	0.006719	0.013174	65.869162
20:01:56.557	0.007592	0.014886	74.431095
20:01:56.608	0.007537	0.014779	73.896479
20:01:56.659	0.007307	0.014327	71.634494
20:01:56.710	0.006991	0.013709	68.543288
20:01:56.760	0.007379	0.014469	72.342956
20:01:56.811	0.007174	0.014066	70.331442
20:01:56.861	0.006990	0.013705	68.526288
20:01:56.912	0.007071	0.013865	69.323319
20:01:56.962	0.007359	0.014430	72.151670
20:01:57.013	0.006734	0.013204	66.021578
20:01:57.063	0.007002	0.013729	68.646978
20:01:57.114	0.007479	0.014664	73.320976
20:01:57.164	0.007359	0.014430	72.150116
20:01:57.215	0.007457	0.014621	73.103762
20:01:57.266	0.007086	0.013894	69.471654
20:01:57.316	0.007570	0.014843	74.215319
20:01:57.367	0.007427	0.014563	72.813679
20:01:57.417	0.006969	0.013664	68.318676
20:01:57.468	0.007391	0.014492	72.462046
20:01:57.518	0.007085	0.013892	69.459965
20:01:57.569	0.006824	0.013381	66.904651
20:01:57.620	0.007040	0.013804	69.019160
20:01:57.670	0.006848	0.013427	67.133159
20:01:57.721	0.006915	0.013559	67.792733
20:01:57.771	0.006809	0.013351	66.755528
20:01:57.822	0.006869	0.013468	67.339636
20:01:57.872	0.006687	0.013111	65.555772
20:01:57.923	0.007099	0.013920	69.601551
20:01:57.973	0.007638	0.014977	74.886048
20:01:58.024	0.007069	0.013860	69.299084
20:01:58.075	0.007305	0.014323	71.615268
20:01:58.125	0.007593	0.014889	74.446008
20:01:58.176	0.007229	0.014175	70.872645
20:01:58.226	0.007391	0.014492	72.461443
20:01:58.277	0.007444	0.014596	72.977946
20:01:58.327	0.007085	0.013892	69.462053
20:01:58.378	0.006942	0.013612	68.059206
20:01:58.429	0.007275	0.014265	71.324583
20:01:58.479	0.006681	0.013099	65.495404
20:01:58.530	0.006667	0.013073	65.364625
20:01:58.580	0.006911	0.013550	67.751313
20:01:58.631	0.007098	0.013917	69.583693
20:01:58.681	0.006796	0.013325	66.623567
20:01:58.732	0.006830	0.013393	66.963628
20:01:58.782	0.007061	0.013846	69.228210
20:01:58.833	0.007335	0.014383	71.912865
20:01:58.883	0.006742	0.013219	66.097137
20:01:58.934	0.007487	0.014681	73.406275
20:01:58.985	0.007550	0.014804	74.018978
20:01:59.035	0.007169	0.014057	70.283922
20:01:59.086	0.007227	0.014170	70.848827
20:01:59.136	0.007151	0.014021	70.104000
20:01:59.187	0.006656	0.013052	65.259335
20:01:59.238	0.007017	0.013759	68.795127
20:01:59.288	0.006829	0.013390	66.951266
20:01:59.339	0.006341	0.012432	62.162447
20:01:59.389	0.006651	0.013042	65.208754
20:01:59.440	0.006680	0.013098	65.491740
20:01:59.490	0.006603	0.012947	64.734204
20:01:59.541	0.006746	0.013228	66.141642
20:01:59.592	0.007366	0.014444	72.218880
20:01:59.642	0.006825	0.013382	66.912072
20:01:59.693	0.007266	0.014247	71.237405
20:01:59.744	0.007188	0.014094	70.469294
20:01:59.794	0.007215	0.014148	70.738805
20:01:59.845	0.007131	0.013983	69.913944
20:01:59.895	0.006822	0.013376	66.880323
20:01:59.946	0.006961	0.013649	68.245251
20:01:59.997	0.006720	0.013177	65.886626
20:02:00.047	0.007012	0.013749	68.747259
20:02:00.098	0.007081	0.013884	69.420586
20:02:00.149	0.007535	0.014774	73.870574
20:02:00.199	0.007086	0.013895	69.473254
20:02:00.250	0.007468	0.014644	73.217795
20:02:00.300	0.007804	0.015302	76.509425
20:02:00.351	0.007129	0.013978	69.888758
20:02:00.401	0.007431	0.014571	72.856491
20:02:00.452	0.007496	0.014699	73.493685
20:02:00.503	0.007112	0.013944	69.722032
20:02:00.553	0.006866	0.013462	67.309162
20:02:00.603	0.006940	0.013608	68.039377
20:02:00.653	0.007029	0.013782	68.911805
20:02:00.703	0.006740	0.013215	66.075754
20:02:00.753	0.007223	0.014163	70.816590
20:02:00.803	0.007530	0.014764	73.822428
20:02:00.853	0.007099	0.013920	69.602316
20:02:00.903	0.007341	0.014393	71.966067
20:02:00.953	0.007123	0.013967	69.833886
20:02:01.007	0.007340	0.014391	71.956744
20:02:01.058	0.007325	0.014363	71.814648
20:02:01.108	0.007239	0.014194	70.970305
20:02:01.158	0.006800	0.013334	66.670808
20:02:01.208	0.006978	0.013682	68.412023
20:02:01.258	0.006728	0.013193	65.963042
20:02:01.309	0.007247	0.014211	71.053262
20:02:01.359	0.006884	0.013498	67.492469
20:02:01.410	0.007826	0.015346	76.727914
20:02:01.461	0.007335	0.014382	71.908528
20:02:01.511	0.007424	0.014558	72.788586
20:02:01.562	0.007126	0.013972	69.862110
20:02:01.613	0.007032	0.013787	68.936759
20:02:01.663	0.007193	0.014104	70.522496
20:02:01.714	0.007077	0.013877	69.385844
20:02:01.764	0.006944	0.013615	68.074884
20:02:01.815	0.006766	0.013267	66.332812
20:02:01.866	0.007228	0.014173	70.866917
20:02:01.916	0.007071	0.013864	69.322392
20:02:01.967	0.007194	0.014107	70.533489
20:02:02.018	0.007267	0.014250	71.247980
20:02:02.068	0.007627	0.014955	74.774403
20:02:02.119	0.007851	0.015393	76.966929
20:02:02.170	0.007144	0.014009	70.043052
20:02:02.221	0.007718	0.015134	75.670046
20:02:02.271	0.007033	0.013791	68.955823
20:02:02.322	0.007093	0.013907	69.535385
20:02:02.373	0.006638	0.013015	65.074960
20:02:02.424	0.006582	0.012907	64.533804
20:02:02.475	0.007190	0.014098	70.489563
20:02:02.526	0.007104	0.013929	69.647192
20:02:02.577	0.006906	0.013540	67.701636
20:02:02.628	0.006846	0.013423	67.116206
20:02:02.678	0.007119	0.013959	69.793022
20:02:02.729	0.006699	0.013134	65.671777
20:02:02.780	0.006736	0.013207	66.035818
20:02:02.830	0.006840	0.013412	67.058343
20:02:02.881	0.006780	0.013293	66.465979
20:02:02.931	0.007032	0.013788	68.939473
20:02:02.982	0.007053	0.013829	69.143676
20:02:03.032	0.006918	0.013565	67.823903
20:02:03.083	0.007308	0.014329	71.645789
20:02:03.133	0.007591	0.014884	74.422004
20:02:03.184	0.006940	0.013608	68.040467
20:02:03.235	0.007219	0.014154	70.772178
20:02:03.285	0.006750	0.013234	66.171861
20:02:03.336	0.006652	0.013043	65.216523
20:02:03.386	0.006809	0.013351	66.752907
20:02:03.437	0.006757	0.013249	66.243152
20:02:03.487	0.007429	0.014566	72.831722
20:02:03.538	0.006810	0.013352	66.760468
20:02:03.589	0.006833	0.013397	66.986309
20:02:03.639	0.007304	0.014321	71.606734
20:02:03.690	0.007144	0.014009	70.043052
20:02:03.740	0.007359	0.014429	72.143785
20:02:03.791	0.007795	0.015284	76.421157
20:02:03.841	0.007101	0.013924	69.618968
20:02:03.892	0.007525	0.014756	73.778433
20:02:03.942	0.006896	0.013522	67.610260
20:02:03.993	0.006815	0.013364	66.817543
20:02:04.043	0.007247	0.014210	71.051801
20:02:04.094	0.006818	0.013369	66.843030
20:02:04.145	0.006745	0.013225	66.123669
20:02:04.195	0.007189	0.014095	70.477063
20:02:04.246	0.006958	0.013644	68.218464
20:02:04.296	0.007091	0.013903	69.517179
20:02:04.347	0.007324	0.014362	71.808757
20:02:04.397	0.007537	0.014779	73.893998
20:02:04.448	0.007694	0.015086	75.428782
20:02:04.499	0.007189	0.014097	70.484855
20:02:04.549	0.007590	0.014883	74.416369
20:02:04.600	0.006828	0.013389	66.942523
20:02:04.650	0.006859	0.013448	67.242184
20:02:04.701	0.006864	0.013459	67.296592
20:02:04.751	0.006976	0.013678	68.389805
20:02:04.802	0.007259	0.014233	71.164583
20:02:04.853	0.006736	0.013209	66.042683
20:02:04.903	0.007205	0.014128	70.640519
20:02:04.954	0.007172	0.014062	70.309804
20:02:05.004	0.007790	0.015274	76.369115
20:02:05.055	0.007187	0.014091	70.457304
20:02:05.106	0.007325	0.014363	71.813419
20:02:05.157	0.006789	0.013313	66.562781
20:02:05.207	0.006582	0.012905	64.525339
20:02:05.258	0.006703	0.013144	65.717534
20:02:05.309	0.007147	0.014015	70.072923
20:02:05.359	0.007052	0.013827	69.133495
20:02:05.410	0.007246	0.014208	71.039023
20:02:05.461	0.007141	0.014002	70.011604
20:02:05.511	0.006925	0.013578	67.888051
20:02:05.562	0.007203	0.014123	70.615193
20:02:05.612	0.006539	0.012821	64.103690
20:02:05.663	0.006714	0.013165	65.823845
20:02:05.713	0.006975	0.013676	68.382383
20:02:05.764	0.007605	0.014912	74.561085
20:02:05.814	0.007142	0.014004	70.020301
20:02:05.865	0.007007	0.013739	68.694892
20:02:05.916	0.006964	0.013654	68.269787
20:02:05.966	0.006642	0.013024	65.120300
20:02:06.017	0.006543	0.012830	64.147939
20:02:06.067	0.006915	0.013560	67.798485
20:02:06.118	0.006546	0.012834	64.171711
20:02:06.169	0.007361	0.014433	72.163684
20:02:06.219	0.007407	0.014523	72.614740
20:02:06.270	0.007743	0.015182	75.910614
20:02:06.320	0.007286	0.014286	71.428690
20:02:06.371	0.007008	0.013741	68.702824
20:02:06.421	0.007152	0.014024	70.120838
20:02:06.472	0.006577	0.012896	64.480324
20:02:06.522	0.007528	0.014760	73.800280
20:02:06.573	0.006741	0.013218	66.089739
20:02:06.624	0.006813	0.013359	66.793841
20:02:06.674	0.007023	0.013771	68.857351
20:02:06.725	0.007293	0.014300	71.499541
20:02:06.775	0.007206	0.014130	70.650375
20:02:06.826	0.006598	0.012937	64.687171
20:02:06.877	0.006732	0.013200	65.999894
20:02:06.927	0.006582	0.012905	64.525942
20:02:06.978	0.007472	0.014651	73.257082
20:02:07.028	0.006554	0.012852	64.259306
20:02:07.079	0.007089	0.013900	69.501966
20:02:07.129	0.007501	0.014707	73.535383
20:02:07.180	0.007593	0.014888	74.437983
20:02:07.231	0.007320	0.014353	71.766664
20:02:07.281	0.006684	0.013107	65.533949
20:02:07.332	0.006767	0.013268	66.339468
20:02:07.383	0.006963	0.013652	68.262389
20:02:07.434	0.007011	0.013747	68.733715
20:02:07.485	0.007274	0.014263	71.312662
20:02:07.536	0.007491	0.014688	73.438164
20:02:07.587	0.006792	0.013318	66.591841
20:02:07.638	0.006764	0.013263	66.312635
20:02:07.689	0.006560	0.012863	64.316196
20:02:07.740	0.007242	0.014201	71.004699
20:02:07.791	0.007338	0.014387	71.936381
20:02:07.842	0.007049	0.013822	69.110187
20:02:07.893	0.006884	0.013498	67.489895
20:02:07.944	0.007442	0.014592	72.960668
20:02:07.995	0.007408	0.014526	72.629699
20:02:08.046	0.007498	0.014701	73.507321
20:02:08.097	0.007412	0.014533	72.663675
20:02:08.147	0.006579	0.012900	64.498993
20:02:08.198	0.006787	0.013308	66.539520
20:02:08.249	0.006802	0.013337	66.685767
20:02:08.300	0.006942	0.013612	68.061989
20:02:08.351	0.007441	0.014590	72.948354
20:02:08.401	0.007569	0.014841	74.203608
20:02:08.452	0.007009	0.013743	68.717180
20:02:08.503	0.006759	0.013254	66.268942
20:02:08.554	0.007373	0.014457	72.284652
20:02:08.605	0.007037	0.013798	68.989636
20:02:08.656	0.006959	0.013645	68.226372
20:02:08.706	0.007206	0.014130	70.648404
20:02:08.757	0.007029	0.013782	68.910553
20:02:08.808	0.006915	0.013559	67.794843
20:02:08.859	0.006866	0.013462	67.311156
20:02:08.910	0.007221	0.014159	70.793538
20:02:08.961	0.007216	0.014149	70.746018
20:02:09.011	0.007404	0.014518	72.592198
20:02:09.062	0.006968	0.013662	68.309816
20:02:09.113	0.006682	0.013102	65.508043
20:02:09.164	0.007084	0.013890	69.452150
20:02:09.215	0.007569	0.014840	74.201752
20:02:09.266	0.007616	0.014934	74.668718
20:02:09.317	0.007400	0.014511	72.553630
20:02:09.368	0.006890	0.013510	67.552211
20:02:09.418	0.007005	0.013735	68.675179
20:02:09.469	0.006889	0.013508	67.541821
20:02:09.520	0.007091	0.013903	69.516576
20:02:09.571	0.007266	0.014246	71.231189
20:02:09.622	0.007112	0.013945	69.724166
20:02:09.673	0.007207	0.014131	70.653506
20:02:09.723	0.006688	0.013113	65.563796
20:02:09.774	0.006665	0.013069	65.345701
20:02:09.825	0.007408	0.014526	72.627983
20:02:09.875	0.006837	0.013405	67.026315
20:02:09.926	0.007740	0.015176	75.878493
20:02:09.976	0.008049	0.015782	78.910560
20:02:10.027	0.008135	0.015952	79.758613
20:02:10.077	0.008259	0.016194	80.970081
20:02:10.128	0.008218	0.016114	80.568957
20:02:10.179	0.008612	0.016887	84.435579
20:02:10.229	0.008781	0.017218	86.090311
20:02:10.280	0.021899	0.042939	214.694849
20:02:10.331	0.053948	0.105780	528.898112
20:02:10.381	0.079272	0.155436	777.181028
20:02:10.432	0.106186	0.208208	1041.042011
20:02:10.483	0.127683	0.250359	1251.795189
20:02:10.534	0.142103	0.278633	1393.163752
20:02:10.584	0.149687	0.293504	1467.518477
20:02:10.634	0.155064	0.304048	1520.239396
20:02:10.685	0.157954	0.309714	1548.569590
20:02:10.735	0.159950	0.313627	1568.133415
20:02:10.786	0.161452	0.316572	1582.858257
20:02:10.836	0.162431	0.318492	1592.461593
20:02:10.887	0.161871	0.317394	1586.971779
20:02:10.938	0.162200	0.318039	1590.195503
20:02:10.988	0.162454	0.318537	1592.683723
20:02:11.039	0.162639	0.318899	1594.496994
20:02:11.090	0.163524	0.320635	1603.175883
20:02:11.140	0.163784	0.321146	1605.728693
20:02:11.191	0.163159	0.319920	1599.597813
20:02:11.241	0.163199	0.319998	1599.989104
20:02:11.292	0.162993	0.319595	1597.974714
20:02:11.342	0.162982	0.319572	1597.858338
20:02:11.393	0.163202	0.320004	1600.018836
20:02:11.443	0.162464	0.318557	1592.786347
20:02:11.494	0.162742	0.319102	1595.510172
20:02:11.545	0.163080	0.319764	1598.820309
20:02:11.595	0.163412	0.320416	1602.081186
20:02:11.646	0.162990	0.319589	1597.945632
20:02:11.696	0.163168	0.319936	1599.681697
20:02:11.747	0.162807	0.319230	1596.149940
20:02:11.798	0.162914	0.319438	1597.192340
20:02:11.848	0.162910	0.319431	1597.153494
20:02:11.899	0.163608	0.320801	1604.002530
20:02:11.950	0.164018	0.321604	1608.018810
20:02:12.001	0.163302	0.320201	1601.002514
20:02:12.051	0.163196	0.319992	1599.960880
20:02:12.102	0.163318	0.320232	1601.159824
20:02:12.153	0.163070	0.319745	1598.725942
20:02:12.203	0.162986	0.319580	1597.901011
20:02:12.254	0.163731	0.321040	1605.201266
20:02:12.305	0.163416	0.320423	1602.113979
20:02:12.355	0.163904	0.321380	1606.897952
20:02:12.406	0.164246	0.322051	1610.254727
20:02:12.457	0.163537	0.320662	1603.308703
20:02:12.507	0.163309	0.320214	1601.072205
20:02:12.558	0.163363	0.320319	1601.596107
20:02:12.609	0.163032	0.319670	1598.350815
20:02:12.659	0.163697	0.320975	1604.876257
20:02:12.710	0.163561	0.320709	1603.542963
20:02:12.760	0.164029	0.321625	1608.126095
20:02:12.811	0.163506	0.320601	1603.003105
20:02:12.862	0.163566	0.320718	1603.591480
20:02:12.912	0.163268	0.320133	1600.665144
20:02:12.963	0.163072	0.319749	1598.746466
20:02:13.013	0.163615	0.320815	1604.073335
20:02:13.064	0.163327	0.320249	1601.244311
20:02:13.115	0.163185	0.319970	1599.851322
20:02:13.165	0.155298	0.304506	1522.529745
20:02:13.216	0.138813	0.272183	1360.914406
20:02:13.266	0.125291	0.245668	1228.339555
20:02:13.317	0.107865	0.211500	1057.500297
20:02:13.368	0.096140	0.188509	942.544990
20:02:13.418	0.088752	0.174023	870.115158
20:02:13.469	0.084479	0.165644	828.221589
20:02:13.520	0.082585	0.161930	809.652319
20:02:13.570	0.080347	0.157544	787.720383
20:02:13.621	0.079474	0.155832	779.158636
20:02:13.671	0.078208	0.153348	766.742371
20:02:13.722	0.077654	0.152264	761.318445
20:02:13.772	0.077232	0.151436	757.179412
20:02:13.823	0.067592	0.132533	662.665808
20:02:13.873	-0.055261	-0.108355	-541.775985
20:02:13.924	-0.233443	-0.457730	-2288.652106
20:02:13.975	-0.321811	-0.631002	-3155.012286
20:02:14.025	-0.353274	-0.692694	-3463.472411
20:02:14.076	-0.364228	-0.714173	-3570.866069
20:02:14.127	-0.369383	-0.724281	-3621.402556
20:02:14.177	-0.371716	-0.728854	-3644.269700
20:02:14.228	-0.372938	-0.731251	-3656.254087
20:02:14.278	-0.373892	-0.733121	-3665.603009
20:02:14.329	-0.374304	-0.733930	-3669.649623
20:02:14.379	-0.374649	-0.734606	-3673.030100
20:02:14.430	-0.374787	-0.734876	-3674.379165
20:02:14.481	-0.374738	-0.734780	-3673.898817
20:02:14.531	-0.375003	-0.735299	-3676.496248
20:02:14.582	-0.375058	-0.735408	-3677.041138
20:02:14.632	-0.374913	-0.735124	-3675.620202
20:02:14.683	-0.375081	-0.735453	-3677.263988
20:02:14.733	-0.374933	-0.735163	-3675.814341
20:02:14.784	-0.374882	-0.735062	-3675.310824
20:02:14.835	-0.374890	-0.735079	-3675.393804
20:02:14.885	-0.375025	-0.735343	-3676.713114
20:02:14.936	-0.374862	-0.735023	-3675.116338
20:02:14.986	-0.375116	-0.735522	-3677.609684
20:02:15.037	-0.374846	-0.734992	-3674.962159
20:02:15.087	-0.375425	-0.736128	-3680.640893
20:02:15.138	-0.375218	-0.735722	-3678.607625
20:02:15.189	-0.375344	-0.735969	-3679.845323
20:02:15.239	-0.375145	-0.735578	-3677.889841
20:02:15.290	-0.375245	-0.735774	-3678.870945
20:02:15.340	-0.375002	-0.735298	-3676.492421
20:02:15.391	-0.375063	-0.735417	-3677.085040
20:02:15.442	-0.377198	-0.739605	-3698.024183
20:02:15.492	-0.376284	-0.737811	-3689.054144
20:02:15.543	-0.377372	-0.739945	-3699.723745
20:02:15.593	-0.375596	-0.736462	-3682.310885
20:02:15.643	-0.375711	-0.736688	-3683.439188
20:02:15.693	-0.375858	-0.736976	-3684.881321
20:02:15.743	-0.374943	-0.735181	-3675.906945
20:02:15.793	-0.375817	-0.736896	-3684.481309
20:02:15.843	-0.374234	-0.733792	-3668.960573
20:02:15.893	-0.374462	-0.734240	-3671.198183
20:02:15.943	-0.375110	-0.735510	-3677.549502
20:02:15.993	-0.375563	-0.736399	-3681.994851
20:02:16.043	-0.374196	-0.733717	-3668.585887
20:02:16.093	-0.375248	-0.735780	-3678.899100
20:02:16.143	-0.375140	-0.735569	-3677.847423
20:02:16.193	-0.375937	-0.737131	-3685.653282
20:02:16.243	-0.375740	-0.736745	-3683.723867
20:02:16.294	-0.374538	-0.734388	-3671.938256
20:02:16.344	-0.374769	-0.734842	-3674.207940
20:02:16.395	-0.374872	-0.735042	-3675.211517
20:02:16.446	-0.375421	-0.736120	-3680.599171
20:02:16.496	-0.374777	-0.734858	-3674.287511
20:02:16.547	-0.375329	-0.735939	-3679.696223
20:02:16.598	-0.375355	-0.735990	-3679.948782
20:02:16.648	-0.374754	-0.734811	-3674.057310
20:02:16.699	-0.374971	-0.735237	-3676.186638
20:02:16.749	-0.375051	-0.735394	-3676.970148
20:02:16.800	-0.374707	-0.734719	-3673.593312
20:02:16.850	-0.374898	-0.735095	-3675.472610
20:02:16.901	-0.374800	-0.734902	-3674.507786
20:02:16.952	-0.375021	-0.735336	-3676.679811
20:02:17.002	-0.375165	-0.735618	-3678.090890
20:02:17.053	-0.374879	-0.735058	-3675.288676
20:02:17.104	-0.375019	-0.735332	-3676.660724
20:02:17.154	-0.376128	-0.737506	-3687.531976
20:02:17.205	-0.374985	-0.735266	-3676.327737
20:02:17.256	-0.375227	-0.735739	-3678.693365
20:02:17.306	-0.374697	-0.734700	-3673.501589
20:02:17.357	-0.374860	-0.735019	-3675.094677
20:02:17.407	-0.374950	-0.735197	-3675.984986
20:02:17.458	-0.374487	-0.734288	-3671.441303
20:02:17.509	-0.369902	-0.725298	-3626.489483
20:02:17.559	-0.363294	-0.712342	-3561.708432
20:02:17.610	-0.357353	-0.700692	-3503.459757
20:02:17.660	-0.353416	-0.692973	-3464.864357
20:02:17.711	-0.350739	-0.687723	-3438.616992
20:02:17.761	-0.348864	-0.684046	-3420.230450
20:02:17.812	-0.347628	-0.681624	-3408.119900
20:02:17.863	-0.347330	-0.681039	-3405.192729
20:02:17.913	-0.346418	-0.679251	-3396.255877
20:02:17.964	-0.346556	-0.679521	-3397.605383
20:02:18.014	-0.346243	-0.678908	-3394.541264
20:02:18.065	-0.345887	-0.678210	-3391.050974
20:02:18.115	-0.345637	-0.677720	-3388.599675
20:02:18.166	-0.345988	-0.678408	-3392.038619
20:02:18.216	-0.345838	-0.678113	-3390.565153
20:02:18.267	-0.345991	-0.678414	-3392.070855
20:02:18.318	-0.346086	-0.678601	-3393.002607
20:02:18.369	-0.345702	-0.677847	-3389.235129
20:02:18.419	-0.345939	-0.678311	-3391.554653
20:02:18.470	-0.345897	-0.678230	-3391.150676
20:02:18.520	-0.345498	-0.677447	-3387.235281
20:02:18.571	-0.345691	-0.677826	-3389.129236
20:02:18.621	-0.345722	-0.677887	-3389.435599
20:02:18.672	-0.345700	-0.677843	-3389.214141
20:02:18.722	-0.345926	-0.678286	-3391.429626
20:02:18.773	-0.346002	-0.678435	-3392.173919
20:02:18.824	-0.345925	-0.678285	-3391.426194
20:02:18.874	-0.345662	-0.677768	-3388.841287
20:02:18.925	-0.346022	-0.678475	-3392.374296
20:02:18.975	-0.345404	-0.677262	-3386.310556
20:02:19.026	-0.340341	-0.667335	-3336.674395
20:02:19.076	-0.330293	-0.647633	-3238.165779
20:02:19.127	-0.315543	-0.618712	-3093.561502
20:02:19.177	-0.292757	-0.574033	-2870.167285
20:02:19.228	-0.271638	-0.532624	-2663.121101
20:02:19.279	-0.256050	-0.502059	-2510.296853
20:02:19.329	-0.247100	-0.484509	-2422.544342
20:02:19.380	-0.241382	-0.473298	-2366.488077
20:02:19.430	-0.237119	-0.464939	-2324.695601
20:02:19.481	-0.235057	-0.460896	-2304.482430
20:02:19.532	-0.234239	-0.459293	-2296.465108
20:02:19.583	-0.233075	-0.457010	-2285.049638
20:02:19.634	-0.232620	-0.456118	-2280.592205
20:02:19.684	-0.232375	-0.455638	-2278.188982
20:02:19.735	-0.231657	-0.454230	-2271.151165
20:02:19.785	-0.231422	-0.453768	-2268.841753
20:02:19.836	-0.230605	-0.452167	-2260.834079
20:02:19.886	-0.231444	-0.453812	-2269.058573
20:02:19.937	-0.231566	-0.454050	-2270.251278
20:02:19.987	-0.231604	-0.454125	-2270.625964
20:02:20.038	-0.231674	-0.454262	-2271.309565
20:02:20.089	-0.231009	-0.452959	-2264.795626
20:02:20.139	-0.231680	-0.454274	-2271.369585
20:02:20.190	-0.231296	-0.453521	-2267.606699
20:02:20.241	-0.231084	-0.453106	-2265.529576
20:02:20.291	-0.217502	-0.426474	-2132.368182
20:02:20.342	-0.173340	-0.339882	-1699.408576
20:02:20.392	-0.073164	-0.143459	-717.295826
20:02:20.443	0.042696	0.083718	418.589877
20:02:20.493	0.125354	0.245791	1228.956711
20:02:20.543	0.176571	0.346219	1731.092693
20:02:20.594	0.208137	0.408112	2040.561799
20:02:20.644	0.227769	0.446607	2233.033633
20:02:20.694	0.239279	0.469174	2345.868100
20:02:20.744	0.245902	0.482161	2410.806206
20:02:20.794	0.250324	0.490831	2454.153249
20:02:20.844	0.253078	0.496231	2481.156271
20:02:20.893	0.255228	0.500447	2502.234703
20:02:20.943	0.257741	0.505375	2526.874787
20:02:20.993	0.257098	0.504114	2520.569667
20:02:21.043	0.258160	0.506196	2530.978568
20:02:21.094	0.258485	0.506832	2534.162032
20:02:21.144	0.257384	0.504674	2523.368100
20:02:21.194	0.258400	0.506667	2533.337217
20:02:21.244	0.258018	0.505918	2529.588988
20:02:21.295	0.258166	0.506208	2531.037545
20:02:21.346	0.257703	0.505299	2526.497434
20:02:21.397	0.257650	0.505196	2525.977869
20:02:21.448	0.258484	0.506831	2534.153868
20:02:21.499	0.258403	0.506672	2533.360849
20:02:21.550	0.258091	0.506062	2530.308187
20:02:21.601	0.257525	0.504950	2524.751210
20:02:21.652	0.258367	0.506602	2533.011303
20:02:21.703	0.258792	0.507435	2537.175058
20:02:21.754	0.257820	0.505529	2527.646701
20:02:21.805	0.258144	0.506165	2530.824993
20:02:21.856	0.258641	0.507140	2535.698138
20:02:21.907	0.258927	0.507699	2538.495806
20:02:21.958	0.258970	0.507784	2538.917873
20:02:22.009	0.258333	0.506536	2532.678269
20:02:22.060	0.258201	0.506277	2531.387114
20:02:22.111	0.258603	0.507065	2535.325492
20:02:22.162	0.259133	0.508104	2540.518684
20:02:22.213	0.258529	0.506919	2534.595903
20:02:22.264	0.258236	0.506344	2531.722444
20:02:22.315	0.259003	0.507849	2539.243717
20:02:22.367	0.258853	0.507556	2537.779018
20:02:22.418	0.258130	0.506138	2530.688045
20:02:22.469	0.258150	0.506177	2530.886567
20:02:22.520	0.258896	0.507639	2538.194429
20:02:22.571	0.258895	0.507637	2538.185500
20:02:22.622	0.258096	0.506070	2530.349028
20:02:22.673	0.257953	0.505790	2528.950125
20:02:22.724	0.252123	0.494358	2471.791833
20:02:22.775	0.243110	0.476687	2383.435803
20:02:22.826	0.227435	0.445950	2229.751605
20:02:22.877	0.213798	0.419211	2096.056986
20:02:22.929	0.205678	0.403290	2016.448586
20:02:22.980	0.201288	0.394682	1973.412104
20:02:23.031	0.198224	0.388675	1943.377339
20:02:23.082	0.196134	0.384577	1922.884127
20:02:23.133	0.194879	0.382116	1910.578441
20:02:23.184	0.194050	0.380489	1902.446344
20:02:23.235	0.194166	0.380718	1903.590138
20:02:23.286	0.193663	0.379731	1898.653170
20:02:23.338	0.193305	0.379030	1895.148014
20:02:23.389	0.193103	0.378633	1893.163796
20:02:23.440	0.193821	0.380042	1900.207528
20:02:23.491	0.193608	0.379623	1898.117231
20:02:23.542	0.193062	0.378552	1892.760237
20:02:23.593	0.192892	0.378220	1891.099799
20:02:23.644	0.193206	0.378835	1894.175514
20:02:23.695	0.193732	0.379867	1899.334103
20:02:23.746	0.193692	0.379788	1898.940423
20:02:23.798	0.192939	0.378312	1891.559576
20:02:23.849	0.192967	0.378367	1891.833285
20:02:23.900	0.193111	0.378649	1893.243367
20:02:23.951	0.193347	0.379112	1895.558879
20:02:24.002	0.192764	0.377970	1889.847584
20:02:24.054	0.193032	0.378493	1892.466165
20:02:24.105	0.193474	0.379360	1896.799058
20:02:24.156	0.193855	0.380108	1900.541141
20:02:24.208	0.193041	0.378512	1892.559442
20:02:24.259	0.192859	0.378154	1890.771798
20:02:24.310	0.193250	0.378922	1894.608040
20:02:24.361	0.193589	0.379587	1897.936266
20:02:24.412	0.192641	0.377728	1888.639873
20:02:24.464	0.193770	0.379941	1899.705820
20:02:24.515	0.193526	0.379462	1897.309880
20:02:24.566	0.193413	0.379241	1896.203865
20:02:24.617	0.192883	0.378203	1891.012738
20:02:24.668	0.192793	0.378026	1890.131544
20:02:24.719	0.192873	0.378182	1890.911366
20:02:24.770	0.193697	0.379799	1898.993601
20:02:24.821	0.193779	0.379959	1899.793624
20:02:24.872	0.193379	0.379175	1895.876049
20:02:24.923	0.192753	0.377946	1889.730697
20:02:24.974	0.193671	0.379746	1898.730584
20:02:25.025	0.193668	0.379741	1898.702545
20:02:25.076	0.193786	0.379973	1899.864800
20:02:25.127	0.192816	0.378070	1890.348410
20:02:25.179	0.192605	0.377656	1888.282001
20:02:25.230	0.192705	0.377853	1889.262572
20:02:25.281	0.193263	0.378947	1894.732788
20:02:25.332	0.193001	0.378433	1892.166296
20:02:25.384	0.192057	0.376582	1882.911369
20:02:25.437	0.181389	0.355664	1778.318650
20:02:25.488	0.166773	0.327006	1635.028210
20:02:25.538	0.156287	0.306445	1532.222763
20:02:25.588	0.150408	0.294918	1474.588461
20:02:25.638	0.146417	0.287093	1435.464707
20:02:25.688	0.144185	0.282717	1413.583051
20:02:25.738	0.142679	0.279763	1398.816859
20:02:25.788	0.142090	0.278608	1393.038145
20:02:25.838	0.141501	0.277453	1387.264394
20:02:25.888	0.140653	0.275790	1378.949616
20:02:25.937	0.140890	0.276256	1381.278973
20:02:25.987	0.140604	0.275694	1378.467621
20:02:26.037	0.140649	0.275782	1378.907987
20:02:26.087	0.141578	0.277604	1388.018451
20:02:26.137	0.141797	0.278033	1390.166750
20:02:26.187	0.140636	0.275757	1378.783493
20:02:26.238	0.140451	0.275394	1376.968761
20:02:26.288	0.140738	0.275957	1379.786444
20:02:26.339	0.140730	0.275942	1379.708520
20:02:26.389	0.140403	0.275299	1376.497064
20:02:26.440	0.141844	0.278126	1390.628521
20:02:26.491	0.140969	0.276410	1382.050029
20:02:26.541	0.141720	0.277883	1389.414781
20:02:26.592	0.140877	0.276230	1381.148890
20:02:26.642	0.140421	0.275335	1376.673136
20:02:26.693	0.140970	0.276411	1382.054807
20:02:26.743	0.140316	0.275130	1375.649452
20:02:26.794	0.140653	0.275790	1378.948665
20:02:26.844	0.140240	0.274980	1374.898479
20:02:26.895	0.140566	0.275620	1378.100821
20:02:26.946	0.141032	0.276534	1382.668321
20:02:26.996	0.141285	0.277029	1385.142581
20:02:27.047	0.140660	0.275803	1379.016014
20:02:27.097	0.140586	0.275659	1378.297324
20:02:27.148	0.140429	0.275350	1376.750527
20:02:27.198	0.140530	0.275549	1377.744920
20:02:27.249	0.140570	0.275628	1378.139760
20:02:27.300	0.140271	0.275042	1375.210548
20:02:27.350	0.140951	0.276375	1381.872798
20:02:27.401	0.140575	0.275638	1378.191176
20:02:27.451	0.140995	0.276460	1382.299271
20:02:27.502	0.140427	0.275348	1376.738537
20:02:27.553	0.140277	0.275053	1375.263610
20:02:27.603	0.140313	0.275124	1375.620949
20:02:27.654	0.140318	0.275134	1375.668005
20:02:27.704	0.140092	0.274691	1373.454189
20:02:27.755	0.135478	0.265643	1328.214954
20:02:27.805	0.113330	0.222215	1111.077132
20:02:27.856	0.090562	0.177573	887.865782
20:02:27.906	0.069628	0.136526	682.629900
20:02:27.957	0.047151	0.092452	462.262346
20:02:28.008	0.032631	0.063982	319.908319
20:02:28.058	0.022805	0.044716	223.580679
20:02:28.109	0.011629	0.022803	114.013791
20:02:28.159	-0.006731	-0.013199	-65.993145
20:02:28.210	-0.030598	-0.059997	-299.984488
20:02:28.261	-0.048535	-0.095166	-475.830012
20:02:28.311	-0.059127	-0.115935	-579.674449
20:02:28.362	-0.066129	-0.129664	-648.322470
20:02:28.412	-0.070397	-0.138033	-690.165110
20:02:28.463	-0.073480	-0.144078	-720.388076
20:02:28.513	-0.074682	-0.146436	-732.177978
20:02:28.564	-0.076341	-0.149688	-748.440270
20:02:28.614	-0.075921	-0.148864	-744.321275
20:02:28.665	-0.076825	-0.150636	-753.182243
20:02:28.716	-0.076819	-0.150625	-753.122872
20:02:28.766	-0.076526	-0.150052	-750.257716
20:02:28.817	-0.075867	-0.148759	-743.795982
20:02:28.867	-0.076868	-0.150722	-753.609157
20:02:28.918	-0.077109	-0.151193	-755.966251
20:02:28.968	-0.077178	-0.151329	-756.646001
20:02:29.019	-0.077424	-0.151812	-759.062119
20:02:29.070	-0.077418	-0.151801	-759.003629
20:02:29.120	-0.077190	-0.151353	-756.767271
20:02:29.171	-0.077568	-0.152093	-760.466820
20:02:29.221	-0.076891	-0.150767	-753.832980
20:02:29.272	-0.077435	-0.151833	-759.165716
20:02:29.322	-0.077045	-0.151068	-755.341813
20:02:29.373	-0.076909	-0.150801	-754.005063
20:02:29.423	-0.077287	-0.151543	-757.713031
20:02:29.474	-0.077533	-0.152026	-760.130865
20:02:29.525	-0.077793	-0.152535	-762.674305
20:02:29.576	-0.077406	-0.151777	-758.885166
20:02:29.626	-0.077587	-0.152132	-760.659126
20:02:29.677	-0.077436	-0.151836	-759.181301
20:02:29.728	-0.076847	-0.150679	-753.397346
20:02:29.779	-0.077654	-0.152262	-761.312230
20:02:29.829	-0.078041	-0.153021	-765.107375
20:02:29.880	-0.078101	-0.153140	-765.698464
20:02:29.930	-0.078495	-0.153911	-769.554348
20:02:29.981	-0.077490	-0.151940	-759.702119
20:02:30.032	-0.078027	-0.152994	-764.968642
20:02:30.083	-0.078151	-0.153237	-766.186441
20:02:30.133	-0.077791	-0.152531	-762.654684
20:02:30.184	-0.077671	-0.152296	-761.478445
20:02:30.235	-0.078278	-0.153485	-767.427479
20:02:30.286	-0.077914	-0.152773	-763.862534
20:02:30.336	-0.078647	-0.154211	-771.052629
20:02:30.387	-0.078927	-0.154758	-773.790972
20:02:30.438	-0.079248	-0.155389	-776.945840
20:02:30.488	-0.079422	-0.155729	-778.646747
20:02:30.539	-0.079677	-0.156229	-781.146818
20:02:30.589	-0.080388	-0.157623	-788.116893
20:02:30.639	-0.085256	-0.167169	-835.845647
20:02:30.689	-0.094426	-0.185150	-925.747547
20:02:30.739	-0.101924	-0.199851	-999.255541
20:02:30.789	-0.107316	-0.210423	-1052.114428
20:02:30.839	-0.109971	-0.215629	-1078.146411
20:02:30.889	-0.112237	-0.220073	-1100.364858
20:02:30.939	-0.113255	-0.222068	-1110.340167
20:02:30.989	-0.113657	-0.222856	-1114.280493
20:02:31.039	-0.113964	-0.223458	-1117.289577
20:02:31.090	-0.114553	-0.224614	-1123.068035
20:02:31.140	-0.114786	-0.225071	-1125.356482
20:02:31.190	-0.115258	-0.225996	-1129.981104
20:02:31.240	-0.115028	-0.225545	-1127.727306
20:02:31.291	-0.114764	-0.225027	-1125.133957
20:02:31.342	-0.115016	-0.225521	-1127.605990
20:02:31.393	-0.115019	-0.225528	-1127.640778
20:02:31.445	-0.114617	-0.224740	-1123.700544
20:02:31.496	-0.114699	-0.224900	-1124.500613
20:02:31.548	-0.114760	-0.225020	-1125.100167
20:02:31.598	-0.114898	-0.225291	-1126.454542
20:02:31.649	-0.115029	-0.225548	-1127.737812
20:02:31.699	-0.114675	-0.224852	-1124.260045
20:02:31.750	-0.114535	-0.224579	-1122.893587
20:02:31.801	-0.114678	-0.224859	-1124.295552
20:02:31.852	-0.114809	-0.225115	-1125.577337
20:02:31.903	-0.115250	-0.225981	-1129.903667
20:02:31.954	-0.115153	-0.225790	-1128.951112
20:02:32.005	-0.114780	-0.225060	-1125.297737
20:02:32.056	-0.115001	-0.225493	-1127.463523
20:02:32.107	-0.114811	-0.225119	-1125.596123
20:02:32.158	-0.114782	-0.225062	-1125.309565
20:02:32.209	-0.114733	-0.224966	-1124.828823
20:02:32.259	-0.114863	-0.225223	-1126.112673
20:02:32.310	-0.114379	-0.224273	-1121.365436
20:02:32.361	-0.114324	-0.224165	-1120.827433
20:02:32.412	-0.114880	-0.225255	-1126.276360
20:02:32.463	-0.115113	-0.225713	-1128.563091
20:02:32.514	-0.114914	-0.225321	-1126.603016
20:02:32.565	-0.114474	-0.224458	-1122.291761
20:02:32.616	-0.113856	-0.223247	-1116.233610
20:02:32.667	-0.114632	-0.224768	-1123.841504
20:02:32.717	-0.114749	-0.224999	-1124.993206
20:02:32.768	-0.114321	-0.224160	-1120.797585
20:02:32.819	-0.114724	-0.224949	-1124.742712
20:02:32.870	-0.114402	-0.224318	-1121.589329
20:02:32.920	-0.113955	-0.223441	-1117.202701
20:02:32.971	-0.113539	-0.222625	-1113.125845
20:02:33.022	-0.113569	-0.222684	-1113.421516
20:02:33.073	-0.110139	-0.215959	-1079.795809
20:02:33.123	-0.100467	-0.196994	-984.969789
20:02:33.174	-0.090083	-0.176634	-883.168940
20:02:33.225	-0.083411	-0.163551	-817.755519
20:02:33.275	-0.078697	-0.154307	-771.534391
20:02:33.326	-0.076914	-0.150812	-754.061118
20:02:33.377	-0.074999	-0.147056	-735.280733
20:02:33.428	-0.074420	-0.145921	-729.607287
20:02:33.479	-0.073749	-0.144606	-723.029942
20:02:33.529	-0.073958	-0.145015	-725.076777
20:02:33.581	-0.073534	-0.144183	-720.917474
20:02:33.631	-0.073045	-0.143226	-716.131298
20:02:33.682	-0.072450	-0.142058	-710.291289
20:02:33.733	-0.072459	-0.142077	-710.385819
20:02:33.784	-0.072909	-0.142959	-714.794966
20:02:33.835	-0.073075	-0.143284	-716.421543
20:02:33.886	-0.072698	-0.142545	-712.727050
20:02:33.937	-0.072738	-0.142624	-713.118967
20:02:33.988	-0.072459	-0.142076	-710.380531
20:02:34.038	-0.072436	-0.142030	-710.152370
20:02:34.089	-0.072762	-0.142671	-713.357240
20:02:34.140	-0.072876	-0.142895	-714.475198
20:02:34.190	-0.073221	-0.143572	-717.857507
20:02:34.241	-0.072871	-0.142885	-714.422762
20:02:34.292	-0.072635	-0.142422	-712.108131
20:02:34.342	-0.072507	-0.142172	-710.857771
20:02:34.393	-0.071917	-0.141014	-705.067670
20:02:34.444	-0.072571	-0.142295	-711.475739
20:02:34.495	-0.072662	-0.142474	-712.370129
20:02:34.545	-0.072377	-0.141915	-709.576426
20:02:34.596	-0.072809	-0.142762	-713.812030
20:02:34.647	-0.072832	-0.142808	-714.039147
20:02:34.698	-0.072381	-0.141924	-709.622137
20:02:34.749	-0.071984	-0.141146	-705.727569
20:02:34.800	-0.072612	-0.142377	-711.884980
20:02:34.851	-0.072693	-0.142534	-712.671622
20:02:34.901	-0.073052	-0.143239	-716.192594
20:02:34.952	-0.073139	-0.143409	-717.044381
20:02:35.002	-0.072934	-0.143008	-715.041703
20:02:35.053	-0.073126	-0.143383	-716.917244
20:02:35.103	-0.073123	-0.143378	-716.887814
20:02:35.154	-0.072742	-0.142632	-713.160921
20:02:35.204	-0.072663	-0.142477	-712.384971
20:02:35.255	-0.072631	-0.142414	-712.070746
20:02:35.306	-0.072675	-0.142501	-712.504525
20:02:35.356	-0.072924	-0.142989	-714.944460
20:02:35.407	-0.073315	-0.143756	-718.777756
20:02:35.457	-0.073020	-0.143176	-715.881778
20:02:35.508	-0.073139	-0.143410	-717.051733
20:02:35.558	-0.072906	-0.142953	-714.766672
20:02:35.609	-0.072760	-0.142666	-713.332494
20:02:35.659	-0.073048	-0.143231	-716.155882
20:02:35.708	-0.072457	-0.142073	-710.363392
20:02:35.758	-0.072760	-0.142666	-713.332146
20:02:35.808	-0.072522	-0.142200	-710.998545
20:02:35.858	-0.072765	-0.142677	-713.385371
20:02:35.908	-0.073023	-0.143182	-715.907637
20:02:35.958	-0.073081	-0.143296	-716.479059
20:02:36.008	-0.072989	-0.143115	-715.573838
20:02:36.058	-0.073132	-0.143397	-716.983781
20:02:36.108	-0.072913	-0.142966	-714.828525
20:02:36.158	-0.072972	-0.143082	-715.411589
20:02:36.208	-0.072999	-0.143136	-715.677552
20:02:36.258	-0.072881	-0.142904	-714.520329
20:02:36.309	-0.072530	-0.142217	-711.083264
20:02:36.359	-0.072941	-0.143022	-715.108055
20:02:36.410	-0.072312	-0.141789	-708.946074
20:02:36.460	-0.072504	-0.142165	-710.825674
20:02:36.511	-0.072648	-0.142446	-712.231743
20:02:36.561	-0.073045	-0.143226	-716.131762
20:02:36.612	-0.072976	-0.143091	-715.453774
20:02:36.662	-0.073183	-0.143497	-717.484909
20:02:36.713	-0.073074	-0.143282	-716.409878
20:02:36.763	-0.072831	-0.142805	-714.025858
20:02:36.814	-0.073173	-0.143476	-717.380986
20:02:36.865	-0.072851	-0.142845	-714.224124
20:02:36.915	-0.072754	-0.142654	-713.272149
20:02:36.966	-0.072863	-0.142869	-714.346855
20:02:37.016	-0.072830	-0.142804	-714.019063
20:02:37.067	-0.072937	-0.143013	-715.067330
20:02:37.117	-0.073317	-0.143759	-718.796333
20:02:37.168	-0.073007	-0.143150	-715.751046
20:02:37.219	-0.073671	-0.144453	-722.265078
20:02:37.269	-0.072859	-0.142860	-714.299057
20:02:37.320	-0.073535	-0.144187	-720.935494
20:02:37.371	-0.073011	-0.143158	-715.789382
20:02:37.421	-0.073173	-0.143477	-717.386622
20:02:37.472	-0.073069	-0.143272	-716.362265
20:02:37.522	-0.072851	-0.142845	-714.222617
20:02:37.573	-0.072721	-0.142590	-712.948879
20:02:37.623	-0.072578	-0.142310	-711.550926
20:02:37.674	-0.072796	-0.142737	-713.683432
20:02:37.724	-0.072815	-0.142775	-713.874996
20:02:37.775	-0.073078	-0.143290	-716.450417
20:02:37.825	-0.073053	-0.143242	-716.209710
20:02:37.876	-0.072872	-0.142885	-714.426588
20:02:37.927	-0.073161	-0.143454	-717.269156
20:02:37.977	-0.072961	-0.143061	-715.307226
20:02:38.028	-0.072918	-0.142977	-714.887061
20:02:38.078	-0.072367	-0.141895	-709.476609
20:02:38.129	-0.071928	-0.141035	-705.174445
20:02:38.179	-0.072620	-0.142391	-711.956689
20:02:38.230	-0.072413	-0.141986	-709.927503
20:02:38.280	-0.072638	-0.142427	-712.135405
20:02:38.331	-0.072668	-0.142486	-712.427969
20:02:38.382	-0.072527	-0.142210	-711.050309
20:02:38.432	-0.072765	-0.142676	-713.380826
20:02:38.483	-0.072490	-0.142137	-710.685039
20:02:38.533	-0.072300	-0.141764	-708.821140
20:02:38.584	-0.072332	-0.141827	-709.133696
20:02:38.634	-0.071615	-0.140421	-702.104575
20:02:38.685	-0.072330	-0.141823	-709.116812
20:02:38.735	-0.071487	-0.140171	-700.856975
20:02:38.786	-0.071001	-0.139218	-696.091741
20:02:38.837	-0.071326	-0.139855	-699.276966
20:02:38.887	-0.071489	-0.140175	-700.872606
20:02:38.938	-0.071669	-0.140527	-702.634553
20:02:38.988	-0.071468	-0.140132	-700.661770
20:02:39.039	-0.071970	-0.141117	-705.585403
20:02:39.090	-0.072053	-0.141280	-706.399527
20:02:39.140	-0.072047	-0.141268	-706.340828
20:02:39.191	-0.071794	-0.140773	-703.865827
20:02:39.241	-0.071667	-0.140523	-702.614191
20:02:39.292	-0.071425	-0.140049	-700.244851
20:02:39.342	-0.071231	-0.139669	-698.346676
20:02:39.393	-0.071315	-0.139833	-699.166690
20:02:39.443	-0.071511	-0.140219	-701.093067
20:02:39.494	-0.071593	-0.140378	-701.890585
20:02:39.544	-0.071579	-0.140351	-701.756490
20:02:39.595	-0.072007	-0.141190	-705.950465
20:02:39.646	-0.071926	-0.141032	-705.158744
20:02:39.696	-0.071811	-0.140806	-704.031207
20:02:39.747	-0.071484	-0.140165	-700.827196
20:02:39.798	-0.071928	-0.141036	-705.180823
20:02:39.848	-0.071419	-0.140037	-700.185944
20:02:39.899	-0.071183	-0.139575	-697.876996
20:02:39.949	-0.071686	-0.140561	-702.806195
20:02:40.000	-0.071405	-0.140009	-700.044243
20:02:40.050	-0.072074	-0.141322	-706.609157
20:02:40.101	-0.072173	-0.141515	-707.575441
20:02:40.152	-0.072052	-0.141278	-706.389624
20:02:40.202	-0.072193	-0.141555	-707.773940
20:02:40.253	-0.071786	-0.140757	-703.786789
20:02:40.303	-0.072406	-0.141973	-709.863007
20:02:40.354	-0.072244	-0.141655	-708.274140
20:02:40.404	-0.072198	-0.141566	-707.827698
20:02:40.455	-0.072157	-0.141484	-707.420196
20:02:40.506	-0.073629	-0.144371	-721.856694
20:02:40.556	-0.075683	-0.148397	-741.985308
20:02:40.607	-0.077662	-0.152278	-761.391731
20:02:40.657	-0.078736	-0.154385	-771.925868
20:02:40.707	-0.079291	-0.155473	-777.363964
20:02:40.757	-0.080096	-0.157051	-785.256978
20:02:40.807	-0.080311	-0.157472	-787.360401
20:02:40.857	-0.080510	-0.157863	-789.316718
20:02:40.907	-0.080090	-0.157040	-785.198511
20:02:40.957	-0.080078	-0.157016	-785.080581
20:02:41.007	-0.080620	-0.158079	-790.396387
20:02:41.057	-0.080919	-0.158664	-793.320381
20:02:41.107	-0.080695	-0.158225	-791.127415
20:02:41.156	-0.080928	-0.158682	-793.408023
20:02:41.206	-0.080683	-0.158203	-791.012708
20:02:41.257	-0.080810	-0.158451	-792.253699
20:02:41.307	-0.080396	-0.157639	-788.193843
20:02:41.358	-0.080288	-0.157427	-787.133005
20:02:41.409	-0.080773	-0.158379	-791.896245
20:02:41.459	-0.080258	-0.157369	-786.843433
20:02:41.510	-0.080880	-0.158588	-792.941405
20:02:41.560	-0.081210	-0.159236	-796.180760
20:02:41.611	-0.080268	-0.157388	-786.941186
20:02:41.662	-0.081079	-0.158978	-794.888144
20:02:41.712	-0.081121	-0.159062	-795.307683
20:02:41.763	-0.080591	-0.158021	-790.104449
20:02:41.813	-0.080567	-0.157974	-789.869540
20:02:41.864	-0.080341	-0.157532	-787.659806
20:02:41.914	-0.080316	-0.157482	-787.407967
20:02:41.965	-0.080262	-0.157377	-786.884181
20:02:42.015	-0.080064	-0.156989	-784.945675
20:02:42.066	-0.080690	-0.158215	-791.073726
20:02:42.117	-0.080598	-0.158036	-790.178338
20:02:42.167	-0.081004	-0.158831	-794.156722
20:02:42.218	-0.080946	-0.158717	-793.585927
20:02:42.269	-0.081366	-0.159542	-797.708030
20:02:42.319	-0.080913	-0.158653	-793.263190
20:02:42.370	-0.081046	-0.158914	-794.567866
20:02:42.420	-0.080975	-0.158774	-793.867846
20:02:42.471	-0.081094	-0.159008	-795.039308
20:02:42.521	-0.080726	-0.158286	-791.431204
20:02:42.572	-0.080403	-0.157653	-788.264369
20:02:42.622	-0.080644	-0.158125	-790.626032
20:02:42.673	-0.080676	-0.158188	-790.937729
20:02:42.724	-0.081112	-0.159044	-795.217583
20:02:42.774	-0.081261	-0.159335	-796.675718
20:02:42.825	-0.081319	-0.159449	-797.243429
20:02:42.875	-0.081469	-0.159743	-798.714645
20:02:42.926	-0.080601	-0.158042	-790.209392
20:02:42.976	-0.081277	-0.159366	-796.832170
20:02:43.027	-0.081417	-0.159642	-798.207928
20:02:43.077	-0.081360	-0.159530	-797.648009
20:02:43.128	-0.081105	-0.159030	-795.150327
20:02:43.179	-0.080882	-0.158592	-792.961025
20:02:43.230	-0.081004	-0.158832	-794.157905
20:02:43.281	-0.080990	-0.158805	-794.022813
20:02:43.332	-0.081431	-0.159670	-798.347774
20:02:43.382	-0.081080	-0.158981	-794.902987
20:02:43.433	-0.081408	-0.159624	-798.120333
20:02:43.483	-0.081318	-0.159447	-797.233155
20:02:43.534	-0.080938	-0.158702	-793.508652
20:02:43.584	-0.081366	-0.159542	-797.709375
20:02:43.635	-0.080861	-0.158552	-792.758955
20:02:43.685	-0.080666	-0.158169	-790.842713
20:02:43.736	-0.080964	-0.158752	-793.762045
20:02:43.787	-0.080551	-0.157944	-789.719536
20:02:43.837	-0.081056	-0.158933	-794.664019
20:02:43.888	-0.081298	-0.159409	-797.043679
20:02:43.938	-0.080976	-0.158776	-793.879163
20:02:43.989	-0.081241	-0.159296	-796.480791
20:02:44.039	-0.081066	-0.158953	-794.766967
20:02:44.090	-0.080958	-0.158740	-793.701445
20:02:44.141	-0.080969	-0.158763	-793.814435
20:02:44.191	-0.080643	-0.158124	-790.619654
20:02:44.242	-0.080964	-0.158752	-793.762045
20:02:44.293	-0.080534	-0.157910	-789.550306
20:02:44.343	-0.080439	-0.157724	-788.621360
20:02:44.394	-0.080945	-0.158716	-793.580477
20:02:44.445	-0.080938	-0.158702	-793.508188
20:02:44.495	-0.080877	-0.158583	-792.913435
20:02:44.546	-0.081408	-0.159624	-798.118199
20:02:44.596	-0.081069	-0.158958	-794.791944
20:02:44.647	-0.081408	-0.159623	-798.113561
20:02:44.697	-0.081043	-0.158907	-794.536742
20:02:44.748	-0.080648	-0.158133	-790.663881
20:02:44.799	-0.080622	-0.158082	-790.407890
20:02:44.849	-0.080348	-0.157546	-787.730031
20:02:44.900	-0.080630	-0.158098	-790.490894
20:02:44.950	-0.080622	-0.158082	-790.410720
20:02:45.001	-0.080923	-0.158673	-793.363263
20:02:45.052	-0.080955	-0.158735	-793.672525
20:02:45.102	-0.080593	-0.158026	-790.131004
20:02:45.153	-0.081172	-0.159160	-795.799394
20:02:45.203	-0.080905	-0.158637	-793.186240
20:02:45.254	-0.080518	-0.157878	-789.388589
20:02:45.304	-0.081051	-0.158924	-794.622088
20:02:45.355	-0.080208	-0.157270	-786.348776
20:02:45.406	-0.076296	-0.149599	-747.997308
20:02:45.457	-0.071562	-0.140317	-701.586587
20:02:45.508	-0.068256	-0.133835	-669.176592
20:02:45.558	-0.065179	-0.127802	-639.008568
20:02:45.608	-0.062140	-0.121842	-609.212005
20:02:45.658	-0.057689	-0.113116	-565.582000
20:02:45.708	-0.053316	-0.104541	-522.703802
20:02:45.758	-0.050302	-0.098631	-493.154209
20:02:45.808	-0.048267	-0.094642	-473.208763
20:02:45.858	-0.047138	-0.092428	-462.141494
20:02:45.908	-0.046004	-0.090203	-451.015016
20:02:45.958	-0.045202	-0.088632	-443.161312
20:02:46.008	-0.043930	-0.086138	-430.690084
20:02:46.058	-0.041649	-0.081665	-408.326758
20:02:46.109	-0.039341	-0.077138	-385.691509
20:02:46.159	-0.037813	-0.074143	-370.715130
20:02:46.209	-0.036782	-0.072122	-360.611617
20:02:46.259	-0.035790	-0.070177	-350.883208
20:02:46.309	-0.034478	-0.067604	-338.020108
20:02:46.361	-0.031227	-0.061230	-306.148162
20:02:46.412	-0.028992	-0.056847	-284.235151
20:02:46.463	-0.027168	-0.053271	-266.356717
20:02:46.515	-0.026123	-0.051222	-256.110761
20:02:46.567	-0.025202	-0.049415	-247.075924
20:02:46.618	-0.025110	-0.049235	-246.174321
20:02:46.669	-0.023845	-0.046754	-233.770070
20:02:46.719	-0.024393	-0.047829	-239.144181
20:02:46.770	-0.024374	-0.047793	-238.962914
20:02:46.820	-0.023489	-0.046057	-230.286552
20:02:46.871	-0.023754	-0.046577	-232.882522
20:02:46.922	-0.023340	-0.045765	-228.823755
20:02:46.972	-0.022866	-0.044835	-224.172579
20:02:47.023	-0.023115	-0.045324	-226.618984
20:02:47.073	-0.022590	-0.044294	-221.468605
20:02:47.124	-0.023011	-0.045119	-225.596529
20:02:47.174	-0.022815	-0.044735	-223.675811
20:02:47.225	-0.020458	-0.040114	-200.571880
20:02:47.275	-0.016794	-0.032930	-164.649308
20:02:47.326	-0.013030	-0.025549	-127.742524
20:02:47.377	-0.011526	-0.022599	-112.996021
20:02:47.427	-0.009728	-0.019075	-95.373926
20:02:47.478	-0.008487	-0.016642	-83.208411
20:02:47.528	-0.008242	-0.016161	-80.803472
20:02:47.579	-0.007306	-0.014326	-71.630018
20:02:47.630	-0.006663	-0.013065	-65.325037
20:02:47.680	-0.006835	-0.013402	-67.009779
20:02:47.731	-0.006188	-0.012133	-60.667135
20:02:47.781	-0.005976	-0.011717	-58.587344
20:02:47.832	-0.005847	-0.011465	-57.327104
20:02:47.882	-0.004961	-0.009727	-48.637431
20:02:47.933	-0.003881	-0.007609	-38.044247
20:02:47.983	-0.002501	-0.004905	-24.523800
20:02:48.034	-0.001067	-0.002092	-10.460851
20:02:48.084	-0.000202	-0.000396	-1.977793
20:02:48.135	0.000276	0.000541	2.705133
20:02:48.186	0.001203	0.002359	11.794772
20:02:48.236	0.001282	0.002514	12.568310
20:02:48.287	0.001843	0.003614	18.068583
20:02:48.338	0.001604	0.003146	15.728511
20:02:48.388	0.002179	0.004273	21.365222
20:02:48.439	0.001740	0.003411	17.056448
20:02:48.490	0.001987	0.003896	19.478897
20:02:48.540	0.001479	0.002900	14.498815
20:02:48.591	0.001739	0.003410	17.048864
20:02:48.642	0.001998	0.003917	19.587434
20:02:48.692	0.002423	0.004750	23.751027
20:02:48.743	0.002102	0.004122	20.607733
20:02:48.793	0.002815	0.005520	27.599653
20:02:48.844	0.002892	0.005671	28.355566
20:02:48.895	0.002834	0.005556	27.781477
20:02:48.946	0.002801	0.005492	27.459135
20:02:48.997	0.002916	0.005717	28.584607
20:02:49.048	0.003545	0.006951	34.754427
20:02:49.099	0.003588	0.007035	35.175867
20:02:49.150	0.004345	0.008520	42.600384
20:02:49.201	0.004621	0.009061	45.305308
20:02:49.252	0.004740	0.009295	46.473941
20:02:49.303	0.004160	0.008157	40.783890
20:02:49.354	0.004780	0.009372	46.859226
20:02:49.405	0.005070	0.009941	49.707127
20:02:49.456	0.005028	0.009858	49.290256
20:02:49.507	0.005825	0.011421	57.103072
20:02:49.558	0.006263	0.012281	61.406627
20:02:49.609	0.006213	0.012181	60.906868
20:02:49.660	0.005663	0.011103	55.516686
20:02:49.710	0.005909	0.011586	57.929904
20:02:49.761	0.005665	0.011107	55.536190
20:02:49.812	0.005904	0.011576	57.879578
20:02:49.864	0.006329	0.012410	62.048158
20:02:49.914	0.007055	0.013833	69.164757
20:02:49.965	0.006968	0.013662	68.309700
20:02:50.016	0.007499	0.014704	73.521352
20:02:50.067	0.008283	0.016241	81.206544
20:02:50.118	0.008120	0.015921	79.602974
20:02:50.169	0.009003	0.017652	88.260990
20:02:50.220	0.009709	0.019036	95.182269
20:02:50.271	0.009577	0.018779	93.893202
20:02:50.322	0.009659	0.018938	94.692181
20:02:50.373	0.010050	0.019706	98.531924
20:02:50.424	0.009644	0.018910	94.548949
20:02:50.475	0.009423	0.018476	92.380426
20:02:50.526	0.009835	0.019284	96.417508
20:02:50.576	0.009343	0.018319	91.594249
20:02:50.626	0.009514	0.018655	93.276185
20:02:50.676	0.009404	0.018438	92.191460
20:02:50.726	0.009553	0.018732	93.661377
20:02:50.776	0.009861	0.019336	96.678926
20:02:50.826	0.009743	0.019103	95.514792
20:02:50.876	0.009314	0.018263	91.313861
20:02:50.926	0.009312	0.018258	91.291944
20:02:50.976	0.009900	0.019412	97.060384
20:02:51.026	0.009647	0.018917	94.583133
20:02:51.076	0.009246	0.018130	90.650344
20:02:51.126	0.009536	0.018697	93.485583
20:02:51.176	0.009690	0.019000	94.997547
20:02:51.226	0.009925	0.019461	97.302877
20:02:51.276	0.009933	0.019477	97.382564
20:02:51.326	0.009392	0.018416	92.081786
20:02:51.377	0.009422	0.018475	92.372704
20:02:51.428	0.009227	0.018093	90.465645
20:02:51.479	0.009539	0.018704	93.521229
20:02:51.530	0.009351	0.018335	91.672892
20:02:51.582	0.010090	0.019785	98.923633
20:02:51.633	0.009349	0.018331	91.656983
20:02:51.685	0.009867	0.019348	96.737833
20:02:51.737	0.009674	0.018969	94.844296
20:02:51.788	0.009889	0.019390	96.951754
20:02:51.840	0.009234	0.018106	90.530513
20:02:51.892	0.009231	0.018099	90.497186
20:02:51.944	0.010088	0.019781	98.905729
20:02:51.995	0.009229	0.018095	90.476870
20:02:52.048	0.009178	0.017997	89.984996
20:02:52.099	0.009343	0.018320	91.601369
20:02:52.151	0.009825	0.019266	96.327896
20:02:52.201	0.008960	0.017569	87.844837
20:02:52.252	0.008995	0.017638	88.189467
20:02:52.302	0.009260	0.018157	90.784300
20:02:52.353	0.008658	0.016977	84.883111
20:02:52.404	0.008939	0.017528	87.637596
20:02:52.454	0.009239	0.018115	90.576618
20:02:52.505	0.008963	0.017574	87.870302
20:02:52.555	0.008997	0.017641	88.205237
20:02:52.606	0.009575	0.018774	93.870195
20:02:52.657	0.008925	0.017500	87.501066
20:02:52.708	0.009188	0.018015	90.075189
20:02:52.759	0.009480	0.018587	92.936310
20:02:52.810	0.008816	0.017286	86.431810
20:02:52.861	0.009021	0.017688	88.439590
20:02:52.912	0.009214	0.018066	90.332177
20:02:52.963	0.008715	0.017089	85.443447
20:02:53.014	0.009173	0.017986	89.930310
20:02:53.065	0.009469	0.018567	92.834034
20:02:53.116	0.009629	0.018880	94.402284
20:02:53.167	0.009093	0.017829	89.144411
20:02:53.218	0.009288	0.018212	91.059053
20:02:53.269	0.009014	0.017674	88.372334
20:02:53.320	0.009303	0.018241	91.206552
20:02:53.370	0.009522	0.018671	93.355454
20:02:53.421	0.009919	0.019448	97.240282
20:02:53.472	0.010036	0.019678	98.391730
20:02:53.523	0.010116	0.019835	99.175959
20:02:53.574	0.009435	0.018499	92.495898
20:02:53.625	0.009802	0.019221	96.102912
20:02:53.676	0.009219	0.018077	90.386445
20:02:53.727	0.009418	0.018466	92.329613
20:02:53.778	0.009693	0.019006	95.031778
20:02:53.829	0.009442	0.018514	92.569370
20:02:53.879	0.009801	0.019218	96.089438
20:02:53.930	0.009759	0.019134	95.672033
20:02:53.981	0.009221	0.018081	90.403700
20:02:54.032	0.008563	0.016790	83.948065
20:02:54.083	0.008024	0.015734	78.670897
20:02:54.133	0.007878	0.015447	77.234214
20:02:54.185	0.007753	0.015201	76.007254
20:02:54.236	0.007544	0.014793	73.964964
20:02:54.286	0.007711	0.015120	75.600122
20:02:54.337	0.007678	0.015054	75.271310
20:02:54.388	0.007427	0.014563	72.815650
20:02:54.439	0.007496	0.014699	73.494218
20:02:54.490	0.006805	0.013342	66.710907
20:02:54.541	0.006611	0.012962	64.810598
20:02:54.592	0.006031	0.011825	59.125300
20:02:54.643	0.005939	0.011646	58.228614
20:02:54.694	0.006476	0.012699	63.494373
20:02:54.745	0.006740	0.013216	66.078932
20:02:54.796	0.006098	0.011958	59.787750
20:02:54.847	0.005627	0.011034	55.168160
20:02:54.898	0.005556	0.010893	54.466192
20:02:54.950	0.005838	0.011447	57.236332
20:02:55.001	0.005681	0.011139	55.693175
20:02:55.052	0.005764	0.011301	56.506765
20:02:55.103	0.005875	0.011519	57.595827
20:02:55.154	0.005393	0.010574	52.872454
20:02:55.205	0.005261	0.010315	51.574157
20:02:55.256	0.006225	0.012206	61.032127
20:02:55.307	0.005528	0.010839	54.193666
20:02:55.358	0.005634	0.011047	55.235208
20:02:55.408	0.006306	0.012365	61.827256
20:02:55.459	0.005957	0.011680	58.402483
20:02:55.509	0.005981	0.011727	58.635444
20:02:55.559	0.006136	0.012032	60.157913
20:02:55.610	0.005756	0.011285	56.426893
20:02:55.660	0.005824	0.011420	57.098758
20:02:55.710	0.005655	0.011088	55.442217
20:02:55.759	0.006457	0.012660	63.301232
20:02:55.809	0.006114	0.011988	59.941836
20:02:55.859	0.005381	0.010551	52.752947
20:02:55.909	0.005777	0.011327	56.632905
20:02:55.959	0.005470	0.010726	53.628459
20:02:56.009	0.005812	0.011396	56.979228
20:02:56.060	0.005353	0.010497	52.485083
20:02:56.110	0.005628	0.011035	55.174770
20:02:56.160	0.004974	0.009753	48.762643
20:02:56.210	0.004302	0.008436	42.178572
20:02:56.260	0.004209	0.008253	41.267484
20:02:56.311	0.004169	0.008175	40.875845
20:02:56.362	0.004125	0.008088	40.442368
20:02:56.413	0.003863	0.007575	37.876965
20:02:56.463	0.003991	0.007826	39.129529
20:02:56.514	0.003096	0.006071	30.356295
20:02:56.565	0.003031	0.005942	29.712423
20:02:56.616	0.002575	0.005049	25.243417
20:02:56.666	0.002581	0.005061	25.306452
20:02:56.717	0.003252	0.006376	31.881200
20:02:56.767	0.002241	0.004395	21.973008
20:02:56.818	0.001880	0.003687	18.433157
20:02:56.868	0.001478	0.002898	14.488146
20:02:56.919	0.001181	0.002316	11.578323
20:02:56.969	0.000928	0.001819	9.095019
20:02:57.020	0.000175	0.000343	1.717211
20:02:57.071	0.000054	0.000105	0.525177
20:02:57.121	-0.000268	-0.000526	-2.630943
20:02:57.172	-0.001645	-0.003225	-16.123305
20:02:57.222	-0.001984	-0.003890	-19.450093
20:02:57.273	-0.002590	-0.005078	-25.389224
20:02:57.323	-0.003596	-0.007051	-35.256598
20:02:57.374	-0.004586	-0.008991	-44.956388
20:02:57.424	-0.005509	-0.010803	-54.012608
20:02:57.475	-0.006679	-0.013097	-65.483576
20:02:57.526	-0.007121	-0.013962	-69.812155
20:02:57.576	-0.006757	-0.013249	-66.244822
20:02:57.627	-0.007735	-0.015166	-75.830533
20:02:57.677	-0.008844	-0.017341	-86.704939
20:02:57.728	-0.009027	-0.017700	-88.499912
20:02:57.778	-0.010180	-0.019962	-99.808213
20:02:57.829	-0.010546	-0.020679	-103.393914
20:02:57.880	-0.010916	-0.021404	-107.018090
20:02:57.930	-0.010888	-0.021349	-106.747118
20:02:57.981	-0.011342	-0.022240	-111.198358
20:02:58.031	-0.011862	-0.023260	-116.297785
20:02:58.082	-0.011524	-0.022595	-112.976146
20:02:58.132	-0.012428	-0.024368	-121.838876
20:02:58.183	-0.012558	-0.024624	-123.120870
20:02:58.233	-0.012373	-0.024261	-121.305234
20:02:58.284	-0.012587	-0.024680	-123.402395
20:02:58.334	-0.013381	-0.026237	-131.185572
20:02:58.385	-0.013610	-0.026687	-133.436054
20:02:58.436	-0.012931	-0.025354	-126.770209
20:02:58.486	-0.013674	-0.026812	-134.060469
20:02:58.537	-0.013832	-0.027121	-135.603393
20:02:58.587	-0.013458	-0.026388	-131.939049
20:02:58.638	-0.014137	-0.027720	-138.597843
20:02:58.688	-0.013567	-0.026602	-133.010856
20:02:58.739	-0.014542	-0.028514	-142.570545
20:02:58.790	-0.015687	-0.030759	-153.793594
20:02:58.840	-0.016714	-0.032773	-163.863826
20:02:58.891	-0.017263	-0.033849	-169.243549
20:02:58.941	-0.017193	-0.033711	-168.554220
20:02:58.992	-0.017991	-0.035276	-176.377519
20:02:59.042	-0.018147	-0.035582	-177.911445
20:02:59.093	-0.017743	-0.034790	-173.950316
20:02:59.143	-0.018090	-0.035470	-177.350042
20:02:59.194	-0.018247	-0.035779	-178.895866
20:02:59.245	-0.018196	-0.035678	-178.391770
20:02:59.295	-0.017623	-0.034554	-172.769925
20:02:59.346	-0.018217	-0.035720	-178.598176
20:02:59.396	-0.018178	-0.035644	-178.217924
20:02:59.447	-0.017785	-0.034872	-174.360439
20:02:59.497	-0.018254	-0.035791	-178.956234
20:02:59.548	-0.017834	-0.034968	-174.840091
20:02:59.599	-0.017508	-0.034330	-171.647838
20:02:59.649	-0.018122	-0.035533	-177.666262
20:02:59.700	-0.017906	-0.035109	-175.544958
20:02:59.750	-0.018488	-0.036252	-181.257738
20:02:59.801	-0.018374	-0.036028	-180.139014
20:02:59.851	-0.018078	-0.035447	-177.234362
20:02:59.902	-0.018336	-0.035952	-179.760733
20:02:59.953	-0.017683	-0.034672	-173.362498
20:03:00.003	-0.018405	-0.036089	-180.444333
20:03:00.054	-0.018169	-0.035626	-178.129772
20:03:00.105	-0.017734	-0.034772	-173.861376
20:03:00.156	-0.017987	-0.035268	-176.338348
20:03:00.206	-0.018149	-0.035585	-177.926937
20:03:00.257	-0.018139	-0.035567	-177.834889
20:03:00.308	-0.018755	-0.036775	-183.873675
20:03:00.359	-0.018316	-0.035914	-179.569517
20:03:00.409	-0.018504	-0.036282	-181.407835
20:03:00.460	-0.017647	-0.034602	-173.011676
20:03:00.510	-0.018022	-0.035337	-176.684392
20:03:00.561	-0.017549	-0.034410	-172.049612
20:03:00.611	-0.018012	-0.035317	-176.583531
20:03:00.661	-0.017999	-0.035293	-176.463329
20:03:00.711	-0.018475	-0.036226	-181.132108
20:03:00.761	-0.017836	-0.034973	-174.863352
20:03:00.811	-0.018188	-0.035663	-178.316420
20:03:00.860	-0.017676	-0.034658	-173.289792
20:03:00.910	-0.017726	-0.034757	-173.786049
20:03:00.960	-0.017650	-0.034608	-173.042080
20:03:01.010	-0.017845	-0.034991	-174.952571
20:03:01.060	-0.017656	-0.034619	-173.097022
20:03:01.110	-0.017914	-0.035126	-175.630675
20:03:01.160	-0.018115	-0.035519	-177.597127
20:03:01.210	-0.017925	-0.035148	-175.739978
20:03:01.260	-0.018018	-0.035329	-176.645477
20:03:01.311	-0.017753	-0.034811	-174.052893
20:03:01.361	-0.017823	-0.034948	-174.738395
20:03:01.412	-0.017559	-0.034430	-172.150125
20:03:01.464	-0.016898	-0.033132	-165.662138
20:03:01.516	-0.017785	-0.034872	-174.361575
20:03:01.568	-0.017263	-0.033850	-169.247746
20:03:01.618	-0.016928	-0.033191	-165.957114
20:03:01.669	-0.016528	-0.032409	-162.042716
20:03:01.719	-0.016863	-0.033064	-165.319990
20:03:01.770	-0.016715	-0.032775	-163.875886
20:03:01.820	-0.016766	-0.032874	-164.371679
20:03:01.871	-0.017241	-0.033805	-169.025685
20:03:01.921	-0.017164	-0.033655	-168.273321
20:03:01.972	-0.016748	-0.032839	-164.196164
20:03:02.023	-0.017468	-0.034250	-171.250192
20:03:02.074	-0.017085	-0.033500	-167.500108
20:03:02.124	-0.016962	-0.033259	-166.293395
20:03:02.175	-0.016779	-0.032899	-164.495917
20:03:02.225	-0.015882	-0.031141	-155.704247
20:03:02.276	-0.015210	-0.029824	-149.117973
20:03:02.326	-0.015644	-0.030675	-153.377371
20:03:02.377	-0.014881	-0.029179	-145.895177
20:03:02.428	-0.014842	-0.029102	-145.508941
20:03:02.478	-0.014840	-0.029098	-145.489993
20:03:02.529	-0.015020	-0.029452	-147.259107
20:03:02.579	-0.015151	-0.029708	-148.539547
20:03:02.630	-0.015133	-0.029672	-148.358930
20:03:02.680	-0.015526	-0.030444	-152.217806
20:03:02.731	-0.015492	-0.030377	-151.886373
20:03:02.781	-0.015197	-0.029799	-148.994430
20:03:02.832	-0.015421	-0.030237	-151.186492
20:03:02.883	-0.015073	-0.029555	-147.775100
20:03:02.933	-0.014602	-0.028631	-143.156601
20:03:02.984	-0.015039	-0.029488	-147.441974
20:03:03.034	-0.012215	-0.023951	-119.755212
20:03:03.085	-0.004577	-0.008974	-44.870533
20:03:03.135	0.000705	0.001383	6.912721
20:03:03.186	0.004710	0.009235	46.173353
20:03:03.237	0.006486	0.012718	63.590363
20:03:03.287	0.008021	0.015728	78.641652
20:03:03.338	0.009071	0.017786	88.931789
20:03:03.388	0.009967	0.019543	97.715366
20:03:03.438	0.009978	0.019565	97.827127
20:03:03.488	0.010444	0.020479	102.394349
20:03:03.538	0.010730	0.021038	105.192249
20:03:03.588	0.010790	0.021158	105.787814
20:03:03.639	0.010745	0.021069	105.343645
20:03:03.689	0.010900	0.021373	106.863772
20:03:03.739	0.011103	0.021770	108.852025
20:03:03.789	0.011082	0.021729	108.647288
20:03:03.839	0.010806	0.021189	105.942897
20:03:03.888	0.011355	0.022265	111.323965
20:03:03.938	0.010984	0.021537	107.682789
20:03:03.988	0.010584	0.020753	103.765260
20:03:04.038	0.011147	0.021856	109.280029
20:03:04.088	0.010693	0.020967	104.832638
20:03:04.139	0.010731	0.021041	105.206814
20:03:04.190	0.010633	0.020850	104.247672
20:03:04.240	0.010874	0.021321	106.606135
20:03:04.291	0.010879	0.021331	106.657458
20:03:04.341	0.010730	0.021039	105.197305
20:03:04.392	0.010554	0.020693	103.465785
20:03:04.443	0.010428	0.020447	102.237457
20:03:04.494	0.010909	0.021390	106.950996
20:03:04.545	0.010343	0.020280	101.399585
20:03:04.596	0.010461	0.020512	102.558732
20:03:04.646	0.011024	0.021615	108.075449
20:03:04.697	0.010878	0.021329	106.647184
20:03:04.748	0.011189	0.021940	109.700820
20:03:04.799	0.010823	0.021222	106.109762
20:03:04.850	0.010226	0.020051	100.256811
20:03:04.901	0.010634	0.020851	104.256300
20:03:04.952	0.010193	0.019986	99.929089
20:03:05.003	0.010767	0.021111	105.555618
20:03:05.054	0.010824	0.021224	106.120546
20:03:05.104	0.010473	0.020535	102.677010
20:03:05.155	0.010858	0.021289	106.446112
20:03:05.206	0.010907	0.021386	106.931098
20:03:05.257	0.010243	0.020084	100.417577
20:03:05.308	0.010260	0.020118	100.591700
20:03:05.358	0.009975	0.019558	97.789463
20:03:05.409	0.010279	0.020155	100.774938
20:03:05.460	0.010228	0.020055	100.277220
20:03:05.510	0.010001	0.019610	98.050695
20:03:05.561	0.010549	0.020685	103.424991
20:03:05.611	0.010625	0.020833	104.166733
20:03:05.661	0.010105	0.019814	99.070808
20:03:05.710	0.009926	0.019463	97.314218
20:03:05.760	0.009772	0.019160	95.802301
20:03:05.810	0.009480	0.018588	92.941226
20:03:05.860	0.010350	0.020294	101.472268
20:03:05.910	0.009563	0.018750	93.752242
20:03:05.960	0.009714	0.019046	95.231041
20:03:06.010	0.009861	0.019334	96.672084
20:03:06.060	0.010135	0.019873	99.366201
20:03:06.110	0.010249	0.020096	100.479707
20:03:06.160	0.010044	0.019695	98.475174
20:03:06.210	0.009899	0.019410	97.047559
20:03:06.260	0.009804	0.019224	96.120654
20:03:06.311	0.009824	0.019263	96.315882
20:03:06.362	0.009249	0.018136	90.680401
20:03:06.412	0.009012	0.017671	88.353572
20:03:06.463	0.008819	0.017293	86.463212
20:03:06.514	0.009113	0.017869	89.344440
20:03:06.564	0.008428	0.016525	82.624952
20:03:06.615	0.008583	0.016830	84.148581
20:03:06.665	0.008573	0.016809	84.044775
20:03:06.716	0.007900	0.015489	77.446836
20:03:06.766	0.008087	0.015858	79.288772
20:03:06.817	0.008013	0.015712	78.560156
20:03:06.867	0.007512	0.014730	73.650530
20:03:06.918	0.007365	0.014442	72.210717
20:03:06.968	0.007173	0.014064	70.319429
20:03:07.019	0.007562	0.014828	74.139900
20:03:07.069	0.007578	0.014858	74.289811
20:03:07.120	0.007098	0.013917	69.583740
20:03:07.170	0.007202	0.014121	70.605661
20:03:07.221	0.007699	0.015095	75.477438
20:03:07.272	0.007212	0.014140	70.701003
20:03:07.322	0.007393	0.014496	72.482269
20:03:07.372	0.007555	0.014813	74.064364
20:03:07.423	0.007637	0.014975	74.877305
20:03:07.474	0.008102	0.015885	79.426971
20:03:07.524	0.007915	0.015520	77.601710
20:03:07.575	0.007667	0.015034	75.170379
20:03:07.625	0.007929	0.015547	77.736153
20:03:07.676	0.007913	0.015515	77.576872
20:03:07.726	0.007366	0.014444	72.217976
20:03:07.777	0.007253	0.014222	71.110013
20:03:07.827	0.007517	0.014740	73.699117
20:03:07.878	0.007199	0.014116	70.582446
20:03:07.928	0.007197	0.014112	70.561481
20:03:07.979	0.007587	0.014877	74.384109
20:03:08.029	0.007459	0.014625	73.124286
20:03:08.080	0.007331	0.014375	71.873949
20:03:08.130	0.007189	0.014096	70.479939
20:03:08.181	0.007326	0.014365	71.823159
20:03:08.232	0.006712	0.013162	65.808678
20:03:08.282	0.006306	0.012365	61.827210
20:03:08.333	0.005647	0.011072	55.358866
20:03:08.383	0.005119	0.010037	50.185898
20:03:08.434	0.004364	0.008558	42.787797
20:03:08.484	0.003360	0.006589	32.944936
20:03:08.535	0.002703	0.005300	26.498787
20:03:08.585	0.002356	0.004620	23.100568
20:03:08.636	0.001442	0.002827	14.135214
20:03:08.687	0.000693	0.001359	6.792704
20:03:08.737	0.000623	0.001221	6.105532
20:03:08.788	0.000063	0.000123	0.616530
20:03:08.838	-0.000256	-0.000501	-2.507075
20:03:08.889	-0.000204	-0.000400	-1.999153
20:03:08.939	-0.000092	-0.000180	-0.902020
20:03:08.990	0.000181	0.000354	1.771781
20:03:09.041	-0.000366	-0.000717	-3.584147
20:03:09.091	-0.000036	-0.000071	-0.357223
20:03:09.142	-0.000200	-0.000393	-1.964643
20:03:09.192	-0.001123	-0.002202	-11.011424
20:03:09.243	-0.001403	-0.002751	-13.753501
20:03:09.293	-0.002666	-0.005227	-26.135372
20:03:09.344	-0.003266	-0.006404	-32.020652
20:03:09.394	-0.003492	-0.006846	-34.230989
20:03:09.445	-0.004333	-0.008496	-42.480622
20:03:09.496	-0.005086	-0.009972	-49.858245
20:03:09.546	-0.005850	-0.011470	-57.351618
20:03:09.597	-0.006266	-0.012286	-61.428358
20:03:09.647	-0.006822	-0.013377	-66.885495
20:03:09.698	-0.007201	-0.014119	-70.596199
20:03:09.748	-0.007651	-0.015002	-75.009359
20:03:09.799	-0.008674	-0.017008	-85.039098
20:03:09.850	-0.008703	-0.017065	-85.324009
20:03:09.900	-0.009756	-0.019130	-95.649629
20:03:09.951	-0.010807	-0.021191	-105.953890
20:03:10.001	-0.011382	-0.022318	-111.590345
20:03:10.052	-0.011939	-0.023409	-117.046461
20:03:10.102	-0.012495	-0.024499	-122.496107
20:03:10.153	-0.012464	-0.024440	-122.197606
20:03:10.203	-0.012420	-0.024353	-121.764430
20:03:10.254	-0.012879	-0.025253	-126.265371
20:03:10.304	-0.013094	-0.025674	-128.370556
20:03:10.355	-0.012675	-0.024853	-124.262763
20:03:10.406	-0.012510	-0.024530	-122.649335
20:03:10.456	-0.012702	-0.024905	-124.525479
20:03:10.506	-0.012817	-0.025131	-125.654917
20:03:10.557	-0.012765	-0.025030	-125.150589
20:03:10.607	-0.012742	-0.024984	-124.920504
20:03:10.657	-0.012853	-0.025201	-126.005298
20:03:10.707	-0.012601	-0.024707	-123.535446
20:03:10.757	-0.011952	-0.023435	-117.175222
20:03:10.807	-0.012531	-0.024572	-122.857643
20:03:10.857	-0.012573	-0.024653	-123.263059
20:03:10.907	-0.012608	-0.024721	-123.606389
20:03:10.957	-0.012661	-0.024826	-124.130570
20:03:11.007	-0.012197	-0.023916	-119.578445
20:03:11.057	-0.012072	-0.023670	-118.351810
20:03:11.107	-0.012209	-0.023940	-119.698416
20:03:11.157	-0.012070	-0.023666	-118.328803
20:03:11.207	-0.012043	-0.023614	-118.070030
20:03:11.258	-0.012258	-0.024035	-120.173569
20:03:11.308	-0.012105	-0.023735	-118.677144
20:03:11.359	-0.012571	-0.024648	-123.241838
20:03:11.410	-0.012498	-0.024506	-122.529550
20:03:11.460	-0.011487	-0.022523	-112.614308
20:03:11.511	-0.012427	-0.024368	-121.838018
20:03:11.561	-0.012313	-0.024144	-120.719433
20:03:11.612	-0.011942	-0.023416	-117.082130
20:03:11.662	-0.012197	-0.023916	-119.578514
20:03:11.713	-0.011958	-0.023446	-117.231949
20:03:11.764	-0.011380	-0.022313	-111.566852
20:03:11.814	-0.012118	-0.023761	-118.804049
20:03:11.865	-0.011852	-0.023239	-116.194883
20:03:11.916	-0.012509	-0.024527	-122.634817
20:03:11.967	-0.012152	-0.023827	-119.132792
20:03:12.017	-0.012574	-0.024655	-123.276417
20:03:12.068	-0.012473	-0.024457	-122.284946
20:03:12.119	-0.012195	-0.023913	-119.562976
20:03:12.169	-0.011781	-0.023099	-115.496974
20:03:12.220	-0.012403	-0.024319	-121.596684
20:03:12.271	-0.011993	-0.023515	-117.574491
20:03:12.322	-0.011938	-0.023408	-117.038298
20:03:12.372	-0.012475	-0.024461	-122.305401
20:03:12.424	-0.012412	-0.024337	-121.683955
20:03:12.475	-0.012033	-0.023594	-117.971743
20:03:12.525	-0.012313	-0.024144	-120.718668
20:03:12.576	-0.012233	-0.023986	-119.932397
20:03:12.627	-0.011979	-0.023488	-117.441533
20:03:12.678	-0.011925	-0.023382	-116.909584
20:03:12.728	-0.012138	-0.023800	-118.998373
20:03:12.779	-0.012003	-0.023536	-117.679040
20:03:12.829	-0.012294	-0.024105	-120.525573
20:03:12.880	-0.012267	-0.024054	-120.269490
20:03:12.931	-0.012584	-0.024675	-123.373080
20:03:12.981	-0.012421	-0.024355	-121.776421
20:03:13.032	-0.012284	-0.024087	-120.433038
20:03:13.082	-0.012623	-0.024751	-123.753263
20:03:13.133	-0.012331	-0.024179	-120.893070
20:03:13.183	-0.012381	-0.024276	-121.380097
20:03:13.234	-0.012624	-0.024754	-123.768917
20:03:13.285	-0.011804	-0.023144	-115.720797
20:03:13.335	-0.011947	-0.023425	-117.124478
20:03:13.386	-0.012267	-0.024053	-120.263042
20:03:13.436	-0.011904	-0.023340	-116.702458
20:03:13.487	-0.012103	-0.023731	-118.654648
20:03:13.537	-0.012029	-0.023587	-117.933662
20:03:13.588	-0.012359	-0.024234	-121.168680
20:03:13.639	-0.012647	-0.024798	-123.988404
20:03:13.689	-0.012003	-0.023535	-117.673149
20:03:13.740	-0.012223	-0.023967	-119.833485
20:03:13.790	-0.012291	-0.024099	-120.496815
20:03:13.841	-0.011828	-0.023192	-115.961992
20:03:13.892	-0.012197	-0.023916	-119.581506
20:03:13.942	-0.011612	-0.022768	-113.839621
20:03:13.993	-0.011373	-0.022300	-111.501080
20:03:14.043	-0.012084	-0.023695	-118.473195
20:03:14.094	-0.011819	-0.023175	-115.875115
20:03:14.145	-0.011807	-0.023151	-115.755492
20:03:14.195	-0.012058	-0.023643	-118.215512
20:03:14.246	-0.012289	-0.024096	-120.479004
20:03:14.296	-0.012492	-0.024495	-122.475490
20:03:14.347	-0.012076	-0.023679	-118.394181
20:03:14.398	-0.012628	-0.024760	-123.800226
20:03:14.448	-0.012462	-0.024435	-122.175643
20:03:14.499	-0.012624	-0.024753	-123.766343
20:03:14.550	-0.012608	-0.024722	-123.611654
20:03:14.600	-0.011732	-0.023004	-115.020893
20:03:14.651	-0.012443	-0.024398	-121.991965
20:03:14.702	-0.011711	-0.022962	-114.812214
20:03:14.752	-0.011992	-0.023514	-117.567719
20:03:14.803	-0.011847	-0.023230	-116.148569
20:03:14.853	-0.012457	-0.024425	-122.124251
20:03:14.904	-0.012491	-0.024492	-122.458258
20:03:14.955	-0.012479	-0.024469	-122.344549
20:03:15.005	-0.012683	-0.024869	-124.347343
20:03:15.056	-0.012394	-0.024301	-121.505842
20:03:15.107	-0.012405	-0.024324	-121.620618
20:03:15.158	-0.012237	-0.023993	-119.967394
20:03:15.209	-0.011854	-0.023244	-116.219142
20:03:15.259	-0.012041	-0.023610	-118.048693
20:03:15.310	-0.012316	-0.024150	-120.747959
20:03:15.360	-0.012240	-0.024001	-120.004895
20:03:15.411	-0.012458	-0.024427	-122.133875
20:03:15.462	-0.012700	-0.024902	-124.511819
20:03:15.512	-0.012312	-0.024140	-120.701761
20:03:15.563	-0.012710	-0.024921	-124.603078
20:03:15.613	-0.012782	-0.025063	-125.313372
20:03:15.663	-0.012755	-0.025010	-125.049381
20:03:15.713	-0.012153	-0.023829	-119.146800
20:03:15.763	-0.012489	-0.024488	-122.437571
20:03:15.813	-0.012464	-0.024439	-122.194661
20:03:15.863	-0.012353	-0.024221	-121.106527
20:03:15.912	-0.011820	-0.023177	-115.886155
20:03:15.962	-0.012133	-0.023791	-118.953450
20:03:16.012	-0.011686	-0.022914	-114.571159
20:03:16.062	-0.011698	-0.022937	-114.682873
20:03:16.112	-0.011456	-0.022463	-112.314833
20:03:16.162	-0.011518	-0.022585	-112.926399
20:03:16.212	-0.012137	-0.023798	-118.989583
20:03:16.262	-0.011891	-0.023316	-116.578034
20:03:16.312	-0.011869	-0.023273	-116.363742
20:03:16.363	-0.011847	-0.023230	-116.150749
