16:16:54.437	-0.009060	-0.004194	-0.020971
16:16:54.488	-0.007825	-0.003623	-0.018113
16:16:54.539	-0.008795	-0.004072	-0.020359
16:16:54.589	-0.007865	-0.003641	-0.018205
16:16:54.640	-0.007474	-0.003460	-0.017301
16:16:54.691	-0.008941	-0.004139	-0.020696
16:16:54.742	-0.007989	-0.003698	-0.018492
16:16:54.792	-0.008587	-0.003976	-0.019878
16:16:54.843	-0.008654	-0.004006	-0.020032
16:16:54.894	-0.006805	-0.003151	-0.015753
16:16:54.945	-0.009213	-0.004265	-0.021327
16:16:54.996	-0.007115	-0.003294	-0.016471
16:16:55.046	-0.007881	-0.003649	-0.018243
16:16:55.097	-0.008476	-0.003924	-0.019620
16:16:55.148	-0.007213	-0.003339	-0.016697
16:16:55.199	-0.009115	-0.004220	-0.021099
16:16:55.249	-0.007838	-0.003629	-0.018144
16:16:55.300	-0.008312	-0.003848	-0.019240
16:16:55.351	-0.008746	-0.004049	-0.020245
16:16:55.402	-0.005847	-0.002707	-0.013536
16:16:55.453	-0.008331	-0.003857	-0.019284
16:16:55.503	-0.007092	-0.003283	-0.016417
16:16:55.554	-0.006447	-0.002985	-0.014923
16:16:55.605	-0.008419	-0.003898	-0.019488
16:16:55.656	-0.006555	-0.003035	-0.015173
16:16:55.707	-0.008361	-0.003871	-0.019355
16:16:55.757	-0.008403	-0.003890	-0.019452
16:16:55.808	-0.007370	-0.003412	-0.017060
16:16:55.859	-0.008962	-0.004149	-0.020746
16:16:55.910	-0.007338	-0.003397	-0.016987
16:16:55.960	-0.006867	-0.003179	-0.015896
16:16:56.011	-0.008433	-0.003904	-0.019521
16:16:56.062	-0.006329	-0.002930	-0.014651
16:16:56.113	-0.008251	-0.003820	-0.019100
16:16:56.163	-0.008887	-0.004114	-0.020571
16:16:56.214	-0.006910	-0.003199	-0.015995
16:16:56.265	-0.009427	-0.004364	-0.021821
16:16:56.316	-0.007437	-0.003443	-0.017214
16:16:56.367	-0.009115	-0.004220	-0.021099
16:16:56.417	-0.007667	-0.003550	-0.017748
16:16:56.468	-0.007902	-0.003658	-0.018292
16:16:56.519	-0.009624	-0.004456	-0.022279
16:16:56.570	-0.009676	-0.004480	-0.022399
16:16:56.620	-0.008693	-0.004024	-0.020122
16:16:56.671	-0.009990	-0.004625	-0.023125
16:16:56.722	-0.008203	-0.003798	-0.018989
16:16:56.773	-0.007706	-0.003568	-0.017838
16:16:56.823	-0.009119	-0.004222	-0.021108
16:16:56.874	-0.007334	-0.003395	-0.016976
16:16:56.925	-0.008774	-0.004062	-0.020309
16:16:56.976	-0.009268	-0.004291	-0.021454
16:16:57.027	-0.007341	-0.003399	-0.016993
16:16:57.077	-0.008892	-0.004116	-0.020582
16:16:57.128	-0.007073	-0.003275	-0.016373
16:16:57.179	-0.006942	-0.003214	-0.016071
16:16:57.230	-0.009848	-0.004559	-0.022796
16:16:57.280	-0.008247	-0.003818	-0.019090
16:16:57.331	-0.009734	-0.004507	-0.022533
16:16:57.382	-0.009358	-0.004332	-0.021662
16:16:57.433	-0.007717	-0.003573	-0.017864
16:16:57.483	-0.009461	-0.004380	-0.021900
16:16:57.534	-0.009328	-0.004319	-0.021593
16:16:57.585	-0.007774	-0.003599	-0.017995
16:16:57.636	-0.009479	-0.004388	-0.021941
16:16:57.686	-0.008240	-0.003815	-0.019075
16:16:57.737	-0.008899	-0.004120	-0.020599
16:16:57.788	-0.009285	-0.004298	-0.021492
16:16:57.839	-0.006841	-0.003167	-0.015835
16:16:57.889	-0.008310	-0.003847	-0.019235
16:16:57.940	-0.008888	-0.004115	-0.020574
16:16:57.991	-0.007053	-0.003265	-0.016327
16:16:58.042	-0.009104	-0.004215	-0.021074
16:16:58.092	-0.006546	-0.003031	-0.015153
16:16:58.143	-0.006501	-0.003010	-0.015050
16:16:58.194	-0.009045	-0.004188	-0.020938
16:16:58.245	-0.006723	-0.003112	-0.015562
16:16:58.295	-0.008218	-0.003804	-0.019022
16:16:58.346	-0.008352	-0.003867	-0.019334
16:16:58.397	-0.007559	-0.003500	-0.017499
16:16:58.448	-0.009218	-0.004267	-0.021337
16:16:58.498	-0.009340	-0.004324	-0.021620
16:16:58.549	-0.008253	-0.003821	-0.019105
16:16:58.600	-0.009239	-0.004277	-0.021387
16:16:58.651	-0.009478	-0.004388	-0.021940
16:16:58.701	-0.008599	-0.003981	-0.019904
16:16:58.752	-0.010197	-0.004721	-0.023604
16:16:58.803	-0.009032	-0.004181	-0.020906
16:16:58.854	-0.007925	-0.003669	-0.018344
16:16:58.904	-0.009393	-0.004349	-0.021743
16:16:58.955	-0.007838	-0.003629	-0.018143
16:16:59.006	-0.009787	-0.004531	-0.022655
16:16:59.057	-0.009645	-0.004465	-0.022327
16:16:59.107	-0.006143	-0.002844	-0.014219
16:16:59.158	-0.008174	-0.003784	-0.018922
16:16:59.209	-0.008247	-0.003818	-0.019089
16:16:59.260	-0.006534	-0.003025	-0.015126
16:16:59.311	-0.009336	-0.004322	-0.021610
16:16:59.362	-0.007278	-0.003370	-0.016848
16:16:59.412	-0.007953	-0.003682	-0.018411
16:16:59.463	-0.007863	-0.003640	-0.018202
16:16:59.514	-0.006947	-0.003216	-0.016082
16:16:59.565	-0.008106	-0.003753	-0.018763
16:16:59.616	-0.007963	-0.003687	-0.018434
16:16:59.667	-0.006948	-0.003217	-0.016084
16:16:59.718	-0.009153	-0.004237	-0.021187
16:16:59.769	-0.006961	-0.003223	-0.016114
16:16:59.820	-0.008479	-0.003926	-0.019628
16:16:59.871	-0.007388	-0.003421	-0.017103
16:16:59.922	-0.007838	-0.003629	-0.018144
16:16:59.974	-0.008820	-0.004084	-0.020418
16:17:00.025	-0.007856	-0.003637	-0.018184
16:17:00.076	-0.009001	-0.004167	-0.020836
16:17:00.127	-0.007956	-0.003683	-0.018416
16:17:00.178	-0.008512	-0.003941	-0.019704
16:17:00.229	-0.008690	-0.004023	-0.020115
16:17:00.280	-0.006593	-0.003052	-0.015262
16:17:00.331	-0.009154	-0.004238	-0.021189
16:17:00.382	-0.006793	-0.003145	-0.015724
16:17:00.433	-0.008602	-0.003982	-0.019911
16:17:00.485	-0.008405	-0.003891	-0.019457
16:17:00.536	-0.007579	-0.003509	-0.017544
16:17:00.587	-0.009318	-0.004314	-0.021569
16:17:00.638	-0.008052	-0.003728	-0.018638
16:17:00.689	-0.008538	-0.003953	-0.019763
16:17:00.740	-0.008736	-0.004044	-0.020222
16:17:00.791	-0.006558	-0.003036	-0.015181
16:17:00.842	-0.009543	-0.004418	-0.022089
16:17:00.893	-0.006315	-0.002923	-0.014617
16:17:00.944	-0.009236	-0.004276	-0.021379
16:17:00.995	-0.008881	-0.004112	-0.020558
16:17:01.046	-0.007616	-0.003526	-0.017630
16:17:01.097	-0.009667	-0.004475	-0.022377
16:17:01.148	-0.008425	-0.003900	-0.019502
16:17:01.199	-0.008483	-0.003927	-0.019636
16:17:01.250	-0.008855	-0.004100	-0.020499
16:17:01.301	-0.007276	-0.003369	-0.016844
16:17:01.352	-0.008992	-0.004163	-0.020816
16:17:01.403	-0.007354	-0.003405	-0.017024
16:17:01.454	-0.008630	-0.003995	-0.019977
16:17:01.505	-0.009065	-0.004197	-0.020983
16:17:01.556	-0.008167	-0.003781	-0.018906
16:17:01.607	-0.009635	-0.004461	-0.022304
16:17:01.658	-0.008835	-0.004090	-0.020451
16:17:01.709	-0.009022	-0.004177	-0.020884
16:17:01.760	-0.009077	-0.004202	-0.021011
16:17:01.811	-0.007331	-0.003394	-0.016971
16:17:01.862	-0.010011	-0.004635	-0.023175
16:17:01.913	-0.007568	-0.003504	-0.017518
16:17:01.964	-0.009110	-0.004218	-0.021088
16:17:02.018	-0.009198	-0.004258	-0.021291
16:17:02.068	-0.007494	-0.003469	-0.017347
16:17:02.119	-0.006994	-0.003238	-0.016190
16:17:02.170	-0.008630	-0.003995	-0.019977
16:17:02.221	-0.007694	-0.003562	-0.017810
16:17:02.272	-0.007596	-0.003517	-0.017583
16:17:02.323	-0.009380	-0.004343	-0.021713
16:17:02.374	-0.006640	-0.003074	-0.015371
16:17:02.426	-0.009212	-0.004265	-0.021324
16:17:02.477	-0.007844	-0.003632	-0.018158
16:17:02.527	-0.009515	-0.004405	-0.022025
16:17:02.579	-0.009139	-0.004231	-0.021156
16:17:02.630	-0.006751	-0.003125	-0.015627
16:17:02.681	-0.008800	-0.004074	-0.020371
16:17:02.732	-0.007143	-0.003307	-0.016534
16:17:02.783	-0.007097	-0.003286	-0.016428
16:17:02.834	-0.007200	-0.003334	-0.016668
16:17:02.885	-0.008885	-0.004113	-0.020567
16:17:02.936	-0.006810	-0.003153	-0.015764
16:17:02.987	-0.008138	-0.003768	-0.018838
16:17:03.038	-0.006969	-0.003226	-0.016132
16:17:03.089	-0.008449	-0.003912	-0.019558
16:17:03.140	-0.006841	-0.003167	-0.015836
16:17:03.191	-0.006809	-0.003152	-0.015761
16:17:03.242	-0.007444	-0.003446	-0.017231
16:17:03.293	-0.009455	-0.004377	-0.021887
16:17:03.344	-0.006697	-0.003100	-0.015502
16:17:03.395	-0.009087	-0.004207	-0.021036
16:17:03.446	-0.007494	-0.003469	-0.017346
16:17:03.497	-0.010212	-0.004728	-0.023639
16:17:03.548	-0.007409	-0.003430	-0.017151
16:17:03.599	-0.009205	-0.004262	-0.021308
16:17:03.650	-0.007910	-0.003662	-0.018309
16:17:03.701	-0.009479	-0.004388	-0.021941
16:17:03.752	-0.010488	-0.004855	-0.024277
16:17:03.803	-0.009299	-0.004305	-0.021525
16:17:03.855	-0.010681	-0.004945	-0.024724
16:17:03.906	-0.008223	-0.003807	-0.019035
16:17:03.957	-0.009437	-0.004369	-0.021845
16:17:04.008	-0.008909	-0.004124	-0.020622
16:17:04.059	-0.007071	-0.003273	-0.016367
16:17:04.110	-0.008952	-0.004144	-0.020722
16:17:04.161	-0.007171	-0.003320	-0.016601
16:17:04.212	-0.008565	-0.003965	-0.019825
16:17:04.263	-0.008918	-0.004129	-0.020644
16:17:04.314	-0.007225	-0.003345	-0.016725
16:17:04.365	-0.009446	-0.004373	-0.021865
16:17:04.416	-0.007164	-0.003317	-0.016584
16:17:04.467	-0.008461	-0.003917	-0.019586
16:17:04.518	-0.008276	-0.003832	-0.019158
16:17:04.569	-0.007481	-0.003464	-0.017318
16:17:04.620	-0.009882	-0.004575	-0.022876
16:17:04.671	-0.007900	-0.003658	-0.018288
16:17:04.722	-0.008661	-0.004010	-0.020050
16:17:04.772	-0.008713	-0.004034	-0.020168
16:17:04.823	-0.007498	-0.003471	-0.017356
16:17:04.874	-0.008181	-0.003788	-0.018938
16:17:04.925	-0.008400	-0.003889	-0.019445
16:17:04.976	-0.007486	-0.003466	-0.017329
16:17:05.026	-0.009428	-0.004365	-0.021824
16:17:05.077	-0.008113	-0.003756	-0.018781
16:17:05.128	-0.007116	-0.003295	-0.016473
16:17:05.179	-0.009326	-0.004318	-0.021588
16:17:05.229	-0.008876	-0.004109	-0.020546
16:17:05.280	-0.008448	-0.003911	-0.019556
16:17:05.331	-0.009369	-0.004337	-0.021687
16:17:05.382	-0.007802	-0.003612	-0.018061
16:17:05.433	-0.008741	-0.004047	-0.020235
16:17:05.483	-0.009258	-0.004286	-0.021430
16:17:05.534	-0.006870	-0.003181	-0.015903
16:17:05.585	-0.008911	-0.004125	-0.020627
16:17:05.636	-0.009051	-0.004190	-0.020952
16:17:05.686	-0.006086	-0.002817	-0.014087
16:17:05.737	-0.008454	-0.003914	-0.019569
16:17:05.788	-0.008693	-0.004025	-0.020123
16:17:05.839	-0.006160	-0.002852	-0.014260
16:17:05.889	-0.007993	-0.003700	-0.018502
16:17:05.940	-0.008337	-0.003860	-0.019299
16:17:05.991	-0.005913	-0.002738	-0.013688
16:17:06.042	-0.007837	-0.003628	-0.018142
16:17:06.093	-0.007479	-0.003462	-0.017312
16:17:06.144	-0.005817	-0.002693	-0.013466
16:17:06.195	-0.008299	-0.003842	-0.019210
16:17:06.246	-0.006735	-0.003118	-0.015589
16:17:06.296	-0.007327	-0.003392	-0.016959
16:17:06.347	-0.008711	-0.004033	-0.020164
16:17:06.398	-0.006857	-0.003175	-0.015873
16:17:06.449	-0.007424	-0.003437	-0.017184
16:17:06.499	-0.008292	-0.003839	-0.019195
16:17:06.550	-0.007081	-0.003278	-0.016391
16:17:06.601	-0.007413	-0.003432	-0.017160
16:17:06.651	-0.007943	-0.003677	-0.018387
16:17:06.702	-0.007067	-0.003272	-0.016358
16:17:06.753	-0.007485	-0.003465	-0.017327
16:17:06.804	-0.008806	-0.004077	-0.020385
16:17:06.854	-0.007210	-0.003338	-0.016689
16:17:06.905	-0.007492	-0.003468	-0.017342
16:17:06.956	-0.008626	-0.003993	-0.019967
16:17:07.006	-0.007140	-0.003305	-0.016527
16:17:07.057	-0.007617	-0.003526	-0.017632
16:17:07.108	-0.007877	-0.003647	-0.018235
16:17:07.159	-0.007302	-0.003380	-0.016902
16:17:07.209	-0.007741	-0.003584	-0.017919
16:17:07.260	-0.008139	-0.003768	-0.018840
16:17:07.311	-0.007241	-0.003352	-0.016761
16:17:07.362	-0.007849	-0.003634	-0.018168
16:17:07.412	-0.008455	-0.003914	-0.019572
16:17:07.463	-0.006502	-0.003010	-0.015050
16:17:07.514	-0.006190	-0.002866	-0.014328
16:17:07.565	-0.008494	-0.003933	-0.019663
16:17:07.615	-0.006302	-0.002918	-0.014588
16:17:07.666	-0.007164	-0.003317	-0.016583
16:17:07.717	-0.008726	-0.004040	-0.020198
16:17:07.768	-0.006561	-0.003038	-0.015188
16:17:07.818	-0.003703	-0.001714	-0.008572
16:17:07.869	-0.004767	-0.002207	-0.011035
16:17:07.920	-0.000527	-0.000244	-0.001219
16:17:07.970	0.000674	0.000312	0.001561
16:17:08.021	-0.001046	-0.000484	-0.002422
16:17:08.072	0.001606	0.000744	0.003719
16:17:08.122	0.003287	0.001522	0.007609
16:17:08.173	0.002256	0.001044	0.005222
16:17:08.224	0.003907	0.001809	0.009044
16:17:08.275	0.005907	0.002735	0.013673
16:17:08.325	0.004270	0.001977	0.009884
16:17:08.376	0.004854	0.002247	0.011236
16:17:08.427	0.005592	0.002589	0.012944
16:17:08.478	0.004072	0.001885	0.009427
16:17:08.529	0.005711	0.002644	0.013221
16:17:08.579	0.006034	0.002793	0.013967
16:17:08.630	0.004090	0.001894	0.009468
16:17:08.681	0.006676	0.003091	0.015453
16:17:08.732	0.007011	0.003246	0.016228
16:17:08.783	0.003896	0.001803	0.009017
16:17:08.834	0.005797	0.002684	0.013419
16:17:08.885	0.004830	0.002236	0.011180
16:17:08.936	0.004882	0.002260	0.011301
16:17:08.986	0.006347	0.002938	0.014692
16:17:09.037	0.004916	0.002276	0.011380
16:17:09.088	0.005223	0.002418	0.012089
16:17:09.139	0.006434	0.002979	0.014893
16:17:09.190	0.004919	0.002277	0.011386
16:17:09.240	0.005986	0.002771	0.013857
16:17:09.291	0.006154	0.002849	0.014244
16:17:09.342	0.004156	0.001924	0.009620
16:17:09.393	0.003704	0.001715	0.008574
16:17:09.443	0.005178	0.002397	0.011985
16:17:09.494	0.004774	0.002210	0.011052
16:17:09.545	0.004542	0.002103	0.010515
16:17:09.596	0.005674	0.002627	0.013135
16:17:09.647	0.003487	0.001615	0.008073
16:17:09.698	0.003529	0.001634	0.008170
16:17:09.749	0.004399	0.002037	0.010183
16:17:09.800	0.003660	0.001694	0.008472
16:17:09.851	0.003118	0.001443	0.007217
16:17:09.901	0.004968	0.002300	0.011500
16:17:09.952	0.002612	0.001209	0.006046
16:17:10.003	0.002609	0.001208	0.006040
16:17:10.054	0.004686	0.002170	0.010848
16:17:10.104	0.002924	0.001354	0.006770
16:17:10.155	0.002905	0.001345	0.006724
16:17:10.206	0.004556	0.002109	0.010547
16:17:10.257	0.002814	0.001303	0.006514
16:17:10.307	0.004789	0.002217	0.011085
16:17:10.358	0.005064	0.002345	0.011723
16:17:10.409	0.004205	0.001947	0.009735
16:17:10.460	0.004774	0.002210	0.011051
16:17:10.510	0.005895	0.002729	0.013646
16:17:10.561	0.004129	0.001911	0.009557
16:17:10.612	0.004407	0.002040	0.010202
16:17:10.663	0.005108	0.002365	0.011825
16:17:10.713	0.004697	0.002175	0.010873
16:17:10.764	0.004691	0.002172	0.010858
16:17:10.815	0.005717	0.002647	0.013235
16:17:10.866	0.005559	0.002574	0.012868
16:17:10.916	0.003438	0.001592	0.007958
16:17:10.967	0.005856	0.002711	0.013556
16:17:11.018	0.005843	0.002705	0.013525
16:17:11.068	0.003554	0.001645	0.008226
16:17:11.119	0.005548	0.002568	0.012842
16:17:11.170	0.005910	0.002736	0.013681
16:17:11.220	0.004924	0.002280	0.011399
16:17:11.271	0.005466	0.002530	0.012652
16:17:11.321	0.008475	0.003924	0.019618
16:17:11.372	0.007130	0.003301	0.016506
16:17:11.423	0.006089	0.002819	0.014095
16:17:11.473	0.008464	0.003919	0.019593
16:17:11.524	0.006971	0.003228	0.016138
16:17:11.575	0.006141	0.002843	0.014215
16:17:11.625	0.008606	0.003984	0.019921
16:17:11.676	0.006555	0.003035	0.015173
16:17:11.727	0.006800	0.003148	0.015740
16:17:11.777	0.008113	0.003756	0.018781
16:17:11.828	0.009111	0.004218	0.021091
16:17:11.878	0.008838	0.004091	0.020457
16:17:11.929	0.015062	0.006973	0.034867
16:17:11.979	0.053957	0.024980	0.124901
16:17:12.030	0.086792	0.040181	0.200907
16:17:12.081	0.108242	0.050112	0.250561
16:17:12.135	0.123063	0.056973	0.284867
16:17:12.186	0.133914	0.061997	0.309987
16:17:12.236	0.138412	0.064080	0.320398
16:17:12.287	0.144063	0.066696	0.333479
16:17:12.338	0.145651	0.067431	0.337156
16:17:12.388	0.146086	0.067632	0.338162
16:17:12.439	0.144929	0.067097	0.335484
16:17:12.490	0.147087	0.068096	0.340478
16:17:12.540	0.146597	0.067869	0.339345
16:17:12.591	0.144954	0.067108	0.335541
16:17:12.641	0.143797	0.066573	0.332863
16:17:12.692	0.145849	0.067523	0.337613
16:17:12.743	0.143696	0.066526	0.332631
16:17:12.793	0.143430	0.066403	0.332014
16:17:12.844	0.143662	0.066510	0.332551
16:17:12.895	0.143207	0.066300	0.331498
16:17:12.945	0.143068	0.066235	0.331176
16:17:12.996	0.144418	0.066860	0.334302
16:17:13.047	0.143888	0.066615	0.333073
16:17:13.098	0.141875	0.065683	0.328414
16:17:13.149	0.141705	0.065604	0.328022
16:17:13.200	0.138403	0.064075	0.320377
16:17:13.251	0.131679	0.060963	0.304813
16:17:13.302	0.126306	0.058475	0.292374
16:17:13.353	0.118131	0.054690	0.273451
16:17:13.404	0.114387	0.052957	0.264784
16:17:13.455	0.108920	0.050426	0.252130
16:17:13.506	0.103569	0.047948	0.239742
16:17:13.556	0.103355	0.047850	0.239248
16:17:13.607	0.101094	0.046803	0.234013
16:17:13.658	0.095783	0.044344	0.221719
16:17:13.709	0.092707	0.042920	0.214600
16:17:13.760	0.085552	0.039607	0.198036
16:17:13.811	0.077717	0.035980	0.179900
16:17:13.861	0.075038	0.034740	0.173698
16:17:13.912	0.070907	0.032827	0.164137
16:17:13.963	0.065956	0.030535	0.152676
16:17:14.013	0.064363	0.029798	0.148989
16:17:14.064	0.064787	0.029994	0.149969
16:17:14.115	0.061945	0.028678	0.143392
16:17:14.165	0.060499	0.028009	0.140044
16:17:14.216	0.061231	0.028348	0.141738
16:17:14.268	0.058185	0.026937	0.134686
16:17:14.319	0.059735	0.027655	0.138277
16:17:14.370	0.059275	0.027442	0.137210
16:17:14.421	0.059166	0.027392	0.136959
16:17:14.472	0.058063	0.026881	0.134404
16:17:14.522	0.055639	0.025759	0.128794
16:17:14.573	0.054336	0.025155	0.125777
16:17:14.624	0.055323	0.025613	0.128064
16:17:14.674	0.054606	0.025280	0.126402
16:17:14.725	0.052013	0.024080	0.120400
16:17:14.776	0.052967	0.024522	0.122610
16:17:14.826	0.052462	0.024288	0.121440
16:17:14.877	0.050512	0.023385	0.116926
16:17:14.928	0.049391	0.022866	0.114330
16:17:14.978	0.051888	0.024022	0.120111
16:17:15.029	0.049470	0.022903	0.114513
16:17:15.079	0.048508	0.022457	0.112287
16:17:15.130	0.048601	0.022500	0.112501
16:17:15.181	0.047285	0.021891	0.109456
16:17:15.231	0.044149	0.020439	0.102197
16:17:15.282	0.043304	0.020048	0.100242
16:17:15.333	0.042503	0.019677	0.098387
16:17:15.383	0.038963	0.018038	0.090191
16:17:15.434	0.038479	0.017814	0.089071
16:17:15.485	0.037364	0.017298	0.086492
16:17:15.535	0.035891	0.016616	0.083081
16:17:15.586	0.034010	0.015745	0.078726
16:17:15.637	0.034575	0.016007	0.080036
16:17:15.687	0.030869	0.014291	0.071457
16:17:15.738	0.029579	0.013694	0.068470
16:17:15.789	0.028942	0.013399	0.066994
16:17:15.839	0.025919	0.011999	0.059997
16:17:15.890	0.025401	0.011760	0.058798
16:17:15.941	0.023356	0.010813	0.054065
16:17:15.991	0.021574	0.009988	0.049939
16:17:16.042	0.017964	0.008317	0.041584
16:17:16.093	0.018645	0.008632	0.043161
16:17:16.143	0.016844	0.007798	0.038991
16:17:16.194	0.012972	0.006006	0.030029
16:17:16.245	0.013614	0.006303	0.031513
16:17:16.295	0.013351	0.006181	0.030905
16:17:16.346	0.011515	0.005331	0.026655
16:17:16.397	0.010701	0.004954	0.024771
16:17:16.448	0.013041	0.006038	0.030189
16:17:16.498	0.010847	0.005022	0.025110
16:17:16.549	0.009452	0.004376	0.021880
16:17:16.599	0.008847	0.004096	0.020478
16:17:16.650	0.007539	0.003490	0.017451
16:17:16.701	0.005184	0.002400	0.011999
16:17:16.751	0.005112	0.002367	0.011834
16:17:16.802	0.004758	0.002203	0.011015
16:17:16.853	0.002236	0.001035	0.005177
16:17:16.903	0.002417	0.001119	0.005596
16:17:16.954	0.003126	0.001447	0.007236
16:17:17.005	0.003212	0.001487	0.007436
16:17:17.056	0.003549	0.001643	0.008216
16:17:17.107	0.005243	0.002427	0.012137
16:17:17.157	0.004679	0.002166	0.010832
16:17:17.208	0.004161	0.001926	0.009631
16:17:17.259	0.004805	0.002225	0.011124
16:17:17.310	0.003890	0.001801	0.009005
16:17:17.361	0.003977	0.001841	0.009205
16:17:17.411	0.004625	0.002141	0.010705
16:17:17.462	0.003492	0.001617	0.008084
16:17:17.513	0.003523	0.001631	0.008154
16:17:17.564	0.003862	0.001788	0.008939
16:17:17.615	0.002344	0.001085	0.005426
16:17:17.665	0.003696	0.001711	0.008555
16:17:17.716	0.004374	0.002025	0.010125
16:17:17.767	0.002051	0.000950	0.004748
16:17:17.819	0.005121	0.002371	0.011853
16:17:17.870	0.002071	0.000959	0.004794
16:17:17.922	0.004890	0.002264	0.011318
16:17:17.973	0.002922	0.001353	0.006764
16:17:18.024	0.003199	0.001481	0.007404
16:17:18.075	0.004422	0.002047	0.010237
16:17:18.126	0.002442	0.001131	0.005654
16:17:18.178	0.005302	0.002454	0.012272
16:17:18.229	0.003079	0.001426	0.007128
16:17:18.280	0.004035	0.001868	0.009341
16:17:18.331	0.002790	0.001292	0.006459
16:17:18.382	0.003027	0.001401	0.007007
16:17:18.434	0.003600	0.001666	0.008332
16:17:18.485	0.001640	0.000759	0.003796
16:17:18.536	0.002585	0.001197	0.005984
16:17:18.586	0.002816	0.001304	0.006518
16:17:18.637	0.002284	0.001057	0.005287
16:17:18.687	0.001556	0.000721	0.003603
16:17:18.738	0.003761	0.001741	0.008707
16:17:18.788	0.002509	0.001162	0.005809
16:17:18.839	0.001775	0.000822	0.004109
16:17:18.889	0.003691	0.001709	0.008544
16:17:18.940	0.003372	0.001561	0.007805
16:17:18.990	0.001932	0.000894	0.004472
16:17:19.041	0.001362	0.000631	0.003153
16:17:19.092	0.003466	0.001605	0.008024
16:17:19.142	0.002406	0.001114	0.005569
16:17:19.193	0.001756	0.000813	0.004065
16:17:19.243	0.003129	0.001449	0.007244
16:17:19.294	0.003021	0.001398	0.006992
16:17:19.344	0.001869	0.000865	0.004327
16:17:19.395	0.001660	0.000769	0.003843
16:17:19.446	0.003731	0.001727	0.008637
16:17:19.496	0.002493	0.001154	0.005771
16:17:19.547	0.001666	0.000771	0.003855
16:17:19.597	0.003740	0.001732	0.008658
16:17:19.648	0.004121	0.001908	0.009539
16:17:19.698	0.002174	0.001007	0.005033
16:17:19.749	0.001732	0.000802	0.004009
16:17:19.799	0.002351	0.001089	0.005443
16:17:19.850	0.003713	0.001719	0.008595
16:17:19.900	0.001127	0.000522	0.002608
16:17:19.951	0.001493	0.000691	0.003456
16:17:20.001	0.003237	0.001499	0.007493
16:17:20.052	0.001270	0.000588	0.002939
16:17:20.103	0.003766	0.001744	0.008718
16:17:20.153	0.003104	0.001437	0.007184
16:17:20.204	0.003552	0.001645	0.008223
16:17:20.254	0.001042	0.000483	0.002413
16:17:20.305	0.000780	0.000361	0.001807
16:17:20.355	0.002865	0.001327	0.006633
16:17:20.406	0.000959	0.000444	0.002220
16:17:20.457	0.000433	0.000200	0.001001
16:17:20.507	0.001633	0.000756	0.003780
16:17:20.558	0.001803	0.000835	0.004174
16:17:20.608	-0.000140	-0.000065	-0.000325
16:17:20.659	0.001403	0.000650	0.003248
16:17:20.709	0.000923	0.000427	0.002136
16:17:20.760	-0.000643	-0.000297	-0.001487
16:17:20.810	-0.000798	-0.000369	-0.001847
16:17:20.861	0.001032	0.000478	0.002390
16:17:20.912	0.000164	0.000076	0.000379
16:17:20.962	-0.000705	-0.000326	-0.001632
16:17:21.013	0.000714	0.000330	0.001652
16:17:21.063	0.003472	0.001607	0.008037
16:17:21.114	0.001717	0.000795	0.003976
16:17:21.164	0.001616	0.000748	0.003740
16:17:21.215	0.002251	0.001042	0.005210
16:17:21.266	0.003292	0.001524	0.007621
16:17:21.316	0.001233	0.000571	0.002854
16:17:21.367	0.001835	0.000850	0.004248
16:17:21.417	0.003247	0.001503	0.007516
16:17:21.468	0.001828	0.000846	0.004232
16:17:21.518	0.001806	0.000836	0.004180
16:17:21.569	0.003596	0.001665	0.008325
16:17:21.619	0.003589	0.001662	0.008308
16:17:21.670	0.001546	0.000716	0.003579
16:17:21.720	0.001487	0.000689	0.003443
16:17:21.771	0.003869	0.001791	0.008957
16:17:21.822	0.002084	0.000965	0.004823
16:17:21.872	0.001391	0.000644	0.003220
16:17:21.923	0.003600	0.001667	0.008334
16:17:21.973	0.003719	0.001722	0.008608
16:17:22.024	0.003079	0.001426	0.007128
16:17:22.074	0.002702	0.001251	0.006255
16:17:22.125	0.004925	0.002280	0.011400
16:17:22.175	0.003137	0.001452	0.007262
16:17:22.230	0.002419	0.001120	0.005600
16:17:22.281	0.001715	0.000794	0.003970
16:17:22.332	0.003321	0.001537	0.007687
16:17:22.383	0.001878	0.000870	0.004348
16:17:22.434	0.001644	0.000761	0.003805
16:17:22.486	0.001475	0.000683	0.003415
16:17:22.537	0.001495	0.000692	0.003460
16:17:22.588	0.001783	0.000826	0.004128
16:17:22.640	0.001259	0.000583	0.002915
16:17:22.691	0.001706	0.000790	0.003949
16:17:22.742	-0.000285	-0.000132	-0.000660
16:17:22.794	0.001493	0.000691	0.003456
16:17:22.845	0.000269	0.000125	0.000623
16:17:22.896	-0.001202	-0.000556	-0.002782
16:17:22.946	0.000763	0.000353	0.001766
16:17:22.997	-0.000966	-0.000447	-0.002236
16:17:23.047	-0.000944	-0.000437	-0.002185
16:17:23.098	0.000340	0.000158	0.000788
16:17:23.148	0.000504	0.000233	0.001166
16:17:23.199	-0.000054	-0.000025	-0.000126
16:17:23.249	-0.000993	-0.000460	-0.002299
16:17:23.300	0.001132	0.000524	0.002621
16:17:23.350	0.000037	0.000017	0.000086
16:17:23.401	0.001619	0.000750	0.003749
16:17:23.451	0.001927	0.000892	0.004460
16:17:23.502	0.003216	0.001489	0.007443
16:17:23.553	0.000563	0.000261	0.001304
16:17:23.603	0.001809	0.000838	0.004188
16:17:23.654	0.003895	0.001803	0.009017
16:17:23.704	0.001750	0.000810	0.004052
16:17:23.755	-0.000430	-0.000199	-0.000996
16:17:23.805	-0.001666	-0.000771	-0.003856
16:17:23.856	-0.005857	-0.002712	-0.013559
16:17:23.907	-0.007950	-0.003681	-0.018403
16:17:23.957	-0.007906	-0.003660	-0.018300
16:17:24.008	-0.007307	-0.003383	-0.016914
16:17:24.058	-0.010402	-0.004816	-0.024080
16:17:24.109	-0.009394	-0.004349	-0.021745
16:17:24.159	-0.009055	-0.004192	-0.020961
16:17:24.210	-0.009867	-0.004568	-0.022840
16:17:24.260	-0.010323	-0.004779	-0.023896
16:17:24.311	-0.008899	-0.004120	-0.020598
16:17:24.362	-0.010625	-0.004919	-0.024594
16:17:24.412	-0.011012	-0.005098	-0.025490
16:17:24.463	-0.008814	-0.004080	-0.020402
16:17:24.513	-0.008851	-0.004098	-0.020489
16:17:24.564	-0.010575	-0.004896	-0.024480
16:17:24.614	-0.010742	-0.004973	-0.024866
16:17:24.665	-0.008490	-0.003930	-0.019652
16:17:24.716	-0.010163	-0.004705	-0.023526
16:17:24.766	-0.010812	-0.005006	-0.025029
16:17:24.817	-0.010084	-0.004669	-0.023343
16:17:24.867	-0.008983	-0.004159	-0.020794
16:17:24.918	-0.011859	-0.005490	-0.027451
16:17:24.968	-0.011225	-0.005197	-0.025983
16:17:25.019	-0.010353	-0.004793	-0.023965
16:17:25.069	-0.011744	-0.005437	-0.027184
16:17:25.120	-0.011012	-0.005098	-0.025490
16:17:25.171	-0.009644	-0.004465	-0.022323
16:17:25.221	-0.010503	-0.004863	-0.024313
16:17:25.272	-0.011863	-0.005492	-0.027461
16:17:25.322	-0.010425	-0.004826	-0.024132
16:17:25.373	-0.009800	-0.004537	-0.022686
16:17:25.423	-0.010487	-0.004855	-0.024276
16:17:25.474	-0.011481	-0.005315	-0.026576
16:17:25.525	-0.008883	-0.004113	-0.020564
16:17:25.575	-0.010299	-0.004768	-0.023841
16:17:25.626	-0.010995	-0.005090	-0.025450
16:17:25.676	-0.009351	-0.004329	-0.021645
16:17:25.727	-0.008867	-0.004105	-0.020526
16:17:25.777	-0.009392	-0.004348	-0.021740
16:17:25.828	-0.009851	-0.004561	-0.022803
16:17:25.878	-0.007605	-0.003521	-0.017605
16:17:25.929	-0.009227	-0.004272	-0.021360
16:17:25.980	-0.008124	-0.003761	-0.018806
16:17:26.030	-0.007735	-0.003581	-0.017906
16:17:26.081	-0.009832	-0.004552	-0.022760
16:17:26.131	-0.008962	-0.004149	-0.020744
16:17:26.182	-0.007493	-0.003469	-0.017344
16:17:26.232	-0.009608	-0.004448	-0.022240
16:17:26.283	-0.008957	-0.004147	-0.020733
16:17:26.333	-0.008256	-0.003822	-0.019111
16:17:26.384	-0.010671	-0.004940	-0.024701
16:17:26.435	-0.010440	-0.004833	-0.024166
16:17:26.485	-0.008551	-0.003959	-0.019795
16:17:26.536	-0.010591	-0.004903	-0.024516
16:17:26.586	-0.010123	-0.004687	-0.023433
16:17:26.637	-0.007991	-0.003700	-0.018498
16:17:26.687	-0.010369	-0.004800	-0.024001
16:17:26.738	-0.009079	-0.004203	-0.021016
16:17:26.788	-0.008006	-0.003707	-0.018533
16:17:26.839	-0.010234	-0.004738	-0.023689
16:17:26.890	-0.009698	-0.004490	-0.022449
16:17:26.940	-0.008530	-0.003949	-0.019746
16:17:26.991	-0.007754	-0.003590	-0.017950
16:17:27.041	-0.010334	-0.004784	-0.023921
16:17:27.092	-0.008699	-0.004027	-0.020137
16:17:27.142	-0.008475	-0.003923	-0.019617
16:17:27.193	-0.009815	-0.004544	-0.022719
16:17:27.247	-0.009427	-0.004365	-0.021823
16:17:27.298	-0.010368	-0.004800	-0.023999
16:17:27.349	-0.008757	-0.004054	-0.020271
16:17:27.400	-0.010547	-0.004883	-0.024415
16:17:27.451	-0.008368	-0.003874	-0.019370
16:17:27.502	-0.010226	-0.004734	-0.023671
16:17:27.554	-0.009419	-0.004361	-0.021803
16:17:27.605	-0.010378	-0.004805	-0.024024
16:17:27.656	-0.010346	-0.004790	-0.023950
16:17:27.706	-0.009445	-0.004372	-0.021862
16:17:27.757	-0.008764	-0.004057	-0.020287
16:17:27.807	-0.010692	-0.004950	-0.024750
16:17:27.858	-0.010245	-0.004743	-0.023715
16:17:27.908	-0.008972	-0.004154	-0.020768
16:17:27.959	-0.010203	-0.004724	-0.023618
16:17:28.009	-0.010328	-0.004782	-0.023908
16:17:28.060	-0.008370	-0.003875	-0.019374
16:17:28.111	-0.009759	-0.004518	-0.022590
16:17:28.161	-0.009433	-0.004367	-0.021836
16:17:28.212	-0.008274	-0.003830	-0.019152
16:17:28.262	-0.007660	-0.003546	-0.017732
16:17:28.313	-0.010206	-0.004725	-0.023626
16:17:28.363	-0.009091	-0.004209	-0.021044
16:17:28.414	-0.008364	-0.003872	-0.019360
16:17:28.464	-0.009545	-0.004419	-0.022095
16:17:28.515	-0.010378	-0.004804	-0.024022
16:17:28.566	-0.008104	-0.003752	-0.018759
16:17:28.616	-0.009971	-0.004616	-0.023081
16:17:28.667	-0.010185	-0.004715	-0.023577
16:17:28.717	-0.009903	-0.004585	-0.022924
16:17:28.768	-0.009198	-0.004258	-0.021291
16:17:28.818	-0.010659	-0.004935	-0.024673
16:17:28.869	-0.010842	-0.005019	-0.025097
16:17:28.919	-0.008868	-0.004106	-0.020529
16:17:28.970	-0.010855	-0.005026	-0.025128
16:17:29.020	-0.008165	-0.003780	-0.018899
16:17:29.071	-0.009076	-0.004202	-0.021009
16:17:29.122	-0.008042	-0.003723	-0.018616
16:17:29.172	-0.010095	-0.004673	-0.023367
16:17:29.223	-0.009029	-0.004180	-0.020900
16:17:29.273	-0.007025	-0.003252	-0.016262
16:17:29.324	-0.009087	-0.004207	-0.021035
16:17:29.374	-0.009913	-0.004590	-0.022948
16:17:29.425	-0.008554	-0.003960	-0.019800
16:17:29.476	-0.008942	-0.004140	-0.020699
16:17:29.526	-0.010333	-0.004784	-0.023920
16:17:29.577	-0.008182	-0.003788	-0.018941
16:17:29.627	-0.008759	-0.004055	-0.020276
16:17:29.678	-0.009528	-0.004411	-0.022055
16:17:29.728	-0.010306	-0.004771	-0.023856
16:17:29.779	-0.007935	-0.003673	-0.018367
16:17:29.830	-0.009886	-0.004577	-0.022884
16:17:29.880	-0.010560	-0.004889	-0.024445
16:17:29.931	-0.008083	-0.003742	-0.018710
16:17:29.981	-0.008676	-0.004017	-0.020084
16:17:30.032	-0.009925	-0.004595	-0.022975
16:17:30.082	-0.010271	-0.004755	-0.023775
16:17:30.133	-0.008554	-0.003960	-0.019801
16:17:30.183	-0.010216	-0.004730	-0.023649
16:17:30.234	-0.010220	-0.004731	-0.023656
16:17:30.285	-0.009501	-0.004399	-0.021994
16:17:30.335	-0.008368	-0.003874	-0.019370
16:17:30.386	-0.010752	-0.004978	-0.024889
16:17:30.436	-0.009166	-0.004243	-0.021217
16:17:30.487	-0.009031	-0.004181	-0.020906
16:17:30.538	-0.009639	-0.004463	-0.022313
16:17:30.588	-0.010287	-0.004762	-0.023811
16:17:30.639	-0.008284	-0.003835	-0.019175
16:17:30.689	-0.009513	-0.004404	-0.022020
16:17:30.740	-0.009710	-0.004495	-0.022477
16:17:30.790	-0.009136	-0.004230	-0.021148
16:17:30.841	-0.008222	-0.003806	-0.019032
16:17:30.891	-0.010865	-0.005030	-0.025150
16:17:30.942	-0.009442	-0.004371	-0.021857
16:17:30.992	-0.008170	-0.003782	-0.018912
16:17:31.043	-0.008830	-0.004088	-0.020441
16:17:31.093	-0.009413	-0.004358	-0.021790
16:17:31.144	-0.007174	-0.003321	-0.016606
16:17:31.195	-0.009441	-0.004371	-0.021855
16:17:31.245	-0.010263	-0.004751	-0.023756
16:17:31.296	-0.009129	-0.004226	-0.021132
16:17:31.346	-0.008200	-0.003796	-0.018982
16:17:31.397	-0.009995	-0.004627	-0.023135
16:17:31.447	-0.008523	-0.003946	-0.019728
16:17:31.498	-0.008040	-0.003722	-0.018610
16:17:31.549	-0.009670	-0.004477	-0.022384
16:17:31.599	-0.008947	-0.004142	-0.020710
16:17:31.650	-0.008245	-0.003817	-0.019086
16:17:31.700	-0.008567	-0.003966	-0.019831
16:17:31.751	-0.009637	-0.004462	-0.022308
16:17:31.801	-0.006986	-0.003234	-0.016172
16:17:31.852	-0.009293	-0.004302	-0.021511
16:17:31.902	-0.008799	-0.004073	-0.020367
16:17:31.953	-0.007251	-0.003357	-0.016784
16:17:32.003	-0.009366	-0.004336	-0.021681
16:17:32.054	-0.008262	-0.003825	-0.019124
16:17:32.105	-0.007565	-0.003502	-0.017512
16:17:32.155	-0.008466	-0.003920	-0.019598
16:17:32.206	-0.010633	-0.004923	-0.024613
16:17:32.256	-0.007585	-0.003512	-0.017559
16:17:32.307	-0.007965	-0.003687	-0.018437
16:17:32.358	-0.010138	-0.004694	-0.023468
16:17:32.408	-0.009634	-0.004460	-0.022300
16:17:32.459	-0.007639	-0.003537	-0.017683
16:17:32.509	-0.010351	-0.004792	-0.023960
16:17:32.560	-0.010528	-0.004874	-0.024371
16:17:32.610	-0.010282	-0.004760	-0.023800
16:17:32.661	-0.008803	-0.004076	-0.020378
16:17:32.711	-0.011370	-0.005264	-0.026319
16:17:32.762	-0.009705	-0.004493	-0.022466
16:17:32.813	-0.009317	-0.004313	-0.021566
16:17:32.863	-0.010000	-0.004629	-0.023147
16:17:32.914	-0.010800	-0.005000	-0.025001
16:17:32.964	-0.008455	-0.003914	-0.019572
16:17:33.015	-0.010056	-0.004655	-0.023277
16:17:33.065	-0.009700	-0.004491	-0.022454
16:17:33.116	-0.009271	-0.004292	-0.021461
16:17:33.167	-0.008314	-0.003849	-0.019244
16:17:33.217	-0.011286	-0.005225	-0.026125
16:17:33.268	-0.010436	-0.004831	-0.024157
16:17:33.318	-0.008075	-0.003738	-0.018691
16:17:33.369	-0.010660	-0.004935	-0.024677
16:17:33.419	-0.011434	-0.005294	-0.026468
16:17:33.470	-0.010493	-0.004858	-0.024289
16:17:33.520	-0.009006	-0.004170	-0.020848
16:17:33.571	-0.011816	-0.005470	-0.027352
16:17:33.621	-0.010391	-0.004811	-0.024053
16:17:33.672	-0.009359	-0.004333	-0.021664
16:17:33.723	-0.010580	-0.004898	-0.024490
16:17:33.773	-0.009991	-0.004625	-0.023127
16:17:33.824	-0.007753	-0.003589	-0.017947
16:17:33.874	-0.009477	-0.004388	-0.021938
16:17:33.925	-0.011384	-0.005270	-0.026352
16:17:33.975	-0.008682	-0.004020	-0.020098
16:17:34.026	-0.009146	-0.004234	-0.021172
16:17:34.076	-0.010746	-0.004975	-0.024874
16:17:34.127	-0.010857	-0.005027	-0.025133
16:17:34.178	-0.008148	-0.003772	-0.018861
16:17:34.228	-0.009918	-0.004592	-0.022959
16:17:34.279	-0.010573	-0.004895	-0.024474
16:17:34.329	-0.009852	-0.004561	-0.022805
16:17:34.380	-0.007754	-0.003590	-0.017950
16:17:34.431	-0.010428	-0.004828	-0.024138
16:17:34.481	-0.009200	-0.004259	-0.021296
16:17:34.532	-0.009016	-0.004174	-0.020870
16:17:34.582	-0.008857	-0.004101	-0.020503
16:17:34.633	-0.009865	-0.004567	-0.022837
16:17:34.683	-0.008068	-0.003735	-0.018677
16:17:34.734	-0.010261	-0.004750	-0.023752
16:17:34.785	-0.010151	-0.004699	-0.023497
16:17:34.836	-0.008721	-0.004037	-0.020187
16:17:34.887	-0.009743	-0.004510	-0.022552
16:17:34.937	-0.009699	-0.004490	-0.022450
16:17:34.988	-0.007599	-0.003518	-0.017590
16:17:35.039	-0.009172	-0.004246	-0.021231
16:17:35.089	-0.007697	-0.003564	-0.017818
16:17:35.140	-0.007837	-0.003628	-0.018140
16:17:35.190	-0.009010	-0.004171	-0.020856
16:17:35.241	-0.010673	-0.004941	-0.024705
16:17:35.292	-0.007931	-0.003672	-0.018359
16:17:35.342	-0.008335	-0.003859	-0.019295
16:17:35.393	-0.010498	-0.004860	-0.024301
16:17:35.444	-0.009971	-0.004616	-0.023081
16:17:35.494	-0.008361	-0.003871	-0.019354
16:17:35.545	-0.009642	-0.004464	-0.022320
16:17:35.595	-0.010310	-0.004773	-0.023865
16:17:35.646	-0.008412	-0.003894	-0.019471
16:17:35.697	-0.009959	-0.004611	-0.023053
16:17:35.747	-0.010734	-0.004969	-0.024847
16:17:35.798	-0.009158	-0.004240	-0.021199
16:17:35.848	-0.008894	-0.004118	-0.020588
16:17:35.899	-0.010017	-0.004638	-0.023188
16:17:35.949	-0.009837	-0.004554	-0.022771
16:17:36.000	-0.008757	-0.004054	-0.020271
16:17:36.050	-0.009951	-0.004607	-0.023034
16:17:36.101	-0.010378	-0.004805	-0.024024
16:17:36.151	-0.007996	-0.003702	-0.018510
16:17:36.202	-0.009881	-0.004574	-0.022872
16:17:36.253	-0.008588	-0.003976	-0.019880
16:17:36.303	-0.009213	-0.004265	-0.021327
16:17:36.354	-0.009700	-0.004491	-0.022453
16:17:36.404	-0.010691	-0.004950	-0.024748
16:17:36.455	-0.008688	-0.004022	-0.020112
16:17:36.506	-0.008190	-0.003792	-0.018958
16:17:36.556	-0.010730	-0.004967	-0.024837
16:17:36.607	-0.008404	-0.003891	-0.019453
16:17:36.657	-0.009148	-0.004235	-0.021175
16:17:36.708	-0.010846	-0.005021	-0.025107
16:17:36.759	-0.010392	-0.004811	-0.024056
16:17:36.809	-0.008585	-0.003974	-0.019872
16:17:36.860	-0.010213	-0.004728	-0.023641
16:17:36.910	-0.010901	-0.005047	-0.025233
16:17:36.961	-0.009660	-0.004472	-0.022361
16:17:37.011	-0.010937	-0.005064	-0.025318
16:17:37.062	-0.011333	-0.005247	-0.026235
16:17:37.113	-0.010134	-0.004692	-0.023459
16:17:37.163	-0.008670	-0.004014	-0.020069
16:17:37.214	-0.011112	-0.005144	-0.025722
16:17:37.264	-0.009286	-0.004299	-0.021495
16:17:37.315	-0.009256	-0.004285	-0.021426
16:17:37.366	-0.011160	-0.005167	-0.025834
16:17:37.416	-0.009744	-0.004511	-0.022555
16:17:37.467	-0.009568	-0.004430	-0.022149
16:17:37.518	-0.010054	-0.004655	-0.023273
16:17:37.568	-0.011290	-0.005227	-0.026134
16:17:37.619	-0.009547	-0.004420	-0.022100
16:17:37.669	-0.011333	-0.005247	-0.026233
16:17:37.720	-0.010926	-0.005058	-0.025291
16:17:37.771	-0.009284	-0.004298	-0.021492
16:17:37.821	-0.010557	-0.004888	-0.024438
16:17:37.872	-0.010954	-0.005071	-0.025356
16:17:37.923	-0.009323	-0.004316	-0.021581
16:17:37.974	-0.009819	-0.004546	-0.022728
16:17:38.025	-0.009904	-0.004585	-0.022927
16:17:38.076	-0.009699	-0.004490	-0.022452
16:17:38.127	-0.011484	-0.005317	-0.026584
16:17:38.177	-0.010010	-0.004634	-0.023171
16:17:38.228	-0.009265	-0.004289	-0.021447
16:17:38.279	-0.010706	-0.004956	-0.024782
16:17:38.330	-0.010173	-0.004710	-0.023550
16:17:38.381	-0.009797	-0.004536	-0.022678
16:17:38.432	-0.010444	-0.004835	-0.024176
16:17:38.483	-0.008811	-0.004079	-0.020397
16:17:38.534	-0.010774	-0.004988	-0.024940
16:17:38.585	-0.008693	-0.004024	-0.020122
16:17:38.636	-0.008790	-0.004069	-0.020347
16:17:38.686	-0.008962	-0.004149	-0.020745
16:17:38.737	-0.007720	-0.003574	-0.017869
16:17:38.788	-0.009969	-0.004615	-0.023076
16:17:38.839	-0.009793	-0.004534	-0.022669
16:17:38.890	-0.007662	-0.003547	-0.017737
16:17:38.940	-0.008867	-0.004105	-0.020526
16:17:38.991	-0.009262	-0.004288	-0.021441
16:17:39.042	-0.008399	-0.003888	-0.019441
16:17:39.093	-0.010207	-0.004725	-0.023626
16:17:39.144	-0.009545	-0.004419	-0.022095
16:17:39.195	-0.009732	-0.004506	-0.022528
16:17:39.246	-0.009901	-0.004584	-0.022918
16:17:39.296	-0.009303	-0.004307	-0.021535
16:17:39.347	-0.009414	-0.004358	-0.021792
16:17:39.398	-0.009945	-0.004604	-0.023021
16:17:39.449	-0.007669	-0.003550	-0.017751
16:17:39.500	-0.009290	-0.004301	-0.021505
16:17:39.550	-0.009629	-0.004458	-0.022290
16:17:39.601	-0.006766	-0.003132	-0.015662
16:17:39.652	-0.009203	-0.004261	-0.021303
16:17:39.703	-0.009733	-0.004506	-0.022530
16:17:39.754	-0.007863	-0.003640	-0.018201
16:17:39.805	-0.009932	-0.004598	-0.022992
16:17:39.856	-0.007525	-0.003484	-0.017418
16:17:39.906	-0.007143	-0.003307	-0.016534
16:17:39.957	-0.010015	-0.004636	-0.023182
16:17:40.008	-0.008117	-0.003758	-0.018789
16:17:40.059	-0.008271	-0.003829	-0.019146
16:17:40.110	-0.009033	-0.004182	-0.020910
16:17:40.161	-0.007248	-0.003355	-0.016777
16:17:40.211	-0.009163	-0.004242	-0.021211
16:17:40.262	-0.007759	-0.003592	-0.017961
16:17:40.313	-0.007905	-0.003660	-0.018298
16:17:40.364	-0.009324	-0.004316	-0.021582
16:17:40.415	-0.009473	-0.004386	-0.021929
16:17:40.466	-0.007685	-0.003558	-0.017789
16:17:40.517	-0.008707	-0.004031	-0.020155
16:17:40.568	-0.008736	-0.004044	-0.020222
16:17:40.618	-0.008090	-0.003745	-0.018726
16:17:40.669	-0.009384	-0.004345	-0.021723
16:17:40.720	-0.007980	-0.003694	-0.018471
16:17:40.771	-0.007312	-0.003385	-0.016925
16:17:40.822	-0.009604	-0.004446	-0.022232
16:17:40.873	-0.008419	-0.003898	-0.019488
16:17:40.923	-0.007651	-0.003542	-0.017710
16:17:40.974	-0.009593	-0.004441	-0.022206
16:17:41.025	-0.007908	-0.003661	-0.018306
16:17:41.076	-0.008940	-0.004139	-0.020694
16:17:41.127	-0.009497	-0.004397	-0.021983
16:17:41.178	-0.007035	-0.003257	-0.016284
16:17:41.228	-0.009010	-0.004171	-0.020857
16:17:41.279	-0.008023	-0.003714	-0.018572
16:17:41.330	-0.006976	-0.003230	-0.016148
16:17:41.381	-0.009627	-0.004457	-0.022285
16:17:41.432	-0.007559	-0.003499	-0.017497
16:17:41.483	-0.008677	-0.004017	-0.020086
16:17:41.533	-0.008211	-0.003801	-0.019006
16:17:41.584	-0.007247	-0.003355	-0.016774
16:17:41.635	-0.008250	-0.003819	-0.019097
16:17:41.686	-0.008826	-0.004086	-0.020430
16:17:41.737	-0.008004	-0.003706	-0.018529
16:17:41.788	-0.008983	-0.004159	-0.020793
16:17:41.838	-0.008015	-0.003711	-0.018554
16:17:41.889	-0.007020	-0.003250	-0.016250
16:17:41.940	-0.008721	-0.004038	-0.020188
16:17:41.991	-0.008397	-0.003887	-0.019437
16:17:42.042	-0.008922	-0.004130	-0.020652
16:17:42.093	-0.008913	-0.004127	-0.020633
16:17:42.143	-0.006709	-0.003106	-0.015529
16:17:42.194	-0.009247	-0.004281	-0.021405
16:17:42.245	-0.008857	-0.004101	-0.020503
16:17:42.296	-0.007458	-0.003453	-0.017263
16:17:42.347	-0.009853	-0.004561	-0.022807
16:17:42.398	-0.007784	-0.003604	-0.018019
16:17:42.449	-0.008803	-0.004076	-0.020378
16:17:42.499	-0.007125	-0.003299	-0.016494
16:17:42.550	-0.007269	-0.003365	-0.016827
16:17:42.601	-0.008962	-0.004149	-0.020746
16:17:42.652	-0.009308	-0.004309	-0.021546
16:17:42.703	-0.007033	-0.003256	-0.016281
16:17:42.754	-0.008182	-0.003788	-0.018939
16:17:42.805	-0.008158	-0.003777	-0.018885
16:17:42.855	-0.007605	-0.003521	-0.017604
16:17:42.906	-0.009991	-0.004626	-0.023128
16:17:42.957	-0.008921	-0.004130	-0.020651
16:17:43.008	-0.008761	-0.004056	-0.020281
16:17:43.059	-0.009659	-0.004472	-0.022358
16:17:43.109	-0.007172	-0.003320	-0.016601
16:17:43.160	-0.008290	-0.003838	-0.019191
16:17:43.211	-0.009350	-0.004329	-0.021643
16:17:43.262	-0.007083	-0.003279	-0.016397
16:17:43.313	-0.008857	-0.004101	-0.020503
16:17:43.364	-0.008510	-0.003940	-0.019700
16:17:43.414	-0.007130	-0.003301	-0.016505
16:17:43.465	-0.009257	-0.004286	-0.021428
16:17:43.516	-0.007502	-0.003473	-0.017366
16:17:43.567	-0.007963	-0.003687	-0.018433
16:17:43.618	-0.008456	-0.003915	-0.019573
16:17:43.668	-0.006664	-0.003085	-0.015426
16:17:43.719	-0.008676	-0.004017	-0.020084
16:17:43.770	-0.008872	-0.004108	-0.020538
16:17:43.821	-0.007351	-0.003403	-0.017015
16:17:43.872	-0.008558	-0.003962	-0.019811
16:17:43.923	-0.009438	-0.004370	-0.021848
16:17:43.973	-0.007791	-0.003607	-0.018036
16:17:44.024	-0.009044	-0.004187	-0.020936
16:17:44.075	-0.008173	-0.003784	-0.018920
16:17:44.126	-0.007436	-0.003443	-0.017214
16:17:44.177	-0.009412	-0.004358	-0.021788
16:17:44.228	-0.007947	-0.003679	-0.018396
16:17:44.278	-0.008278	-0.003832	-0.019161
16:17:44.329	-0.008806	-0.004077	-0.020384
16:17:44.380	-0.006794	-0.003146	-0.015728
16:17:44.431	-0.008597	-0.003980	-0.019901
16:17:44.482	-0.009202	-0.004260	-0.021302
16:17:44.532	-0.007328	-0.003393	-0.016963
16:17:44.583	-0.008754	-0.004053	-0.020265
16:17:44.634	-0.007473	-0.003460	-0.017299
16:17:44.685	-0.007121	-0.003297	-0.016484
16:17:44.736	-0.009952	-0.004607	-0.023036
16:17:44.787	-0.008013	-0.003710	-0.018548
16:17:44.838	-0.008805	-0.004077	-0.020383
16:17:44.889	-0.008767	-0.004059	-0.020295
16:17:44.939	-0.007156	-0.003313	-0.016565
16:17:44.990	-0.008058	-0.003731	-0.018653
16:17:45.041	-0.008013	-0.003710	-0.018550
16:17:45.092	-0.006853	-0.003173	-0.015863
16:17:45.143	-0.009360	-0.004333	-0.021666
16:17:45.194	-0.006663	-0.003085	-0.015424
16:17:45.245	-0.009000	-0.004167	-0.020834
16:17:45.295	-0.007517	-0.003480	-0.017400
16:17:45.346	-0.007096	-0.003285	-0.016426
16:17:45.397	-0.007035	-0.003257	-0.016284
16:17:45.448	-0.007343	-0.003399	-0.016997
16:17:45.499	-0.009204	-0.004261	-0.021306
16:17:45.550	-0.009718	-0.004499	-0.022495
16:17:45.601	-0.008503	-0.003936	-0.019682
16:17:45.651	-0.009590	-0.004440	-0.022199
16:17:45.702	-0.008860	-0.004102	-0.020509
16:17:45.753	-0.008799	-0.004074	-0.020368
16:17:45.804	-0.010606	-0.004910	-0.024551
16:17:45.855	-0.007813	-0.003617	-0.018085
16:17:45.906	-0.010080	-0.004667	-0.023334
16:17:45.956	-0.010692	-0.004950	-0.024750
16:17:46.007	-0.008690	-0.004023	-0.020116
16:17:46.058	-0.009954	-0.004608	-0.023042
16:17:46.109	-0.009012	-0.004172	-0.020862
16:17:46.160	-0.008012	-0.003709	-0.018545
16:17:46.211	-0.011448	-0.005300	-0.026501
16:17:46.262	-0.009450	-0.004375	-0.021875
16:17:46.312	-0.010542	-0.004880	-0.024402
16:17:46.363	-0.008705	-0.004030	-0.020151
16:17:46.414	-0.009438	-0.004369	-0.021847
16:17:46.465	-0.010546	-0.004882	-0.024412
16:17:46.516	-0.010830	-0.005014	-0.025070
16:17:46.567	-0.009002	-0.004167	-0.020837
16:17:46.618	-0.009942	-0.004603	-0.023015
16:17:46.668	-0.010801	-0.005001	-0.025003
16:17:46.719	-0.010072	-0.004663	-0.023314
16:17:46.770	-0.011445	-0.005299	-0.026493
16:17:46.821	-0.010186	-0.004716	-0.023578
16:17:46.872	-0.009378	-0.004341	-0.021707
16:17:46.922	-0.011730	-0.005430	-0.027152
16:17:46.973	-0.010659	-0.004935	-0.024673
16:17:47.024	-0.010044	-0.004650	-0.023251
16:17:47.075	-0.011331	-0.005246	-0.026230
16:17:47.126	-0.008732	-0.004042	-0.020212
16:17:47.177	-0.010482	-0.004853	-0.024264
16:17:47.228	-0.010700	-0.004954	-0.024768
16:17:47.279	-0.007338	-0.003397	-0.016987
16:17:47.329	-0.009476	-0.004387	-0.021935
16:17:47.380	-0.010252	-0.004746	-0.023732
16:17:47.431	-0.008551	-0.003959	-0.019794
16:17:47.482	-0.009862	-0.004566	-0.022829
16:17:47.533	-0.008788	-0.004069	-0.020343
16:17:47.584	-0.007987	-0.003698	-0.018489
16:17:47.635	-0.010567	-0.004892	-0.024461
16:17:47.686	-0.008148	-0.003772	-0.018860
16:17:47.736	-0.007957	-0.003684	-0.018420
16:17:47.787	-0.009973	-0.004617	-0.023086
16:17:47.838	-0.007969	-0.003690	-0.018448
16:17:47.889	-0.007836	-0.003628	-0.018140
16:17:47.940	-0.009758	-0.004517	-0.022587
16:17:47.990	-0.007971	-0.003690	-0.018451
16:17:48.041	-0.008532	-0.003950	-0.019750
16:17:48.092	-0.008907	-0.004124	-0.020618
16:17:48.143	-0.007627	-0.003531	-0.017654
16:17:48.194	-0.009915	-0.004590	-0.022951
16:17:48.245	-0.010411	-0.004820	-0.024100
16:17:48.296	-0.008762	-0.004057	-0.020283
16:17:48.346	-0.009345	-0.004327	-0.021633
16:17:48.397	-0.009394	-0.004349	-0.021744
16:17:48.448	-0.008519	-0.003944	-0.019721
16:17:48.499	-0.010933	-0.005062	-0.025308
16:17:48.550	-0.009611	-0.004450	-0.022248
16:17:48.601	-0.009805	-0.004539	-0.022696
16:17:48.651	-0.010470	-0.004847	-0.024236
16:17:48.702	-0.007672	-0.003552	-0.017758
16:17:48.753	-0.008911	-0.004125	-0.020627
16:17:48.804	-0.010326	-0.004781	-0.023903
16:17:48.855	-0.007831	-0.003626	-0.018128
16:17:48.906	-0.010178	-0.004712	-0.023561
16:17:48.957	-0.008842	-0.004093	-0.020467
16:17:49.008	-0.008204	-0.003798	-0.018990
16:17:49.058	-0.008612	-0.003987	-0.019936
16:17:49.109	-0.008402	-0.003890	-0.019450
16:17:49.160	-0.010213	-0.004728	-0.023642
16:17:49.211	-0.010554	-0.004886	-0.024431
16:17:49.262	-0.008821	-0.004084	-0.020420
16:17:49.313	-0.010684	-0.004946	-0.024731
16:17:49.363	-0.009422	-0.004362	-0.021811
16:17:49.414	-0.008531	-0.003950	-0.019749
16:17:49.465	-0.010523	-0.004872	-0.024359
16:17:49.516	-0.008616	-0.003989	-0.019945
16:17:49.567	-0.010222	-0.004733	-0.023663
16:17:49.618	-0.010551	-0.004885	-0.024423
16:17:49.668	-0.007935	-0.003674	-0.018368
16:17:49.719	-0.009428	-0.004365	-0.021824
16:17:49.770	-0.010698	-0.004953	-0.024763
16:17:49.821	-0.008855	-0.004099	-0.020497
16:17:49.872	-0.010981	-0.005084	-0.025420
16:17:49.923	-0.009523	-0.004409	-0.022045
16:17:49.974	-0.008641	-0.004001	-0.020003
16:17:50.025	-0.010872	-0.005033	-0.025166
16:17:50.075	-0.008666	-0.004012	-0.020061
16:17:50.126	-0.010630	-0.004921	-0.024607
16:17:50.177	-0.010120	-0.004685	-0.023426
16:17:50.228	-0.009007	-0.004170	-0.020849
16:17:50.279	-0.009921	-0.004593	-0.022966
16:17:50.330	-0.009057	-0.004193	-0.020965
16:17:50.381	-0.009108	-0.004217	-0.021084
16:17:50.432	-0.009802	-0.004538	-0.022689
16:17:50.483	-0.007922	-0.003668	-0.018339
16:17:50.535	-0.008765	-0.004058	-0.020288
16:17:50.586	-0.008135	-0.003766	-0.018830
16:17:50.637	-0.010000	-0.004630	-0.023149
16:17:50.688	-0.008757	-0.004054	-0.020271
16:17:50.739	-0.009739	-0.004509	-0.022545
16:17:50.790	-0.009719	-0.004500	-0.022499
16:17:50.840	-0.007496	-0.003470	-0.017352
16:17:50.891	-0.009008	-0.004170	-0.020852
16:17:50.942	-0.010018	-0.004638	-0.023191
16:17:50.992	-0.006809	-0.003152	-0.015762
16:17:51.043	-0.009855	-0.004563	-0.022813
16:17:51.094	-0.008252	-0.003820	-0.019101
16:17:51.145	-0.009551	-0.004422	-0.022109
16:17:51.197	-0.009698	-0.004490	-0.022449
16:17:51.247	-0.007691	-0.003561	-0.017803
16:17:51.298	-0.009010	-0.004171	-0.020857
16:17:51.349	-0.008127	-0.003762	-0.018811
16:17:51.399	-0.007387	-0.003420	-0.017100
16:17:51.450	-0.006900	-0.003195	-0.015973
16:17:51.501	-0.008581	-0.003973	-0.019864
16:17:51.551	-0.008742	-0.004047	-0.020236
16:17:51.602	-0.008177	-0.003786	-0.018928
16:17:51.653	-0.006525	-0.003021	-0.015103
16:17:51.703	-0.008461	-0.003917	-0.019585
16:17:51.754	-0.008611	-0.003987	-0.019933
16:17:51.805	-0.007117	-0.003295	-0.016475
16:17:51.855	-0.007928	-0.003670	-0.018351
16:17:51.906	-0.009147	-0.004235	-0.021173
16:17:51.957	-0.009153	-0.004237	-0.021187
16:17:52.007	-0.007406	-0.003429	-0.017144
16:17:52.058	-0.006944	-0.003215	-0.016075
16:17:52.108	-0.008480	-0.003926	-0.019631
16:17:52.159	-0.008909	-0.004125	-0.020623
16:17:52.210	-0.006376	-0.002952	-0.014760
16:17:52.260	-0.007549	-0.003495	-0.017475
16:17:52.311	-0.008907	-0.004124	-0.020618
16:17:52.362	-0.008740	-0.004046	-0.020231
16:17:52.412	-0.007972	-0.003691	-0.018453
16:17:52.463	-0.006942	-0.003214	-0.016070
16:17:52.514	-0.008966	-0.004151	-0.020754
16:17:52.564	-0.008451	-0.003912	-0.019562
16:17:52.615	-0.007230	-0.003347	-0.016736
16:17:52.666	-0.009111	-0.004218	-0.021091
16:17:52.716	-0.008665	-0.004011	-0.020057
16:17:52.767	-0.007247	-0.003355	-0.016775
16:17:52.817	-0.007284	-0.003372	-0.016861
16:17:52.868	-0.008496	-0.003933	-0.019666
16:17:52.919	-0.009554	-0.004423	-0.022117
16:17:52.970	-0.007187	-0.003327	-0.016637
16:17:53.020	-0.007536	-0.003489	-0.017445
16:17:53.071	-0.009835	-0.004553	-0.022765
16:17:53.121	-0.008925	-0.004132	-0.020661
16:17:53.172	-0.007755	-0.003590	-0.017951
16:17:53.223	-0.009356	-0.004331	-0.021657
16:17:53.273	-0.009559	-0.004425	-0.022127
16:17:53.324	-0.007616	-0.003526	-0.017629
16:17:53.375	-0.010093	-0.004673	-0.023364
16:17:53.425	-0.009697	-0.004489	-0.022446
16:17:53.476	-0.008195	-0.003794	-0.018970
16:17:53.527	-0.010708	-0.004957	-0.024787
16:17:53.577	-0.010010	-0.004634	-0.023172
16:17:53.628	-0.008801	-0.004075	-0.020373
16:17:53.679	-0.010367	-0.004800	-0.023998
16:17:53.729	-0.009574	-0.004433	-0.022163
16:17:53.780	-0.007916	-0.003665	-0.018325
16:17:53.831	-0.010310	-0.004773	-0.023866
16:17:53.881	-0.008205	-0.003798	-0.018992
16:17:53.932	-0.008727	-0.004040	-0.020201
16:17:53.983	-0.008555	-0.003961	-0.019803
16:17:54.033	-0.010167	-0.004707	-0.023534
16:17:54.084	-0.007960	-0.003685	-0.018426
16:17:54.135	-0.008044	-0.003724	-0.018620
16:17:54.185	-0.008176	-0.003785	-0.018927
16:17:54.236	-0.009543	-0.004418	-0.022091
16:17:54.287	-0.006148	-0.002846	-0.014232
16:17:54.337	-0.009507	-0.004402	-0.022008
16:17:54.388	-0.006404	-0.002965	-0.014824
16:17:54.439	-0.007820	-0.003620	-0.018102
16:17:54.489	-0.008342	-0.003862	-0.019311
16:17:54.540	-0.009308	-0.004309	-0.021547
16:17:54.591	-0.008683	-0.004020	-0.020100
16:17:54.641	-0.008775	-0.004062	-0.020312
16:17:54.692	-0.008870	-0.004106	-0.020531
16:17:54.742	-0.007109	-0.003291	-0.016455
16:17:54.793	-0.009383	-0.004344	-0.021720
16:17:54.844	-0.007105	-0.003289	-0.016446
16:17:54.894	-0.008269	-0.003828	-0.019140
16:17:54.945	-0.006181	-0.002861	-0.014307
16:17:54.996	-0.008901	-0.004121	-0.020605
16:17:55.047	-0.006852	-0.003172	-0.015861
16:17:55.099	-0.008327	-0.003855	-0.019276
16:17:55.150	-0.008056	-0.003730	-0.018649
16:17:55.201	-0.007085	-0.003280	-0.016400
16:17:55.252	-0.008730	-0.004042	-0.020208
16:17:55.304	-0.006786	-0.003142	-0.015708
16:17:55.355	-0.007762	-0.003594	-0.017968
16:17:55.406	-0.008260	-0.003824	-0.019121
16:17:55.457	-0.007329	-0.003393	-0.016965
16:17:55.509	-0.009053	-0.004191	-0.020956
16:17:55.560	-0.006994	-0.003238	-0.016190
16:17:55.611	-0.008620	-0.003991	-0.019953
16:17:55.662	-0.007066	-0.003271	-0.016356
16:17:55.713	-0.009404	-0.004354	-0.021769
16:17:55.764	-0.009649	-0.004467	-0.022336
16:17:55.815	-0.007731	-0.003579	-0.017896
16:17:55.866	-0.010502	-0.004862	-0.024310
16:17:55.917	-0.007745	-0.003586	-0.017929
16:17:55.968	-0.009686	-0.004484	-0.022421
16:17:56.019	-0.008237	-0.003813	-0.019067
16:17:56.070	-0.009375	-0.004340	-0.021701
16:17:56.121	-0.007869	-0.003643	-0.018215
16:17:56.172	-0.009560	-0.004426	-0.022130
16:17:56.223	-0.009493	-0.004395	-0.021974
16:17:56.274	-0.009099	-0.004212	-0.021061
16:17:56.325	-0.010601	-0.004908	-0.024540
16:17:56.376	-0.008026	-0.003716	-0.018578
16:17:56.427	-0.009276	-0.004295	-0.021473
16:17:56.478	-0.009653	-0.004469	-0.022344
16:17:56.530	-0.009800	-0.004537	-0.022685
16:17:56.581	-0.009298	-0.004305	-0.021523
16:17:56.632	-0.008486	-0.003928	-0.019642
16:17:56.683	-0.010233	-0.004738	-0.023688
16:17:56.734	-0.008989	-0.004162	-0.020809
16:17:56.785	-0.009664	-0.004474	-0.022371
16:17:56.836	-0.010506	-0.004864	-0.024319
16:17:56.887	-0.008091	-0.003746	-0.018730
16:17:56.938	-0.009936	-0.004600	-0.023001
16:17:56.989	-0.008436	-0.003905	-0.019527
16:17:57.040	-0.009535	-0.004414	-0.022071
16:17:57.091	-0.006895	-0.003192	-0.015960
16:17:57.142	-0.009204	-0.004261	-0.021306
16:17:57.193	-0.007556	-0.003498	-0.017492
16:17:57.244	-0.009402	-0.004353	-0.021764
16:17:57.295	-0.008953	-0.004145	-0.020725
16:17:57.346	-0.008411	-0.003894	-0.019469
16:17:57.397	-0.009801	-0.004537	-0.022687
16:17:57.448	-0.009058	-0.004193	-0.020967
16:17:57.499	-0.010112	-0.004682	-0.023408
16:17:57.550	-0.008609	-0.003986	-0.019929
16:17:57.601	-0.009262	-0.004288	-0.021439
16:17:57.656	-0.009334	-0.004321	-0.021607
16:17:57.707	-0.009351	-0.004329	-0.021645
16:17:57.758	-0.009078	-0.004203	-0.021014
16:17:57.808	-0.008269	-0.003828	-0.019140
16:17:57.860	-0.010346	-0.004790	-0.023949
16:17:57.911	-0.009909	-0.004588	-0.022938
16:17:57.962	-0.010543	-0.004881	-0.024404
16:17:58.013	-0.009608	-0.004448	-0.022242
16:17:58.064	-0.009992	-0.004626	-0.023130
16:17:58.114	-0.011182	-0.005177	-0.025885
16:17:58.166	-0.009376	-0.004341	-0.021704
16:17:58.217	-0.010384	-0.004807	-0.024037
16:17:58.268	-0.008697	-0.004026	-0.020132
16:17:58.319	-0.009253	-0.004284	-0.021419
16:17:58.369	-0.008526	-0.003947	-0.019736
16:17:58.420	-0.010821	-0.005010	-0.025048
16:17:58.472	-0.007430	-0.003440	-0.017199
16:17:58.523	-0.011719	-0.005426	-0.027128
16:17:58.574	-0.009838	-0.004555	-0.022774
16:17:58.625	-0.013213	-0.006117	-0.030586
16:17:58.676	-0.010333	-0.004784	-0.023920
16:17:58.727	-0.011651	-0.005394	-0.026969
16:17:58.778	-0.008997	-0.004165	-0.020826
16:17:58.829	-0.009509	-0.004402	-0.022011
16:17:58.880	-0.010681	-0.004945	-0.024725
16:17:58.930	-0.009106	-0.004216	-0.021079
16:17:58.981	-0.010144	-0.004696	-0.023482
16:17:59.032	-0.009915	-0.004590	-0.022951
16:17:59.083	-0.010850	-0.005023	-0.025116
16:17:59.134	-0.009707	-0.004494	-0.022471
16:17:59.185	-0.012154	-0.005627	-0.028134
16:17:59.236	-0.010318	-0.004777	-0.023884
16:17:59.287	-0.011015	-0.005099	-0.025497
16:17:59.338	-0.011099	-0.005138	-0.025692
16:17:59.389	-0.008978	-0.004157	-0.020783
16:17:59.440	-0.011737	-0.005434	-0.027169
16:17:59.491	-0.010869	-0.005032	-0.025160
16:17:59.542	-0.012279	-0.005685	-0.028423
16:17:59.593	-0.010374	-0.004803	-0.024014
16:17:59.644	-0.010980	-0.005083	-0.025417
16:17:59.695	-0.010960	-0.005074	-0.025369
16:17:59.746	-0.012748	-0.005902	-0.029508
16:17:59.797	-0.010590	-0.004903	-0.024514
16:17:59.848	-0.011709	-0.005421	-0.027103
16:17:59.899	-0.010511	-0.004866	-0.024331
16:17:59.950	-0.010900	-0.005046	-0.025232
16:18:00.002	-0.011055	-0.005118	-0.025590
16:18:00.053	-0.011379	-0.005268	-0.026340
16:18:00.104	-0.010925	-0.005058	-0.025290
16:18:00.155	-0.012373	-0.005728	-0.028641
16:18:00.206	-0.010971	-0.005079	-0.025396
16:18:00.256	-0.012892	-0.005968	-0.029842
16:18:00.307	-0.010335	-0.004785	-0.023923
16:18:00.358	-0.012339	-0.005713	-0.028563
16:18:00.408	-0.012447	-0.005763	-0.028813
16:18:00.459	-0.011708	-0.005420	-0.027102
16:18:00.510	-0.012950	-0.005995	-0.029977
16:18:00.561	-0.010090	-0.004671	-0.023356
16:18:00.612	-0.012604	-0.005835	-0.029177
16:18:00.662	-0.010981	-0.005084	-0.025418
16:18:00.713	-0.012706	-0.005882	-0.029411
16:18:00.764	-0.011642	-0.005390	-0.026949
16:18:00.815	-0.011385	-0.005271	-0.026355
16:18:00.866	-0.013001	-0.006019	-0.030095
16:18:00.917	-0.011025	-0.005104	-0.025521
16:18:00.968	-0.013695	-0.006340	-0.031700
16:18:01.019	-0.010995	-0.005090	-0.025451
16:18:01.069	-0.012376	-0.005730	-0.028649
16:18:01.120	-0.012151	-0.005625	-0.028127
16:18:01.171	-0.011090	-0.005134	-0.025670
16:18:01.221	-0.012827	-0.005938	-0.029692
16:18:01.272	-0.011496	-0.005322	-0.026611
16:18:01.323	-0.012494	-0.005784	-0.028922
16:18:01.373	-0.012782	-0.005918	-0.029588
16:18:01.424	-0.010531	-0.004875	-0.024377
16:18:01.474	-0.013010	-0.006023	-0.030115
16:18:01.525	-0.011412	-0.005283	-0.026416
16:18:01.576	-0.012590	-0.005829	-0.029144
16:18:01.626	-0.011840	-0.005481	-0.027407
16:18:01.677	-0.010770	-0.004986	-0.024930
16:18:01.727	-0.013970	-0.006468	-0.032338
16:18:01.778	-0.014390	-0.006662	-0.033310
16:18:01.828	-0.012489	-0.005782	-0.028910
16:18:01.879	-0.014110	-0.006532	-0.032662
16:18:01.930	-0.013372	-0.006191	-0.030954
16:18:01.980	-0.012413	-0.005747	-0.028733
16:18:02.031	-0.014197	-0.006573	-0.032863
16:18:02.081	-0.012705	-0.005882	-0.029411
16:18:02.132	-0.012855	-0.005951	-0.029757
16:18:02.182	-0.013345	-0.006178	-0.030890
16:18:02.233	-0.010068	-0.004661	-0.023306
16:18:02.283	-0.011214	-0.005192	-0.025958
16:18:02.334	-0.010949	-0.005069	-0.025344
16:18:02.385	-0.008724	-0.004039	-0.020193
16:18:02.435	-0.011430	-0.005292	-0.026459
16:18:02.486	-0.009897	-0.004582	-0.022911
16:18:02.537	-0.010642	-0.004927	-0.024634
16:18:02.587	-0.009937	-0.004601	-0.023003
16:18:02.638	-0.008899	-0.004120	-0.020600
16:18:02.696	-0.009428	-0.004365	-0.021823
16:18:02.747	-0.007950	-0.003681	-0.018404
16:18:02.797	-0.009948	-0.004605	-0.023027
16:18:02.848	-0.008382	-0.003881	-0.019404
