23:05:52.977	-0.025874	-0.025874	-129.369696
23:05:53.028	-0.003602	-0.003602	-18.009015
23:05:53.079	-0.003242	-0.003242	-16.211982
23:05:53.130	-0.048901	-0.048901	-244.505195
23:05:53.181	-0.022466	-0.022466	-112.331660
23:05:53.232	-0.028493	-0.028493	-142.464723
23:05:53.283	-0.022195	-0.022195	-110.975249
23:05:53.333	-0.000213	-0.000213	-1.063106
23:05:53.384	0.002113	0.002113	10.563417
23:05:53.435	-0.002912	-0.002912	-14.561260
23:05:53.485	-0.005308	-0.005308	-26.537815
23:05:53.536	-0.008722	-0.008722	-43.610553
23:05:53.587	-0.008613	-0.008613	-43.066664
23:05:53.638	-0.005259	-0.005259	-26.293973
23:05:53.688	-0.002547	-0.002547	-12.734752
23:05:53.739	-0.006021	-0.006021	-30.104629
23:05:53.790	-0.006528	-0.006528	-32.639621
23:05:53.841	-0.004897	-0.004897	-24.487052
23:05:53.892	-0.002574	-0.002574	-12.871777
23:05:53.943	-0.030674	-0.030674	-153.368414
23:05:53.994	0.000343	0.000343	1.717337
23:05:54.045	-0.003772	-0.003772	-18.858653
23:05:54.096	-0.003382	-0.003382	-16.909160
23:05:54.147	-0.007371	-0.007371	-36.853676
23:05:54.198	-0.004502	-0.004502	-22.510710
23:05:54.249	-0.002848	-0.002848	-14.238160
23:05:54.300	-0.028997	-0.028997	-144.984647
23:05:54.351	-0.005048	-0.005048	-25.240660
23:05:54.402	-0.000755	-0.000755	-3.773138
23:05:54.453	0.000573	0.000573	2.864550
23:05:54.503	-0.005387	-0.005387	-26.934377
23:05:54.554	-0.000496	-0.000496	-2.480738
23:05:54.605	-0.006352	-0.006352	-31.758155
23:05:54.656	-0.001717	-0.001717	-8.584473
23:05:54.706	-0.028790	-0.028790	-143.948437
23:05:54.757	-0.002306	-0.002306	-11.529890
23:05:54.808	-0.006239	-0.006239	-31.195577
23:05:54.859	-0.002332	-0.002332	-11.660019
23:05:54.909	-0.003728	-0.003728	-18.639590
23:05:54.960	-0.002230	-0.002230	-11.148160
23:05:55.011	-0.001378	-0.001378	-6.890425
23:05:55.061	-0.002102	-0.002102	-10.509045
23:05:55.112	-0.003289	-0.003289	-16.444966
23:05:55.163	-0.004745	-0.004745	-23.725354
23:05:55.213	-0.003266	-0.003266	-16.330804
23:05:55.264	-0.006754	-0.006754	-33.771742
23:05:55.315	-0.022877	-0.022877	-114.386646
23:05:55.366	-0.011893	-0.011893	-59.462651
23:05:55.416	-0.011040	-0.011040	-55.201226
23:05:55.467	-0.010355	-0.010355	-51.772703
23:05:55.518	-0.009328	-0.009328	-46.638741
23:05:55.569	-0.010683	-0.010683	-53.416021
23:05:55.619	-0.009894	-0.009894	-49.471901
23:05:55.670	-0.009313	-0.009313	-46.565338
23:05:55.721	-0.007890	-0.007890	-39.448600
23:05:55.771	-0.009839	-0.009839	-49.195296
23:05:55.822	-0.010082	-0.010082	-50.409194
23:05:55.873	-0.021162	-0.021162	-105.809068
23:05:55.924	-0.019881	-0.019881	-99.404281
23:05:55.975	-0.031679	-0.031679	-158.395843
23:05:56.026	-0.022873	-0.022873	-114.367094
23:05:56.076	-0.003429	-0.003429	-17.145077
23:05:56.127	0.000396	0.000396	1.980813
23:05:56.178	0.002279	0.002279	11.393858
23:05:56.228	-0.005192	-0.005192	-25.958312
23:05:56.279	-0.000504	-0.000504	-2.519344
23:05:56.330	0.002257	0.002257	11.286332
23:05:56.380	-0.000432	-0.000432	-2.160300
23:05:56.431	0.012190	0.012190	60.950269
23:05:56.481	-0.004101	-0.004101	-20.505224
23:05:56.532	0.000931	0.000931	4.656675
23:05:56.583	0.000495	0.000495	2.474044
23:05:56.633	-0.000552	-0.000552	-2.759141
23:05:56.685	-0.007905	-0.007905	-39.524759
23:05:56.735	0.003922	0.003922	19.607849
23:05:56.786	0.000973	0.000973	4.863744
23:05:56.837	-0.000439	-0.000439	-2.193962
23:05:56.888	-0.000365	-0.000365	-1.827075
23:05:56.939	-0.000858	-0.000858	-4.290935
23:05:56.990	-0.002198	-0.002198	-10.989821
23:05:57.041	-0.023247	-0.023247	-116.236655
23:05:57.092	-0.002860	-0.002860	-14.301628
23:05:57.143	-0.002108	-0.002108	-10.541453
23:05:57.194	-0.006479	-0.006479	-32.392574
23:05:57.245	-0.006427	-0.006427	-32.135319
23:05:57.295	-0.001472	-0.001472	-7.359160
23:05:57.346	-0.003170	-0.003170	-15.847639
23:05:57.397	-0.000700	-0.000700	-3.500484
23:05:57.447	-0.000466	-0.000466	-2.327923
23:05:57.498	-0.002173	-0.002173	-10.866646
23:05:57.549	-0.003570	-0.003570	-17.849363
23:05:57.599	-0.003373	-0.003373	-16.864759
23:05:57.650	0.000129	0.000129	0.646555
23:05:57.701	-0.006580	-0.006580	-32.901867
23:05:57.753	-0.003495	-0.003495	-17.476989
23:05:57.804	-0.003977	-0.003977	-19.887080
23:05:57.855	-0.004314	-0.004314	-21.571737
23:05:57.906	-0.001317	-0.001317	-6.585220
23:05:57.957	0.000250	0.000250	1.248282
23:05:58.008	0.000690	0.000690	3.448974
23:05:58.060	-0.028399	-0.028399	-141.995195
23:05:58.110	-0.003360	-0.003360	-16.798334
23:05:58.161	-0.003148	-0.003148	-15.738125
23:05:58.212	-0.003405	-0.003405	-17.022896
23:05:58.263	-0.006826	-0.006826	-34.130822
23:05:58.313	-0.003910	-0.003910	-19.551182
23:05:58.364	0.000186	0.000186	0.928281
23:05:58.415	-0.019178	-0.019178	-95.892111
23:05:58.465	-0.002883	-0.002883	-14.416168
23:05:58.516	-0.004559	-0.004559	-22.792637
23:05:58.567	0.002100	0.002100	10.501297
23:05:58.617	-0.001738	-0.001738	-8.690592
23:05:58.668	0.000110	0.000110	0.547816
23:05:58.719	-0.000156	-0.000156	-0.779334
23:05:58.769	-0.003257	-0.003257	-16.284428
23:05:58.820	-0.003042	-0.003042	-15.207791
23:05:58.871	-0.000733	-0.000733	-3.666794
23:05:58.922	-0.002609	-0.002609	-13.047041
23:05:58.972	-0.006249	-0.006249	-31.244119
23:05:59.023	-0.029294	-0.029294	-146.472418
23:05:59.074	-0.028115	-0.028115	-140.573659
23:05:59.125	-0.009613	-0.009613	-48.064499
23:05:59.176	-0.002585	-0.002585	-12.926907
23:05:59.226	-0.004803	-0.004803	-24.015277
23:05:59.277	-0.000620	-0.000620	-3.101639
23:05:59.328	0.000589	0.000589	2.946079
23:05:59.378	-0.001791	-0.001791	-8.953796
23:05:59.429	0.001873	0.001873	9.365178
23:05:59.480	-0.000967	-0.000967	-4.835038
23:05:59.530	0.002515	0.002515	12.574438
23:05:59.581	-0.003031	-0.003031	-15.154838
23:05:59.632	0.000820	0.000820	4.098876
23:05:59.683	-0.000590	-0.000590	-2.950125
23:05:59.733	0.000630	0.000630	3.150002
23:05:59.784	0.000462	0.000462	2.309744
23:05:59.835	-0.008332	-0.008332	-41.660220
23:05:59.886	-0.003742	-0.003742	-18.710498
23:05:59.937	0.001877	0.001877	9.387498
23:05:59.987	0.000825	0.000825	4.127333
23:06:00.038	-0.005982	-0.005982	-29.911232
23:06:00.089	-0.001048	-0.001048	-5.239489
23:06:00.139	0.000101	0.000101	0.503131
23:06:00.190	-0.000211	-0.000211	-1.052993
23:06:00.241	-0.001100	-0.001100	-5.498790
23:06:00.292	-0.003386	-0.003386	-16.927954
23:06:00.342	0.001047	0.001047	5.233634
23:06:00.393	0.003031	0.003031	15.152933
23:06:00.444	-0.022587	-0.022587	-112.934370
23:06:00.495	-0.035330	-0.035330	-176.652449
23:06:00.546	-0.031593	-0.031593	-157.967180
23:06:00.597	0.000678	0.000678	3.388983
23:06:00.647	-0.000258	-0.000258	-1.290933
23:06:00.698	0.000952	0.000952	4.760144
23:06:00.749	-0.000624	-0.000624	-3.118174
23:06:00.800	0.003541	0.003541	17.702995
23:06:00.850	-0.007131	-0.007131	-35.656679
23:06:00.901	-0.036355	-0.036355	-181.773909
23:06:00.952	-0.039583	-0.039583	-197.913079
23:06:01.004	-0.062186	-0.062186	-310.929877
23:06:01.055	-0.018113	-0.018113	-90.563062
23:06:01.106	-0.110691	-0.110691	-553.457038
23:06:01.157	-0.008549	-0.008549	-42.746592
23:06:01.207	-0.016170	-0.016170	-80.848490
23:06:01.258	-0.015511	-0.015511	-77.554969
23:06:01.309	-0.014057	-0.014057	-70.284151
23:06:01.359	-0.025289	-0.025289	-126.445581
23:06:01.410	-0.009276	-0.009276	-46.379878
23:06:01.461	-0.004980	-0.004980	-24.901214
23:06:01.512	-0.004232	-0.004232	-21.161762
23:06:01.562	-0.005853	-0.005853	-29.263885
23:06:01.613	-0.006211	-0.006211	-31.056754
23:06:01.664	-0.003409	-0.003409	-17.046398
23:06:01.714	-0.010359	-0.010359	-51.795022
23:06:01.765	-0.009832	-0.009832	-49.160948
23:06:01.816	-0.007222	-0.007222	-36.109234
23:06:01.867	-0.002572	-0.002572	-12.862457
23:06:01.917	-0.008495	-0.008495	-42.477356
23:06:01.968	-0.006084	-0.006084	-30.418396
23:06:02.019	-0.004922	-0.004922	-24.610108
23:06:02.070	-0.028927	-0.028927	-144.635171
23:06:02.121	-0.003933	-0.003933	-19.665995
23:06:02.171	-0.005538	-0.005538	-27.688789
23:06:02.222	-0.001914	-0.001914	-9.569515
23:06:02.273	-0.005199	-0.005199	-25.992896
23:06:02.323	-0.003106	-0.003106	-15.531967
23:06:02.374	-0.007910	-0.007910	-39.551750
23:06:02.425	-0.000747	-0.000747	-3.734449
23:06:02.476	-0.005217	-0.005217	-26.086158
23:06:02.526	-0.002759	-0.002759	-13.797196
23:06:02.577	-0.003750	-0.003750	-18.748110
23:06:02.628	-0.005340	-0.005340	-26.700104
23:06:02.678	-0.004100	-0.004100	-20.501049
23:06:02.729	-0.004057	-0.004057	-20.284636
23:06:02.780	-0.013708	-0.013708	-68.539953
23:06:02.831	-0.003615	-0.003615	-18.076788
23:06:02.881	-0.006293	-0.006293	-31.463512
23:06:02.932	-0.019136	-0.019136	-95.680252
23:06:02.983	-0.007374	-0.007374	-36.872234
23:06:03.034	-0.004677	-0.004677	-23.383294
23:06:03.084	-0.006972	-0.006972	-34.857794
23:06:03.135	-0.004613	-0.004613	-23.066782
23:06:03.186	-0.005558	-0.005558	-27.791821
23:06:03.237	-0.006000	-0.006000	-29.998036
23:06:03.287	-0.003872	-0.003872	-19.360092
23:06:03.338	-0.002994	-0.002994	-14.971081
23:06:03.389	-0.005006	-0.005006	-25.028316
23:06:03.439	-0.002265	-0.002265	-11.324098
23:06:03.490	-0.005643	-0.005643	-28.212666
23:06:03.541	-0.002585	-0.002585	-12.923808
23:06:03.591	-0.004353	-0.004353	-21.765334
23:06:03.642	-0.004610	-0.004610	-23.048437
23:06:03.693	-0.005674	-0.005674	-28.369254
23:06:03.744	-0.007992	-0.007992	-39.961962
23:06:03.794	-0.008449	-0.008449	-42.243757
23:06:03.845	-0.005571	-0.005571	-27.853976
23:06:03.896	-0.002243	-0.002243	-11.214951
23:06:03.947	-0.003120	-0.003120	-15.599705
23:06:03.997	-0.000383	-0.000383	-1.914341
23:06:04.048	-0.002428	-0.002428	-12.139696
23:06:04.099	-0.006967	-0.006967	-34.834659
23:06:04.149	-0.002143	-0.002143	-10.717214
23:06:04.200	0.000382	0.000382	1.909101
23:06:04.251	-0.000891	-0.000891	-4.453461
23:06:04.302	-0.003656	-0.003656	-18.279304
