16:25:36.671	-0.081929	-0.037930	-0.189651
16:25:36.722	-0.082704	-0.038289	-0.191443
16:25:36.773	-0.083990	-0.038884	-0.194422
16:25:36.824	-0.086263	-0.039936	-0.199682
16:25:36.875	-0.088224	-0.040844	-0.204222
16:25:36.926	-0.092763	-0.042946	-0.214730
16:25:36.977	-0.098954	-0.045812	-0.229059
16:25:37.028	-0.101853	-0.047154	-0.235770
16:25:37.079	-0.104431	-0.048347	-0.241737
16:25:37.129	-0.103528	-0.047930	-0.239648
16:25:37.180	-0.106495	-0.049303	-0.246517
16:25:37.231	-0.109746	-0.050808	-0.254041
16:25:37.282	-0.111003	-0.051390	-0.256951
16:25:37.333	-0.111364	-0.051557	-0.257787
16:25:37.384	-0.109992	-0.050922	-0.254610
16:25:37.434	-0.109423	-0.050659	-0.253293
16:25:37.485	-0.106740	-0.049417	-0.247084
16:25:37.536	-0.097417	-0.045101	-0.225503
16:25:37.587	-0.090411	-0.041857	-0.209284
16:25:37.638	-0.081329	-0.037652	-0.188260
16:25:37.689	-0.074311	-0.034403	-0.172017
16:25:37.740	-0.067313	-0.031163	-0.155817
16:25:37.790	-0.061933	-0.028673	-0.143364
16:25:37.841	-0.057840	-0.026778	-0.133890
16:25:37.892	-0.053494	-0.024766	-0.123828
16:25:37.943	-0.050621	-0.023436	-0.117179
16:25:37.994	-0.050807	-0.023522	-0.117609
16:25:38.045	-0.046458	-0.021508	-0.107542
16:25:38.095	-0.043752	-0.020255	-0.101277
16:25:38.146	-0.038885	-0.018003	-0.090013
16:25:38.196	-0.028713	-0.013293	-0.066464
16:25:38.247	-0.018458	-0.008545	-0.042727
16:25:38.297	-0.007437	-0.003443	-0.017215
16:25:38.348	0.000791	0.000366	0.001831
16:25:38.399	0.002334	0.001080	0.005402
16:25:38.450	0.002011	0.000931	0.004655
16:25:38.501	0.001299	0.000601	0.003006
16:25:38.551	0.001476	0.000683	0.003417
16:25:38.602	0.000437	0.000202	0.001012
16:25:38.653	-0.001484	-0.000687	-0.003435
16:25:38.703	-0.003983	-0.001844	-0.009220
16:25:38.754	-0.010186	-0.004716	-0.023579
16:25:38.804	-0.013670	-0.006329	-0.031644
16:25:38.855	-0.015484	-0.007169	-0.035844
16:25:38.905	-0.022801	-0.010556	-0.052779
16:25:38.956	-0.028249	-0.013078	-0.065391
16:25:39.007	-0.029098	-0.013471	-0.067357
16:25:39.057	-0.034089	-0.015782	-0.078911
16:25:39.108	-0.034720	-0.016074	-0.080370
16:25:39.159	-0.036930	-0.017097	-0.085486
16:25:39.209	-0.045460	-0.021046	-0.105232
16:25:39.260	-0.051425	-0.023808	-0.119039
16:25:39.310	-0.056662	-0.026232	-0.131161
16:25:39.361	-0.062156	-0.028776	-0.143879
16:25:39.411	-0.062606	-0.028984	-0.144921
16:25:39.462	-0.061768	-0.028596	-0.142982
16:25:39.512	-0.062339	-0.028861	-0.144303
16:25:39.563	-0.058461	-0.027065	-0.135327
16:25:39.613	-0.055811	-0.025838	-0.129192
16:25:39.664	-0.057442	-0.026594	-0.132968
16:25:39.715	-0.056815	-0.026303	-0.131516
16:25:39.765	-0.055397	-0.025647	-0.128234
16:25:39.816	-0.052721	-0.024408	-0.122039
16:25:39.866	-0.048678	-0.022536	-0.112680
16:25:39.917	-0.048451	-0.022431	-0.112156
16:25:39.967	-0.051178	-0.023693	-0.118467
16:25:40.018	-0.054639	-0.025296	-0.126479
16:25:40.069	-0.057211	-0.026487	-0.132433
16:25:40.119	-0.058294	-0.026988	-0.134941
16:25:40.170	-0.053560	-0.024796	-0.123981
16:25:40.220	-0.046324	-0.021446	-0.107232
16:25:40.271	-0.040266	-0.018642	-0.093208
16:25:40.322	-0.035717	-0.016536	-0.082679
16:25:40.373	-0.032264	-0.014937	-0.074684
16:25:40.424	-0.023306	-0.010790	-0.053950
16:25:40.475	-0.022046	-0.010206	-0.051032
16:25:40.526	-0.018679	-0.008647	-0.043237
16:25:40.576	-0.018860	-0.008732	-0.043658
16:25:40.627	-0.020479	-0.009481	-0.047405
16:25:40.678	-0.023826	-0.011031	-0.055154
16:25:40.729	-0.028986	-0.013420	-0.067098
16:25:40.780	-0.031906	-0.014771	-0.073855
16:25:40.831	-0.034349	-0.015902	-0.079511
16:25:40.882	-0.034692	-0.016061	-0.080306
16:25:40.933	-0.033307	-0.015420	-0.077100
16:25:40.984	-0.030295	-0.014025	-0.070127
16:25:41.034	-0.024616	-0.011396	-0.056981
16:25:41.085	-0.024088	-0.011152	-0.055760
16:25:41.136	-0.025353	-0.011738	-0.058688
16:25:41.187	-0.030201	-0.013982	-0.069909
16:25:41.238	-0.036593	-0.016941	-0.084705
16:25:41.289	-0.044146	-0.020438	-0.102190
16:25:41.339	-0.053080	-0.024574	-0.122871
16:25:41.390	-0.058446	-0.027058	-0.135291
16:25:41.441	-0.061507	-0.028476	-0.142378
16:25:41.492	-0.061765	-0.028595	-0.142976
16:25:41.543	-0.061023	-0.028251	-0.141256
16:25:41.594	-0.058813	-0.027228	-0.136142
16:25:41.645	-0.052308	-0.024217	-0.121083
16:25:41.695	-0.049144	-0.022752	-0.113759
16:25:41.746	-0.047044	-0.021780	-0.108898
16:25:41.797	-0.048881	-0.022630	-0.113149
16:25:41.848	-0.048866	-0.022623	-0.113115
16:25:41.899	-0.046623	-0.021585	-0.107925
16:25:41.950	-0.047798	-0.022129	-0.110644
16:25:42.000	-0.045404	-0.021020	-0.105101
16:25:42.051	-0.046984	-0.021752	-0.108759
16:25:42.102	-0.047228	-0.021865	-0.109324
16:25:42.153	-0.045147	-0.020901	-0.104506
16:25:42.204	-0.044577	-0.020637	-0.103187
16:25:42.255	-0.045838	-0.021221	-0.106107
16:25:42.306	-0.044307	-0.020512	-0.102562
16:25:42.356	-0.037286	-0.017262	-0.086311
16:25:42.407	-0.030788	-0.014254	-0.071269
16:25:42.458	-0.025044	-0.011595	-0.057973
16:25:42.509	-0.018434	-0.008534	-0.042671
16:25:42.560	-0.017104	-0.007919	-0.039594
16:25:42.610	-0.014065	-0.006512	-0.032559
16:25:42.661	-0.015551	-0.007200	-0.035998
16:25:42.712	-0.018341	-0.008491	-0.042456
16:25:42.763	-0.013753	-0.006367	-0.031835
16:25:42.814	-0.012128	-0.005615	-0.028074
16:25:42.865	-0.013453	-0.006228	-0.031140
16:25:42.916	-0.015368	-0.007115	-0.035573
16:25:42.966	-0.018456	-0.008544	-0.042721
16:25:43.017	-0.019873	-0.009201	-0.046003
16:25:43.068	-0.025289	-0.011708	-0.058540
16:25:43.119	-0.030644	-0.014187	-0.070935
16:25:43.170	-0.041217	-0.019082	-0.095410
16:25:43.220	-0.051766	-0.023966	-0.119828
16:25:43.271	-0.064279	-0.029759	-0.148793
16:25:43.322	-0.074201	-0.034352	-0.171761
16:25:43.373	-0.077506	-0.035882	-0.179411
16:25:43.424	-0.077863	-0.036048	-0.180239
16:25:43.475	-0.079030	-0.036588	-0.182939
16:25:43.526	-0.071960	-0.033315	-0.166574
16:25:43.576	-0.067203	-0.031113	-0.155563
16:25:43.627	-0.061776	-0.028600	-0.142999
16:25:43.678	-0.057479	-0.026611	-0.133053
16:25:43.729	-0.056684	-0.026243	-0.131214
16:25:43.780	-0.054716	-0.025331	-0.126657
16:25:43.831	-0.057305	-0.026530	-0.132651
16:25:43.881	-0.059841	-0.027704	-0.138521
16:25:43.932	-0.060906	-0.028197	-0.140987
16:25:43.983	-0.061620	-0.028528	-0.142638
16:25:44.034	-0.059972	-0.027765	-0.138823
16:25:44.085	-0.061390	-0.028421	-0.142106
16:25:44.136	-0.062454	-0.028914	-0.144569
16:25:44.187	-0.061086	-0.028281	-0.141403
16:25:44.237	-0.061193	-0.028330	-0.141650
16:25:44.288	-0.056424	-0.026122	-0.130612
16:25:44.339	-0.056242	-0.026038	-0.130189
16:25:44.390	-0.055621	-0.025750	-0.128752
16:25:44.441	-0.052555	-0.024331	-0.121655
16:25:44.492	-0.050070	-0.023180	-0.115902
16:25:44.543	-0.046375	-0.021470	-0.107349
16:25:44.593	-0.045799	-0.021203	-0.106017
16:25:44.644	-0.046317	-0.021443	-0.107215
16:25:44.695	-0.043231	-0.020014	-0.100071
16:25:44.746	-0.042324	-0.019595	-0.097973
16:25:44.797	-0.040205	-0.018613	-0.093067
16:25:44.848	-0.043441	-0.020112	-0.100558
16:25:44.898	-0.043365	-0.020076	-0.100382
16:25:44.949	-0.040510	-0.018754	-0.093772
16:25:45.000	-0.038673	-0.017904	-0.089521
16:25:45.051	-0.033152	-0.015348	-0.076741
16:25:45.102	-0.033663	-0.015585	-0.077923
16:25:45.153	-0.026417	-0.012230	-0.061150
16:25:45.203	-0.019628	-0.009087	-0.045435
16:25:45.254	-0.024052	-0.011135	-0.055675
16:25:45.305	-0.021415	-0.009914	-0.049572
16:25:45.356	-0.016394	-0.007590	-0.037948
16:25:45.407	-0.018839	-0.008722	-0.043608
16:25:45.458	-0.022958	-0.010629	-0.053143
16:25:45.508	-0.026858	-0.012434	-0.062172
16:25:45.559	-0.020349	-0.009421	-0.047104
16:25:45.610	-0.017157	-0.007943	-0.039715
16:25:45.661	-0.014626	-0.006771	-0.033856
16:25:45.712	-0.020714	-0.009590	-0.047949
16:25:45.763	-0.024640	-0.011407	-0.057037
16:25:45.813	-0.026994	-0.012497	-0.062487
16:25:45.864	-0.028879	-0.013370	-0.066849
16:25:45.915	-0.028048	-0.012985	-0.064925
16:25:45.966	-0.030009	-0.013893	-0.069465
16:25:46.017	-0.027399	-0.012685	-0.063423
16:25:46.068	-0.025501	-0.011806	-0.059030
16:25:46.119	-0.022192	-0.010274	-0.051369
16:25:46.170	-0.017968	-0.008318	-0.041592
16:25:46.220	-0.017458	-0.008082	-0.040412
16:25:46.271	-0.014543	-0.006733	-0.033664
16:25:46.322	-0.005929	-0.002745	-0.013725
16:25:46.373	0.003432	0.001589	0.007943
16:25:46.424	0.004610	0.002134	0.010672
16:25:46.475	0.000478	0.000221	0.001106
16:25:46.526	-0.001979	-0.000916	-0.004581
16:25:46.577	-0.007856	-0.003637	-0.018186
16:25:46.627	-0.009499	-0.004398	-0.021989
16:25:46.678	-0.015371	-0.007116	-0.035582
16:25:46.729	-0.015891	-0.007357	-0.036785
16:25:46.780	-0.011669	-0.005402	-0.027012
16:25:46.831	-0.008145	-0.003771	-0.018854
16:25:46.882	-0.005321	-0.002464	-0.012318
16:25:46.932	-0.004064	-0.001881	-0.009407
16:25:46.983	0.002539	0.001175	0.005877
16:25:47.034	0.001537	0.000712	0.003559
16:25:47.085	0.000876	0.000406	0.002029
16:25:47.136	-0.007529	-0.003486	-0.017429
16:25:47.187	-0.014896	-0.006896	-0.034481
16:25:47.238	-0.019956	-0.009239	-0.046194
16:25:47.288	-0.020092	-0.009302	-0.046509
16:25:47.339	-0.011381	-0.005269	-0.026345
16:25:47.390	-0.010460	-0.004842	-0.024212
16:25:47.441	-0.011829	-0.005477	-0.027383
16:25:47.492	-0.014071	-0.006514	-0.032572
16:25:47.542	-0.013073	-0.006052	-0.030261
16:25:47.593	-0.009009	-0.004171	-0.020853
16:25:47.644	-0.011833	-0.005478	-0.027391
16:25:47.695	-0.015793	-0.007312	-0.036558
16:25:47.746	-0.016797	-0.007776	-0.038881
16:25:47.796	-0.013539	-0.006268	-0.031340
16:25:47.847	-0.014987	-0.006939	-0.034693
16:25:47.898	-0.014388	-0.006661	-0.033304
16:25:47.948	-0.012468	-0.005772	-0.028861
16:25:47.999	-0.013705	-0.006345	-0.031724
16:25:48.050	-0.016843	-0.007798	-0.038988
16:25:48.101	-0.013950	-0.006458	-0.032292
16:25:48.152	-0.010547	-0.004883	-0.024415
16:25:48.203	-0.012389	-0.005736	-0.028679
16:25:48.254	-0.018462	-0.008547	-0.042735
16:25:48.304	-0.019115	-0.008849	-0.044247
16:25:48.355	-0.019513	-0.009034	-0.045169
16:25:48.406	-0.018048	-0.008355	-0.041777
16:25:48.456	-0.017198	-0.007962	-0.039809
16:25:48.507	-0.018948	-0.008772	-0.043862
16:25:48.558	-0.020121	-0.009315	-0.046577
16:25:48.608	-0.021409	-0.009912	-0.049559
16:25:48.659	-0.023394	-0.010830	-0.054152
16:25:48.709	-0.020246	-0.009373	-0.046865
16:25:48.760	-0.021230	-0.009829	-0.049143
16:25:48.810	-0.021152	-0.009793	-0.048963
16:25:48.861	-0.020620	-0.009546	-0.047732
16:25:48.912	-0.022493	-0.010414	-0.052068
16:25:48.962	-0.023368	-0.010819	-0.054094
16:25:49.013	-0.026963	-0.012483	-0.062414
16:25:49.063	-0.030377	-0.014063	-0.070317
16:25:49.114	-0.034060	-0.015768	-0.078842
16:25:49.165	-0.039893	-0.018469	-0.092344
16:25:49.215	-0.041986	-0.019438	-0.097189
16:25:49.266	-0.042572	-0.019709	-0.098546
16:25:49.317	-0.043829	-0.020291	-0.101455
16:25:49.367	-0.037371	-0.017301	-0.086507
16:25:49.418	-0.034206	-0.015836	-0.079181
16:25:49.468	-0.036414	-0.016859	-0.084293
16:25:49.519	-0.039717	-0.018388	-0.091938
16:25:49.570	-0.043322	-0.020057	-0.100283
16:25:49.620	-0.042662	-0.019751	-0.098756
16:25:49.671	-0.039338	-0.018212	-0.091060
16:25:49.721	-0.040233	-0.018626	-0.093132
16:25:49.772	-0.038355	-0.017757	-0.088785
16:25:49.823	-0.037765	-0.017484	-0.087419
16:25:49.873	-0.040177	-0.018600	-0.093002
16:25:49.924	-0.039650	-0.018356	-0.091782
16:25:49.974	-0.039016	-0.018063	-0.090316
16:25:50.025	-0.035874	-0.016608	-0.083041
16:25:50.076	-0.032519	-0.015055	-0.075275
16:25:50.126	-0.032188	-0.014902	-0.074510
16:25:50.177	-0.033750	-0.015625	-0.078126
16:25:50.227	-0.036133	-0.016728	-0.083641
16:25:50.278	-0.038856	-0.017989	-0.089944
16:25:50.329	-0.036055	-0.016692	-0.083460
16:25:50.379	-0.038125	-0.017650	-0.088252
16:25:50.430	-0.039591	-0.018329	-0.091646
16:25:50.480	-0.038413	-0.017784	-0.088918
16:25:50.531	-0.041657	-0.019286	-0.096428
16:25:50.582	-0.041494	-0.019210	-0.096050
16:25:50.632	-0.042237	-0.019554	-0.097770
16:25:50.683	-0.042883	-0.019853	-0.099265
16:25:50.734	-0.044227	-0.020476	-0.102378
16:25:50.784	-0.046983	-0.021751	-0.108757
16:25:50.835	-0.047720	-0.022093	-0.110463
16:25:50.886	-0.048150	-0.022292	-0.111459
16:25:50.936	-0.049015	-0.022692	-0.113462
16:25:50.987	-0.048292	-0.022357	-0.111786
16:25:51.038	-0.048446	-0.022429	-0.112143
16:25:51.088	-0.047496	-0.021989	-0.109945
16:25:51.139	-0.045653	-0.021136	-0.105678
16:25:51.189	-0.047625	-0.022049	-0.110243
16:25:51.240	-0.049158	-0.022758	-0.113792
16:25:51.291	-0.046789	-0.021662	-0.108309
16:25:51.341	-0.048701	-0.022547	-0.112734
16:25:51.392	-0.048287	-0.022355	-0.111775
16:25:51.442	-0.044919	-0.020796	-0.103979
16:25:51.493	-0.045400	-0.021019	-0.105093
16:25:51.544	-0.043071	-0.019941	-0.099703
16:25:51.595	-0.042350	-0.019606	-0.098031
16:25:51.646	-0.042306	-0.019586	-0.097930
16:25:51.697	-0.042828	-0.019828	-0.099139
16:25:51.748	-0.044463	-0.020585	-0.102923
16:25:51.799	-0.042754	-0.019794	-0.098969
16:25:51.850	-0.043365	-0.020077	-0.100383
16:25:51.901	-0.042660	-0.019750	-0.098751
16:25:51.951	-0.040453	-0.018728	-0.093641
16:25:52.002	-0.041876	-0.019387	-0.096936
16:25:52.053	-0.041018	-0.018990	-0.094949
16:25:52.104	-0.041096	-0.019026	-0.095129
16:25:52.155	-0.040786	-0.018882	-0.094411
16:25:52.205	-0.039077	-0.018091	-0.090456
16:25:52.256	-0.036580	-0.016935	-0.084675
16:25:52.306	-0.030559	-0.014148	-0.070738
16:25:52.357	-0.030559	-0.014148	-0.070739
16:25:52.408	-0.029224	-0.013530	-0.067648
16:25:52.459	-0.031274	-0.014479	-0.072393
16:25:52.510	-0.031844	-0.014743	-0.073714
16:25:52.561	-0.030463	-0.014103	-0.070517
16:25:52.612	-0.029506	-0.013660	-0.068302
16:25:52.663	-0.026383	-0.012214	-0.061072
16:25:52.714	-0.025735	-0.011915	-0.059573
16:25:52.765	-0.024564	-0.011372	-0.056862
16:25:52.815	-0.023834	-0.011034	-0.055172
16:25:52.866	-0.026727	-0.012374	-0.061868
16:25:52.917	-0.026504	-0.012271	-0.061353
16:25:52.967	-0.027478	-0.012722	-0.063608
16:25:53.018	-0.032195	-0.014905	-0.074526
16:25:53.068	-0.032311	-0.014959	-0.074795
16:25:53.119	-0.032115	-0.014868	-0.074341
16:25:53.169	-0.034756	-0.016091	-0.080455
16:25:53.220	-0.032923	-0.015242	-0.076211
16:25:53.270	-0.031690	-0.014671	-0.073355
16:25:53.321	-0.034138	-0.015805	-0.079023
16:25:53.371	-0.033146	-0.015346	-0.076728
16:25:53.422	-0.033408	-0.015467	-0.077334
16:25:53.473	-0.036663	-0.016974	-0.084868
16:25:53.524	-0.036616	-0.016952	-0.084759
16:25:53.574	-0.037988	-0.017587	-0.087935
16:25:53.627	-0.036609	-0.016949	-0.084743
16:25:53.678	-0.039166	-0.018132	-0.090661
16:25:53.730	-0.036506	-0.016901	-0.084506
16:25:53.782	-0.035453	-0.016413	-0.082067
16:25:53.834	-0.033041	-0.015297	-0.076483
16:25:53.887	-0.030589	-0.014162	-0.070809
16:25:53.939	-0.028032	-0.012978	-0.064889
16:25:53.991	-0.020312	-0.009404	-0.047019
16:25:54.043	-0.011650	-0.005393	-0.026966
16:25:54.095	-0.007050	-0.003264	-0.016320
16:25:54.148	-0.002135	-0.000988	-0.004942
16:25:54.200	0.002529	0.001171	0.005854
16:25:54.253	0.005392	0.002496	0.012482
16:25:54.305	0.007959	0.003685	0.018424
16:25:54.357	0.011806	0.005466	0.027328
16:25:54.409	0.011155	0.005164	0.025822
16:25:54.461	0.011785	0.005456	0.027280
16:25:54.513	0.009318	0.004314	0.021570
16:25:54.566	0.007857	0.003637	0.018187
16:25:54.618	0.009508	0.004402	0.022008
16:25:54.670	0.008205	0.003799	0.018994
16:25:54.722	0.005455	0.002525	0.012626
16:25:54.775	0.006540	0.003028	0.015138
16:25:54.827	0.005316	0.002461	0.012306
16:25:54.879	0.005318	0.002462	0.012311
16:25:54.931	0.005931	0.002746	0.013728
16:25:54.983	0.002361	0.001093	0.005465
16:25:55.036	-0.000480	-0.000222	-0.001111
16:25:55.088	-0.001692	-0.000783	-0.003917
16:25:55.140	-0.004263	-0.001974	-0.009869
16:25:55.192	-0.006505	-0.003011	-0.015057
16:25:55.244	-0.007594	-0.003516	-0.017578
16:25:55.296	-0.011303	-0.005233	-0.026165
16:25:55.346	-0.013716	-0.006350	-0.031750
16:25:55.397	-0.018334	-0.008488	-0.042440
16:25:55.447	-0.023527	-0.010892	-0.054460
16:25:55.498	-0.024456	-0.011322	-0.056611
16:25:55.549	-0.027002	-0.012501	-0.062505
16:25:55.599	-0.026924	-0.012465	-0.062323
16:25:55.650	-0.023901	-0.011065	-0.055326
16:25:55.700	-0.025771	-0.011931	-0.059654
16:25:55.751	-0.024787	-0.011476	-0.057378
16:25:55.802	-0.024829	-0.011495	-0.057474
16:25:55.852	-0.029625	-0.013715	-0.068577
16:25:55.903	-0.031241	-0.014463	-0.072316
16:25:55.954	-0.035011	-0.016209	-0.081043
16:25:56.005	-0.033919	-0.015703	-0.078516
16:25:56.056	-0.029016	-0.013433	-0.067166
16:25:56.107	-0.027333	-0.012654	-0.063271
16:25:56.158	-0.024786	-0.011475	-0.057375
16:25:56.209	-0.029435	-0.013627	-0.068136
16:25:56.260	-0.031993	-0.014812	-0.074058
16:25:56.311	-0.033398	-0.015462	-0.077310
16:25:56.361	-0.034045	-0.015762	-0.078809
16:25:56.412	-0.034265	-0.015863	-0.079317
16:25:56.463	-0.034279	-0.015870	-0.079350
16:25:56.514	-0.032437	-0.015017	-0.075087
16:25:56.565	-0.031639	-0.014648	-0.073239
16:25:56.616	-0.034722	-0.016075	-0.080375
16:25:56.667	-0.033245	-0.015391	-0.076955
16:25:56.717	-0.035221	-0.016306	-0.081529
16:25:56.768	-0.035073	-0.016237	-0.081186
16:25:56.819	-0.034774	-0.016099	-0.080496
16:25:56.870	-0.036792	-0.017033	-0.085166
16:25:56.921	-0.037470	-0.017347	-0.086737
16:25:56.972	-0.039351	-0.018218	-0.091091
16:25:57.022	-0.038837	-0.017980	-0.089901
16:25:57.073	-0.038318	-0.017740	-0.088700
16:25:57.124	-0.039357	-0.018221	-0.091104
16:25:57.175	-0.037653	-0.017432	-0.087160
16:25:57.225	-0.035889	-0.016615	-0.083077
16:25:57.276	-0.034172	-0.015820	-0.079101
16:25:57.327	-0.031529	-0.014597	-0.072983
16:25:57.377	-0.034905	-0.016160	-0.080799
16:25:57.428	-0.037164	-0.017206	-0.086029
16:25:57.478	-0.036142	-0.016733	-0.083663
16:25:57.529	-0.036818	-0.017046	-0.085228
16:25:57.579	-0.035634	-0.016497	-0.082485
16:25:57.630	-0.035172	-0.016284	-0.081418
16:25:57.680	-0.035836	-0.016591	-0.082955
16:25:57.731	-0.033326	-0.015428	-0.077142
16:25:57.782	-0.034479	-0.015962	-0.079812
16:25:57.832	-0.034688	-0.016059	-0.080297
16:25:57.883	-0.033210	-0.015375	-0.076876
16:25:57.933	-0.034467	-0.015957	-0.079785
16:25:57.984	-0.033501	-0.015510	-0.077548
16:25:58.034	-0.032082	-0.014853	-0.074265
16:25:58.085	-0.031903	-0.014770	-0.073850
16:25:58.136	-0.029143	-0.013492	-0.067460
16:25:58.186	-0.029958	-0.013869	-0.069346
16:25:58.237	-0.028457	-0.013175	-0.065873
16:25:58.287	-0.025407	-0.011762	-0.058812
16:25:58.338	-0.025521	-0.011815	-0.059075
16:25:58.388	-0.024167	-0.011188	-0.055941
16:25:58.439	-0.023534	-0.010896	-0.054478
16:25:58.490	-0.026136	-0.012100	-0.060499
16:25:58.540	-0.025295	-0.011710	-0.058552
16:25:58.591	-0.025781	-0.011936	-0.059679
16:25:58.642	-0.025978	-0.012027	-0.060134
16:25:58.693	-0.025220	-0.011676	-0.058379
16:25:58.744	-0.026148	-0.012105	-0.060527
16:25:58.795	-0.023755	-0.010998	-0.054989
16:25:58.846	-0.025643	-0.011872	-0.059358
16:25:58.896	-0.024701	-0.011436	-0.057179
16:25:58.947	-0.025327	-0.011726	-0.058628
16:25:58.998	-0.025387	-0.011753	-0.058765
16:25:59.049	-0.026026	-0.012049	-0.060245
16:25:59.100	-0.027615	-0.012785	-0.063923
16:25:59.151	-0.026909	-0.012458	-0.062289
16:25:59.201	-0.026289	-0.012171	-0.060853
16:25:59.252	-0.025402	-0.011760	-0.058802
16:25:59.303	-0.021517	-0.009961	-0.049807
16:25:59.354	-0.021902	-0.010140	-0.050699
16:25:59.405	-0.020181	-0.009343	-0.046716
16:25:59.456	-0.020834	-0.009645	-0.048227
16:25:59.507	-0.022233	-0.010293	-0.051465
16:25:59.557	-0.020538	-0.009508	-0.047541
16:25:59.608	-0.021817	-0.010101	-0.050503
16:25:59.659	-0.022918	-0.010610	-0.053051
16:25:59.710	-0.024572	-0.011376	-0.056880
16:25:59.761	-0.026521	-0.012278	-0.061390
16:25:59.812	-0.025979	-0.012027	-0.060137
16:25:59.862	-0.027935	-0.012933	-0.064665
16:25:59.913	-0.025793	-0.011941	-0.059705
16:25:59.964	-0.025082	-0.011612	-0.058060
16:26:00.015	-0.025477	-0.011795	-0.058976
16:26:00.066	-0.024186	-0.011197	-0.055985
16:26:00.117	-0.025057	-0.011600	-0.058002
16:26:00.167	-0.024008	-0.011115	-0.055575
16:26:00.218	-0.025813	-0.011951	-0.059753
16:26:00.269	-0.027722	-0.012834	-0.064171
16:26:00.320	-0.027776	-0.012859	-0.064297
16:26:00.371	-0.032459	-0.015027	-0.075137
16:26:00.422	-0.032838	-0.015203	-0.076014
16:26:00.472	-0.033733	-0.015617	-0.078086
16:26:00.523	-0.033128	-0.015337	-0.076686
16:26:00.574	-0.032322	-0.014964	-0.074819
16:26:00.625	-0.032703	-0.015140	-0.075701
16:26:00.676	-0.032937	-0.015248	-0.076242
16:26:00.727	-0.032897	-0.015230	-0.076151
16:26:00.778	-0.033870	-0.015680	-0.078402
16:26:00.828	-0.030998	-0.014351	-0.071754
16:26:00.879	-0.031762	-0.014705	-0.073524
16:26:00.930	-0.032155	-0.014887	-0.074433
16:26:00.981	-0.031137	-0.014415	-0.072075
16:26:01.032	-0.032172	-0.014894	-0.074472
16:26:01.087	-0.032926	-0.015244	-0.076218
16:26:01.138	-0.031846	-0.014744	-0.073718
16:26:01.189	-0.032994	-0.015275	-0.076374
16:26:01.239	-0.030726	-0.014225	-0.071125
16:26:01.290	-0.029984	-0.013882	-0.069408
16:26:01.341	-0.030722	-0.014223	-0.071115
16:26:01.392	-0.028967	-0.013411	-0.067054
16:26:01.443	-0.030887	-0.014300	-0.071499
16:26:01.493	-0.029484	-0.013650	-0.068251
16:26:01.544	-0.029449	-0.013634	-0.068168
16:26:01.595	-0.029232	-0.013533	-0.067666
16:26:01.646	-0.027405	-0.012687	-0.063437
16:26:01.697	-0.027203	-0.012594	-0.062970
16:26:01.748	-0.025533	-0.011821	-0.059105
16:26:01.798	-0.024306	-0.011253	-0.056263
16:26:01.849	-0.023410	-0.010838	-0.054189
16:26:01.900	-0.020762	-0.009612	-0.048061
16:26:01.951	-0.022113	-0.010238	-0.051188
16:26:02.002	-0.019470	-0.009014	-0.045071
16:26:02.053	-0.019742	-0.009140	-0.045698
16:26:02.104	-0.018366	-0.008503	-0.042513
16:26:02.155	-0.015653	-0.007247	-0.036233
16:26:02.205	-0.016600	-0.007685	-0.038427
16:26:02.256	-0.015020	-0.006954	-0.034768
16:26:02.307	-0.015391	-0.007125	-0.035626
16:26:02.358	-0.014920	-0.006907	-0.034537
16:26:02.409	-0.013456	-0.006230	-0.031149
16:26:02.460	-0.014289	-0.006615	-0.033077
16:26:02.511	-0.012814	-0.005932	-0.029661
16:26:02.561	-0.013091	-0.006061	-0.030303
16:26:02.612	-0.012501	-0.005788	-0.028938
16:26:02.663	-0.010968	-0.005078	-0.025389
16:26:02.714	-0.011987	-0.005550	-0.027748
16:26:02.765	-0.009334	-0.004321	-0.021606
16:26:02.816	-0.010097	-0.004675	-0.023373
16:26:02.867	-0.010479	-0.004852	-0.024258
16:26:02.917	-0.008925	-0.004132	-0.020659
16:26:02.968	-0.009494	-0.004396	-0.021978
16:26:03.019	-0.007565	-0.003502	-0.017511
16:26:03.070	-0.008126	-0.003762	-0.018810
16:26:03.121	-0.007690	-0.003560	-0.017802
16:26:03.172	-0.006650	-0.003079	-0.015393
16:26:03.223	-0.008029	-0.003717	-0.018586
16:26:03.273	-0.006767	-0.003133	-0.015665
16:26:03.324	-0.007635	-0.003535	-0.017673
16:26:03.375	-0.007531	-0.003487	-0.017434
16:26:03.426	-0.006057	-0.002804	-0.014020
16:26:03.477	-0.007795	-0.003609	-0.018045
16:26:03.528	-0.006235	-0.002887	-0.014433
16:26:03.579	-0.007273	-0.003367	-0.016836
16:26:03.629	-0.007267	-0.003364	-0.016821
16:26:03.680	-0.006640	-0.003074	-0.015371
16:26:03.731	-0.008179	-0.003787	-0.018934
16:26:03.782	-0.007065	-0.003271	-0.016354
16:26:03.833	-0.007795	-0.003609	-0.018045
16:26:03.883	-0.008555	-0.003961	-0.019804
16:26:03.934	-0.007844	-0.003631	-0.018157
16:26:03.985	-0.009650	-0.004467	-0.022337
16:26:04.036	-0.010356	-0.004794	-0.023972
16:26:04.087	-0.012743	-0.005900	-0.029499
16:26:04.138	-0.012831	-0.005940	-0.029701
16:26:04.189	-0.013805	-0.006391	-0.031957
16:26:04.240	-0.013904	-0.006437	-0.032186
16:26:04.290	-0.015431	-0.007144	-0.035719
16:26:04.341	-0.016648	-0.007707	-0.038537
16:26:04.392	-0.015968	-0.007392	-0.036962
16:26:04.443	-0.017159	-0.007944	-0.039720
16:26:04.494	-0.016259	-0.007527	-0.037636
16:26:04.545	-0.018057	-0.008360	-0.041798
16:26:04.595	-0.018589	-0.008606	-0.043030
16:26:04.646	-0.020549	-0.009513	-0.047567
16:26:04.697	-0.022276	-0.010313	-0.051564
16:26:04.748	-0.023091	-0.010690	-0.053452
16:26:04.799	-0.025435	-0.011775	-0.058877
16:26:04.850	-0.027525	-0.012743	-0.063714
16:26:04.900	-0.030670	-0.014199	-0.070996
16:26:04.951	-0.031736	-0.014693	-0.073463
16:26:05.002	-0.031216	-0.014452	-0.072259
16:26:05.053	-0.028389	-0.013143	-0.065715
16:26:05.104	-0.027700	-0.012824	-0.064120
16:26:05.155	-0.033277	-0.015406	-0.077031
16:26:05.205	-0.030816	-0.014267	-0.071333
16:26:05.257	-0.031665	-0.014660	-0.073300
16:26:05.307	-0.028791	-0.013329	-0.066647
16:26:05.359	-0.031957	-0.014795	-0.073975
16:26:05.410	-0.034926	-0.016169	-0.080847
16:26:05.461	-0.036993	-0.017127	-0.085633
16:26:05.512	-0.037346	-0.017290	-0.086449
16:26:05.562	-0.037069	-0.017161	-0.085807
16:26:05.614	-0.033441	-0.015482	-0.077411
16:26:05.665	-0.031803	-0.014724	-0.073618
16:26:05.716	-0.029839	-0.013814	-0.069072
16:26:05.767	-0.030648	-0.014189	-0.070945
16:26:05.818	-0.028968	-0.013411	-0.067056
16:26:05.869	-0.028807	-0.013336	-0.066682
16:26:05.920	-0.025995	-0.012035	-0.060173
16:26:05.971	-0.025143	-0.011640	-0.058201
16:26:06.022	-0.024632	-0.011404	-0.057019
16:26:06.073	-0.022489	-0.010411	-0.052057
16:26:06.124	-0.026106	-0.012086	-0.060430
16:26:06.175	-0.020109	-0.009310	-0.046549
16:26:06.226	-0.017644	-0.008169	-0.040843
16:26:06.277	-0.014718	-0.006814	-0.034070
16:26:06.328	-0.017164	-0.007946	-0.039732
16:26:06.379	-0.017649	-0.008171	-0.040854
16:26:06.430	-0.011647	-0.005392	-0.026960
16:26:06.481	-0.011189	-0.005180	-0.025901
16:26:06.532	-0.012726	-0.005892	-0.029459
16:26:06.583	-0.012044	-0.005576	-0.027879
16:26:06.634	-0.015349	-0.007106	-0.035531
16:26:06.686	-0.014096	-0.006526	-0.032629
16:26:06.737	-0.016165	-0.007484	-0.037419
16:26:06.788	-0.016405	-0.007595	-0.037975
16:26:06.838	-0.018813	-0.008710	-0.043549
16:26:06.890	-0.021087	-0.009763	-0.048813
16:26:06.941	-0.020890	-0.009671	-0.048356
16:26:06.992	-0.022961	-0.010630	-0.053150
16:26:07.042	-0.020709	-0.009588	-0.047939
16:26:07.093	-0.018917	-0.008758	-0.043789
16:26:07.145	-0.017168	-0.007948	-0.039740
16:26:07.195	-0.013481	-0.006241	-0.031205
16:26:07.246	-0.011446	-0.005299	-0.026496
16:26:07.297	-0.016581	-0.007676	-0.038381
16:26:07.348	-0.012448	-0.005763	-0.028814
16:26:07.399	-0.011281	-0.005223	-0.026114
16:26:07.450	-0.011909	-0.005513	-0.027567
16:26:07.501	-0.011026	-0.005105	-0.025523
16:26:07.552	-0.011000	-0.005092	-0.025462
16:26:07.603	-0.010147	-0.004698	-0.023489
16:26:07.654	-0.008868	-0.004105	-0.020527
16:26:07.705	-0.009316	-0.004313	-0.021566
16:26:07.756	-0.008204	-0.003798	-0.018992
16:26:07.807	-0.009213	-0.004265	-0.021325
16:26:07.858	-0.006922	-0.003204	-0.016022
16:26:07.909	-0.009556	-0.004424	-0.022120
16:26:07.960	-0.007283	-0.003372	-0.016859
16:26:08.011	-0.006467	-0.002994	-0.014970
16:26:08.062	-0.003285	-0.001521	-0.007604
16:26:08.113	-0.002107	-0.000975	-0.004877
16:26:08.164	-0.001413	-0.000654	-0.003270
16:26:08.215	-0.002190	-0.001014	-0.005069
16:26:08.266	-0.002041	-0.000945	-0.004726
16:26:08.317	-0.002977	-0.001378	-0.006890
16:26:08.368	-0.004747	-0.002198	-0.010988
16:26:08.419	-0.003366	-0.001558	-0.007791
16:26:08.470	-0.004780	-0.002213	-0.011066
16:26:08.521	-0.003843	-0.001779	-0.008895
16:26:08.572	-0.005462	-0.002529	-0.012644
16:26:08.623	-0.009090	-0.004208	-0.021042
16:26:08.675	-0.001434	-0.000664	-0.003319
16:26:08.726	0.001184	0.000548	0.002740
16:26:08.777	-0.000858	-0.000397	-0.001986
16:26:08.828	-0.001794	-0.000831	-0.004153
16:26:08.879	-0.001083	-0.000501	-0.002506
16:26:08.930	-0.003848	-0.001781	-0.008907
16:26:08.981	0.003135	0.001451	0.007257
16:26:09.032	0.015941	0.007380	0.036900
16:26:09.083	0.030364	0.014057	0.070287
16:26:09.134	0.032321	0.014964	0.074818
16:26:09.185	0.036395	0.016849	0.084247
16:26:09.236	0.040229	0.018625	0.093123
16:26:09.287	0.041053	0.019006	0.095030
16:26:09.338	0.044319	0.020518	0.102591
16:26:09.389	0.042463	0.019659	0.098293
16:26:09.440	0.045765	0.021187	0.105937
16:26:09.491	0.042701	0.019769	0.098844
16:26:09.542	0.039342	0.018214	0.091070
16:26:09.593	0.042270	0.019569	0.097847
16:26:09.644	0.044989	0.020828	0.104142
16:26:09.695	0.054474	0.025219	0.126097
16:26:09.746	0.058548	0.027106	0.135528
16:26:09.797	0.061159	0.028314	0.141572
16:26:09.848	0.060866	0.028179	0.140894
16:26:09.898	0.062099	0.028750	0.143748
16:26:09.949	0.063599	0.029444	0.147221
16:26:10.000	0.063590	0.029440	0.147199
16:26:10.051	0.066250	0.030671	0.153356
16:26:10.102	0.067143	0.031085	0.155423
16:26:10.153	0.072698	0.033656	0.168282
16:26:10.205	0.075079	0.034759	0.173794
16:26:10.256	0.076039	0.035203	0.176016
16:26:10.306	0.078895	0.036526	0.182628
16:26:10.358	0.082696	0.038285	0.191426
16:26:10.409	0.087885	0.040688	0.203438
16:26:10.460	0.086733	0.040154	0.200771
16:26:10.510	0.083997	0.038887	0.194437
16:26:10.561	0.077249	0.035764	0.178818
16:26:10.612	0.074990	0.034717	0.173587
16:26:10.664	0.072243	0.033446	0.167229
16:26:10.715	0.069351	0.032107	0.160534
16:26:10.766	0.069579	0.032212	0.161062
16:26:10.817	0.066869	0.030958	0.154789
16:26:10.868	0.067475	0.031238	0.156192
16:26:10.919	0.066263	0.030677	0.153387
16:26:10.970	0.066559	0.030815	0.154073
16:26:11.021	0.065956	0.030535	0.152675
16:26:11.072	0.061556	0.028498	0.142490
16:26:11.123	0.060505	0.028012	0.140058
16:26:11.174	0.058811	0.027227	0.136136
16:26:11.225	0.066527	0.030799	0.153997
16:26:11.276	0.066596	0.030832	0.154158
16:26:11.327	0.064441	0.029834	0.149169
16:26:11.378	0.063469	0.029384	0.146920
16:26:11.429	0.061573	0.028506	0.142530
16:26:11.481	0.061881	0.028649	0.143243
16:26:11.532	0.063231	0.029274	0.146368
16:26:11.583	0.065699	0.030416	0.152080
16:26:11.634	0.065106	0.030141	0.150707
16:26:11.685	0.063928	0.029596	0.147980
16:26:11.736	0.060013	0.027784	0.138919
16:26:11.787	0.058490	0.027079	0.135393
16:26:11.838	0.055085	0.025502	0.127511
16:26:11.889	0.053822	0.024918	0.124589
16:26:11.940	0.056557	0.026184	0.130918
16:26:11.991	0.056952	0.026367	0.131834
16:26:12.042	0.059694	0.027636	0.138181
16:26:12.093	0.057815	0.026766	0.133830
16:26:12.144	0.060308	0.027920	0.139601
16:26:12.195	0.061322	0.028390	0.141949
16:26:12.246	0.062382	0.028881	0.144403
16:26:12.297	0.062526	0.028947	0.144737
16:26:12.348	0.063937	0.029600	0.148001
16:26:12.399	0.065074	0.030127	0.150635
16:26:12.450	0.060434	0.027979	0.139893
16:26:12.501	0.056667	0.026235	0.131173
16:26:12.552	0.053495	0.024766	0.123830
16:26:12.603	0.053863	0.024937	0.124684
16:26:12.654	0.054860	0.025398	0.126990
16:26:12.705	0.057688	0.026707	0.133537
16:26:12.756	0.059479	0.027537	0.137684
16:26:12.807	0.056959	0.026370	0.131851
16:26:12.858	0.054360	0.025167	0.125834
16:26:12.909	0.053965	0.024984	0.124919
16:26:12.960	0.057873	0.026793	0.133966
16:26:13.011	0.059720	0.027648	0.138241
16:26:13.062	0.059818	0.027694	0.138468
16:26:13.113	0.060824	0.028159	0.140796
16:26:13.164	0.060978	0.028231	0.141153
16:26:13.215	0.062244	0.028817	0.144083
16:26:13.266	0.059275	0.027442	0.137211
16:26:13.317	0.055688	0.025781	0.128907
16:26:13.368	0.052924	0.024502	0.122508
16:26:13.419	0.055420	0.025658	0.128288
16:26:13.470	0.059989	0.027773	0.138865
16:26:13.521	0.057567	0.026651	0.133257
16:26:13.572	0.057546	0.026641	0.133207
16:26:13.623	0.053395	0.024720	0.123599
16:26:13.673	0.046772	0.021654	0.108269
16:26:13.725	0.040923	0.018946	0.094729
16:26:13.776	0.037885	0.017540	0.087698
16:26:13.827	0.038853	0.017987	0.089937
16:26:13.878	0.037454	0.017340	0.086700
16:26:13.929	0.042014	0.019451	0.097255
16:26:13.980	0.043343	0.020066	0.100331
16:26:14.031	0.044191	0.020459	0.102293
16:26:14.081	0.044536	0.020619	0.103093
16:26:14.133	0.041466	0.019197	0.095985
16:26:14.184	0.043736	0.020248	0.101241
16:26:14.235	0.043900	0.020324	0.101621
16:26:14.286	0.047884	0.022169	0.110843
16:26:14.337	0.047809	0.022134	0.110669
16:26:14.388	0.043313	0.020052	0.100262
16:26:14.439	0.037763	0.017483	0.087414
16:26:14.490	0.037183	0.017214	0.086072
16:26:14.541	0.040569	0.018782	0.093910
16:26:14.592	0.042640	0.019741	0.098703
16:26:14.643	0.035641	0.016501	0.082503
16:26:14.694	0.029552	0.013681	0.068407
16:26:14.745	0.025986	0.012031	0.060153
16:26:14.796	0.024018	0.011119	0.055596
16:26:14.847	0.026133	0.012099	0.060493
16:26:14.898	0.032775	0.015174	0.075868
16:26:14.949	0.034742	0.016084	0.080422
16:26:15.000	0.036874	0.017072	0.085358
16:26:15.051	0.033959	0.015722	0.078608
16:26:15.102	0.033296	0.015415	0.077075
16:26:15.153	0.032235	0.014924	0.074619
16:26:15.204	0.032022	0.014825	0.074125
16:26:15.255	0.035901	0.016621	0.083103
16:26:15.306	0.039186	0.018142	0.090709
16:26:15.357	0.043302	0.020047	0.100237
16:26:15.408	0.045544	0.021085	0.105425
16:26:15.459	0.045599	0.021110	0.105552
16:26:15.510	0.042898	0.019860	0.099301
16:26:15.561	0.042625	0.019734	0.098668
16:26:15.612	0.039416	0.018248	0.091241
16:26:15.663	0.037738	0.017471	0.087356
16:26:15.714	0.041943	0.019418	0.097090
16:26:15.765	0.045904	0.021252	0.106260
16:26:15.816	0.047095	0.021803	0.109016
16:26:15.867	0.042151	0.019514	0.097572
16:26:15.918	0.036079	0.016703	0.083516
16:26:15.969	0.019613	0.009080	0.045399
16:26:16.020	0.009103	0.004215	0.021073
16:26:16.071	0.000254	0.000118	0.000588
16:26:16.122	-0.003589	-0.001662	-0.008309
16:26:16.173	-0.006666	-0.003086	-0.015430
16:26:16.224	-0.004057	-0.001878	-0.009391
16:26:16.275	-0.001719	-0.000796	-0.003979
16:26:16.326	0.004171	0.001931	0.009655
16:26:16.377	0.004726	0.002188	0.010941
16:26:16.428	0.009014	0.004173	0.020867
16:26:16.480	0.008536	0.003952	0.019758
16:26:16.530	0.007437	0.003443	0.017216
16:26:16.581	0.002938	0.001360	0.006801
16:26:16.632	-0.002443	-0.001131	-0.005654
16:26:16.683	0.000678	0.000314	0.001571
16:26:16.735	0.009225	0.004271	0.021353
16:26:16.786	0.029030	0.013440	0.067199
16:26:16.837	0.035604	0.016483	0.082416
16:26:16.888	0.023048	0.010670	0.053351
16:26:16.938	0.008200	0.003796	0.018982
16:26:16.989	-0.007010	-0.003245	-0.016227
16:26:17.040	-0.017639	-0.008166	-0.040832
16:26:17.091	-0.023046	-0.010670	-0.053348
16:26:17.142	-0.022500	-0.010417	-0.052084
16:26:17.193	-0.017801	-0.008241	-0.041206
16:26:17.245	-0.013415	-0.006211	-0.031053
16:26:17.296	-0.006469	-0.002995	-0.014974
16:26:17.347	-0.004698	-0.002175	-0.010876
16:26:17.398	-0.004856	-0.002248	-0.011242
16:26:17.449	-0.005936	-0.002748	-0.013740
16:26:17.500	-0.004752	-0.002200	-0.010999
16:26:17.551	-0.005620	-0.002602	-0.013009
16:26:17.602	-0.005078	-0.002351	-0.011755
16:26:17.653	-0.007285	-0.003373	-0.016863
16:26:17.704	-0.009181	-0.004250	-0.021252
16:26:17.755	-0.007944	-0.003678	-0.018388
16:26:17.806	-0.009328	-0.004318	-0.021592
16:26:17.857	-0.006115	-0.002831	-0.014156
16:26:17.908	-0.005842	-0.002705	-0.013524
16:26:17.959	-0.000697	-0.000323	-0.001614
16:26:18.010	0.002095	0.000970	0.004849
16:26:18.061	0.003310	0.001532	0.007662
16:26:18.112	0.004550	0.002106	0.010532
16:26:18.163	0.004164	0.001928	0.009640
16:26:18.214	0.007233	0.003348	0.016742
16:26:18.265	0.004074	0.001886	0.009430
16:26:18.316	0.003795	0.001757	0.008784
16:26:18.367	0.000809	0.000374	0.001872
16:26:18.418	-0.000522	-0.000242	-0.001209
16:26:18.469	-0.000959	-0.000444	-0.002220
16:26:18.520	-0.002894	-0.001340	-0.006699
16:26:18.571	-0.002478	-0.001147	-0.005735
16:26:18.622	-0.009129	-0.004227	-0.021133
16:26:18.673	-0.015743	-0.007288	-0.036442
16:26:18.724	-0.025239	-0.011685	-0.058424
16:26:18.775	-0.031199	-0.014444	-0.072220
16:26:18.826	-0.032033	-0.014830	-0.074150
16:26:18.877	-0.032037	-0.014832	-0.074160
16:26:18.928	-0.026208	-0.012133	-0.060666
16:26:18.979	-0.023995	-0.011109	-0.055544
16:26:19.030	-0.022844	-0.010576	-0.052879
16:26:19.081	-0.027268	-0.012624	-0.063121
16:26:19.132	-0.033447	-0.015485	-0.077425
16:26:19.183	-0.038373	-0.017765	-0.088826
16:26:19.234	-0.044438	-0.020573	-0.102865
16:26:19.285	-0.046989	-0.021754	-0.108772
16:26:19.336	-0.051847	-0.024003	-0.120016
16:26:19.387	-0.052798	-0.024443	-0.122217
16:26:19.438	-0.056870	-0.026329	-0.131644
16:26:19.489	-0.057482	-0.026612	-0.133060
16:26:19.540	-0.055926	-0.025892	-0.129459
16:26:19.591	-0.055587	-0.025735	-0.128673
16:26:19.642	-0.049879	-0.023092	-0.115461
16:26:19.693	-0.049407	-0.022873	-0.114367
16:26:19.744	-0.044946	-0.020808	-0.104042
16:26:19.795	-0.042567	-0.019707	-0.098536
16:26:19.846	-0.039838	-0.018443	-0.092217
16:26:19.897	-0.037213	-0.017228	-0.086142
16:26:19.948	-0.038746	-0.017938	-0.089689
16:26:19.999	-0.037347	-0.017290	-0.086452
16:26:20.050	-0.040800	-0.018889	-0.094444
16:26:20.101	-0.039971	-0.018505	-0.092526
16:26:20.152	-0.043254	-0.020025	-0.100126
16:26:20.203	-0.047360	-0.021926	-0.109630
16:26:20.254	-0.050814	-0.023525	-0.117624
16:26:20.305	-0.055388	-0.025643	-0.128213
16:26:20.357	-0.056210	-0.026023	-0.130117
16:26:20.408	-0.061911	-0.028663	-0.143313
16:26:20.459	-0.062453	-0.028913	-0.144567
16:26:20.510	-0.063546	-0.029419	-0.147097
16:26:20.561	-0.063699	-0.029490	-0.147452
16:26:20.611	-0.063360	-0.029333	-0.146667
16:26:20.663	-0.064993	-0.030089	-0.150446
16:26:20.714	-0.064363	-0.029798	-0.148989
16:26:20.765	-0.064053	-0.029654	-0.148272
16:26:20.816	-0.062522	-0.028945	-0.144726
16:26:20.867	-0.061969	-0.028689	-0.143446
16:26:20.918	-0.061933	-0.028673	-0.143363
16:26:20.969	-0.060481	-0.028001	-0.140003
16:26:21.020	-0.061297	-0.028378	-0.141892
16:26:21.071	-0.059671	-0.027625	-0.138127
16:26:21.122	-0.059408	-0.027504	-0.137519
16:26:21.173	-0.059616	-0.027600	-0.138000
16:26:21.224	-0.057387	-0.026568	-0.132840
16:26:21.275	-0.057989	-0.026847	-0.134235
16:26:21.326	-0.056643	-0.026223	-0.131117
16:26:21.377	-0.056326	-0.026077	-0.130385
16:26:21.428	-0.056752	-0.026274	-0.131371
16:26:21.479	-0.056485	-0.026151	-0.130753
16:26:21.530	-0.057146	-0.026456	-0.132282
16:26:21.581	-0.055440	-0.025666	-0.128332
16:26:21.632	-0.057433	-0.026589	-0.132947
16:26:21.683	-0.056015	-0.025933	-0.129665
16:26:21.734	-0.056804	-0.026298	-0.131490
16:26:21.785	-0.058543	-0.027103	-0.135517
16:26:21.836	-0.058421	-0.027047	-0.135234
16:26:21.888	-0.059731	-0.027653	-0.138266
16:26:21.938	-0.059146	-0.027383	-0.136913
16:26:21.989	-0.059930	-0.027745	-0.138727
16:26:22.040	-0.060104	-0.027826	-0.139130
16:26:22.092	-0.060274	-0.027904	-0.139522
16:26:22.143	-0.061948	-0.028680	-0.143398
16:26:22.194	-0.061934	-0.028673	-0.143365
16:26:22.245	-0.064651	-0.029931	-0.149655
16:26:22.296	-0.064421	-0.029825	-0.149123
16:26:22.347	-0.064837	-0.030017	-0.150086
16:26:22.398	-0.064717	-0.029961	-0.149807
16:26:22.449	-0.065094	-0.030136	-0.150681
16:26:22.500	-0.065018	-0.030101	-0.150504
16:26:22.551	-0.064281	-0.029760	-0.148798
16:26:22.602	-0.064752	-0.029978	-0.149888
16:26:22.653	-0.063114	-0.029219	-0.146096
16:26:22.704	-0.062163	-0.028779	-0.143895
16:26:22.755	-0.060983	-0.028233	-0.141164
16:26:22.806	-0.058753	-0.027200	-0.136002
16:26:22.857	-0.057516	-0.026628	-0.133139
16:26:22.908	-0.056176	-0.026008	-0.130038
16:26:22.959	-0.055613	-0.025747	-0.128734
16:26:23.010	-0.052973	-0.024524	-0.122622
16:26:23.061	-0.050244	-0.023261	-0.116306
16:26:23.112	-0.046076	-0.021331	-0.106656
16:26:23.163	-0.040558	-0.018777	-0.093885
16:26:23.214	-0.035449	-0.016411	-0.082057
16:26:23.265	-0.030887	-0.014299	-0.071497
16:26:23.316	-0.027399	-0.012685	-0.063424
16:26:23.367	-0.022427	-0.010383	-0.051915
16:26:23.418	-0.018461	-0.008547	-0.042734
16:26:23.469	-0.015276	-0.007072	-0.035362
16:26:23.520	-0.010571	-0.004894	-0.024469
16:26:23.571	-0.008545	-0.003956	-0.019779
16:26:23.622	-0.003869	-0.001791	-0.008957
16:26:23.673	-0.001115	-0.000516	-0.002582
16:26:23.724	0.001962	0.000908	0.004542
16:26:23.775	0.005735	0.002655	0.013277
16:26:23.826	0.010633	0.004923	0.024614
16:26:23.877	0.016517	0.007647	0.038235
16:26:23.928	0.018846	0.008725	0.043626
16:26:23.979	0.024173	0.011191	0.055955
16:26:24.030	0.026118	0.012092	0.060458
16:26:24.081	0.029925	0.013854	0.069272
16:26:24.132	0.032697	0.015138	0.075688
16:26:24.183	0.035613	0.016488	0.082438
16:26:24.234	0.040776	0.018878	0.094389
16:26:24.285	0.043170	0.019986	0.099930
16:26:24.336	0.044320	0.020519	0.102594
16:26:24.388	0.044157	0.020443	0.102215
16:26:24.438	0.044024	0.020382	0.101909
16:26:24.489	0.043006	0.019910	0.099550
16:26:24.541	0.043478	0.020129	0.100644
16:26:24.592	0.046239	0.021407	0.107035
16:26:24.643	0.046098	0.021341	0.106707
16:26:24.694	0.046552	0.021552	0.107760
16:26:24.745	0.044967	0.020818	0.104091
16:26:24.796	0.048118	0.022277	0.111385
16:26:24.847	0.051351	0.023774	0.118869
16:26:24.898	0.055789	0.025828	0.129142
16:26:24.949	0.063120	0.029222	0.146112
16:26:25.000	0.066978	0.031008	0.155042
16:26:25.051	0.071722	0.033204	0.166022
16:26:25.102	0.074910	0.034680	0.173402
16:26:25.153	0.077534	0.035895	0.179477
16:26:25.204	0.079383	0.036751	0.183757
16:26:25.255	0.080782	0.037399	0.186995
16:26:25.306	0.082157	0.038036	0.190178
16:26:25.357	0.080565	0.037299	0.186494
16:26:25.408	0.080030	0.037051	0.185255
16:26:25.459	0.078451	0.036320	0.181600
16:26:25.510	0.078731	0.036449	0.182247
16:26:25.561	0.080032	0.037052	0.185260
16:26:25.612	0.082311	0.038107	0.190535
16:26:25.663	0.087154	0.040349	0.201746
16:26:25.715	0.087152	0.040348	0.201740
16:26:25.766	0.090138	0.041731	0.208654
16:26:25.817	0.090540	0.041917	0.209584
16:26:25.868	0.091369	0.042300	0.211502
16:26:25.919	0.092346	0.042753	0.213764
16:26:25.970	0.091178	0.042212	0.211060
16:26:26.021	0.094351	0.043681	0.218404
16:26:26.072	0.093656	0.043359	0.216797
16:26:26.123	0.097499	0.045138	0.225692
16:26:26.174	0.098010	0.045375	0.226875
16:26:26.225	0.098119	0.045425	0.227127
16:26:26.276	0.098977	0.045823	0.229114
16:26:26.327	0.101123	0.046816	0.234080
16:26:26.378	0.107934	0.049969	0.249846
16:26:26.429	0.113249	0.052430	0.262151
16:26:26.480	0.118034	0.054645	0.273226
16:26:26.531	0.117568	0.054430	0.272149
16:26:26.582	0.118290	0.054764	0.273820
16:26:26.633	0.118873	0.055034	0.275169
16:26:26.684	0.120067	0.055586	0.277932
16:26:26.735	0.117348	0.054328	0.271640
16:26:26.786	0.114145	0.052845	0.264225
16:26:26.837	0.112106	0.051901	0.259504
16:26:26.888	0.105268	0.048735	0.243677
16:26:26.939	0.102412	0.047413	0.237065
16:26:26.990	0.096325	0.044595	0.222975
16:26:27.040	0.096847	0.044836	0.224182
16:26:27.091	0.096660	0.044750	0.223749
16:26:27.142	0.099443	0.046038	0.230191
16:26:27.193	0.104123	0.048205	0.241026
16:26:27.244	0.105317	0.048758	0.243788
16:26:27.295	0.107902	0.049955	0.249774
16:26:27.346	0.104365	0.048317	0.241585
16:26:27.396	0.102443	0.047427	0.237136
16:26:27.447	0.096283	0.044576	0.222878
16:26:27.498	0.089709	0.041532	0.207659
16:26:27.549	0.083055	0.038451	0.192257
16:26:27.600	0.073217	0.033897	0.169485
16:26:27.651	0.067534	0.031266	0.156330
16:26:27.702	0.056206	0.026021	0.130105
16:26:27.752	0.048333	0.022377	0.111883
16:26:27.803	0.038502	0.017825	0.089126
16:26:27.854	0.030289	0.014023	0.070113
16:26:27.905	0.023296	0.010785	0.053925
16:26:27.956	0.014417	0.006675	0.033374
16:26:28.007	0.009320	0.004315	0.021573
16:26:28.058	0.000158	0.000073	0.000365
16:26:28.108	-0.005329	-0.002467	-0.012336
16:26:28.159	-0.013264	-0.006141	-0.030704
16:26:28.210	-0.018646	-0.008632	-0.043161
16:26:28.261	-0.021995	-0.010183	-0.050914
16:26:28.312	-0.027915	-0.012924	-0.064618
16:26:28.363	-0.028434	-0.013164	-0.065820
16:26:28.414	-0.032483	-0.015038	-0.075192
16:26:28.465	-0.032894	-0.015229	-0.076143
16:26:28.515	-0.034431	-0.015940	-0.079700
16:26:28.566	-0.035695	-0.016525	-0.082626
16:26:28.617	-0.035800	-0.016574	-0.082870
16:26:28.668	-0.038229	-0.017699	-0.088493
16:26:28.719	-0.039148	-0.018124	-0.090621
16:26:28.770	-0.041809	-0.019356	-0.096780
16:26:28.821	-0.043919	-0.020333	-0.101665
16:26:28.872	-0.044306	-0.020512	-0.102560
16:26:28.922	-0.048308	-0.022365	-0.111824
16:26:28.973	-0.049263	-0.022807	-0.114035
16:26:29.024	-0.052817	-0.024452	-0.122261
16:26:29.075	-0.055653	-0.025765	-0.128826
16:26:29.126	-0.057989	-0.026847	-0.134234
16:26:29.177	-0.061585	-0.028512	-0.142559
16:26:29.228	-0.060312	-0.027922	-0.139612
16:26:29.279	-0.062064	-0.028733	-0.143667
16:26:29.330	-0.059913	-0.027738	-0.138688
16:26:29.380	-0.058664	-0.027159	-0.135796
16:26:29.431	-0.056299	-0.026064	-0.130321
16:26:29.482	-0.051605	-0.023891	-0.119456
16:26:29.533	-0.048685	-0.022539	-0.112697
16:26:29.584	-0.042872	-0.019848	-0.099240
16:26:29.635	-0.036636	-0.016961	-0.084806
16:26:29.686	-0.030714	-0.014219	-0.071096
16:26:29.737	-0.023052	-0.010672	-0.053361
16:26:29.787	-0.019810	-0.009171	-0.045856
16:26:29.838	-0.014901	-0.006899	-0.034493
16:26:29.889	-0.013684	-0.006335	-0.031675
16:26:29.940	-0.011794	-0.005460	-0.027301
16:26:29.991	-0.011454	-0.005303	-0.026515
16:26:30.042	-0.010084	-0.004668	-0.023342
16:26:30.093	-0.005623	-0.002603	-0.013015
16:26:30.143	-0.001344	-0.000622	-0.003112
16:26:30.194	0.002293	0.001062	0.005308
16:26:30.245	0.008800	0.004074	0.020371
16:26:30.296	0.013056	0.006044	0.030222
16:26:30.347	0.019014	0.008803	0.044014
16:26:30.398	0.020457	0.009471	0.047354
16:26:30.449	0.023799	0.011018	0.055090
16:26:30.500	0.026885	0.012447	0.062234
16:26:30.550	0.027856	0.012896	0.064482
16:26:30.601	0.031475	0.014572	0.072859
16:26:30.652	0.032054	0.014840	0.074200
16:26:30.703	0.035894	0.016618	0.083088
16:26:30.754	0.038061	0.017621	0.088104
16:26:30.805	0.040517	0.018758	0.093789
16:26:30.856	0.043303	0.020047	0.100237
16:26:30.907	0.043147	0.019975	0.099876
16:26:30.958	0.047135	0.021822	0.109108
16:26:31.009	0.045041	0.020852	0.104262
16:26:31.059	0.049095	0.022729	0.113645
16:26:31.110	0.051252	0.023728	0.118640
16:26:31.161	0.053085	0.024576	0.122881
16:26:31.212	0.057144	0.026455	0.132277
16:26:31.263	0.057425	0.026586	0.132928
16:26:31.314	0.058756	0.027202	0.136010
16:26:31.365	0.059551	0.027570	0.137849
16:26:31.416	0.061024	0.028252	0.141259
16:26:31.466	0.063739	0.029509	0.147543
16:26:31.517	0.064866	0.030031	0.150154
16:26:31.568	0.068502	0.031714	0.158571
16:26:31.619	0.069319	0.032092	0.160461
16:26:31.670	0.071806	0.033243	0.166217
16:26:31.721	0.076130	0.035245	0.176226
16:26:31.772	0.079141	0.036640	0.183198
16:26:31.823	0.083854	0.038821	0.194106
16:26:31.873	0.085483	0.039576	0.197878
16:26:31.924	0.088457	0.040952	0.204762
16:26:31.975	0.092110	0.042643	0.213217
16:26:32.026	0.092676	0.042905	0.214527
16:26:32.077	0.094841	0.043908	0.219538
16:26:32.128	0.094800	0.043889	0.219445
16:26:32.178	0.096137	0.044508	0.222540
16:26:32.229	0.097733	0.045247	0.226234
16:26:32.280	0.096751	0.044792	0.223961
16:26:32.331	0.100154	0.046368	0.231839
16:26:32.382	0.099018	0.045842	0.229208
16:26:32.433	0.100288	0.046430	0.232148
16:26:32.484	0.101498	0.046990	0.234950
16:26:32.534	0.101544	0.047011	0.235056
16:26:32.585	0.101798	0.047129	0.235643
16:26:32.636	0.100730	0.046634	0.233172
16:26:32.687	0.100917	0.046721	0.233603
16:26:32.738	0.102334	0.047377	0.236885
16:26:32.789	0.101124	0.046817	0.234083
16:26:32.839	0.102907	0.047642	0.238210
16:26:32.890	0.102768	0.047578	0.237890
16:26:32.941	0.102929	0.047652	0.238262
16:26:32.992	0.103760	0.048037	0.240186
16:26:33.043	0.101567	0.047022	0.235110
16:26:33.094	0.102772	0.047579	0.237897
16:26:33.145	0.100333	0.046451	0.232253
16:26:33.196	0.100125	0.046354	0.231771
16:26:33.246	0.100386	0.046475	0.232376
16:26:33.297	0.098983	0.045825	0.229127
16:26:33.348	0.099393	0.046015	0.230076
16:26:33.399	0.098312	0.045515	0.227575
16:26:33.450	0.097264	0.045030	0.225149
16:26:33.501	0.099208	0.045929	0.229647
16:26:33.552	0.097906	0.045327	0.226633
16:26:33.602	0.098917	0.045795	0.228974
16:26:33.653	0.097121	0.044964	0.224818
16:26:33.704	0.095384	0.044159	0.220796
16:26:33.755	0.092672	0.042903	0.214517
16:26:33.806	0.089693	0.041524	0.207622
16:26:33.857	0.089061	0.041232	0.206160
16:26:33.908	0.085032	0.039367	0.196834
16:26:33.958	0.084638	0.039184	0.195922
16:26:34.009	0.082477	0.038184	0.190919
16:26:34.060	0.080006	0.037040	0.185198
16:26:34.111	0.079030	0.036588	0.182939
16:26:34.162	0.075690	0.035041	0.175207
16:26:34.213	0.074821	0.034640	0.173198
16:26:34.264	0.071941	0.033306	0.166529
16:26:34.315	0.068408	0.031670	0.158352
16:26:34.365	0.066747	0.030901	0.154507
16:26:34.416	0.062929	0.029134	0.145669
16:26:34.467	0.061031	0.028255	0.141274
16:26:34.518	0.057224	0.026493	0.132463
16:26:34.569	0.055463	0.025677	0.128387
16:26:34.620	0.051314	0.023756	0.118782
16:26:34.670	0.047490	0.021986	0.109930
16:26:34.721	0.045682	0.021149	0.105745
16:26:34.772	0.041522	0.019223	0.096116
16:26:34.823	0.039082	0.018093	0.090467
16:26:34.874	0.034970	0.016190	0.080950
16:26:34.925	0.031931	0.014783	0.073915
16:26:34.975	0.029943	0.013862	0.069312
16:26:35.026	0.027461	0.012713	0.063567
16:26:35.077	0.026365	0.012206	0.061030
16:26:35.127	0.022550	0.010440	0.052198
16:26:35.178	0.019249	0.008912	0.044558
16:26:35.228	0.016508	0.007643	0.038214
16:26:35.279	0.009368	0.004337	0.021685
16:26:35.329	0.004892	0.002265	0.011324
16:26:35.380	0.002431	0.001125	0.005627
16:26:35.431	-0.002467	-0.001142	-0.005711
16:26:35.481	-0.002630	-0.001218	-0.006088
16:26:35.532	-0.004637	-0.002147	-0.010733
16:26:35.582	-0.007911	-0.003662	-0.018311
16:26:35.633	-0.008646	-0.004003	-0.020014
16:26:35.683	-0.011757	-0.005443	-0.027215
16:26:35.734	-0.013013	-0.006024	-0.030122
16:26:35.785	-0.011191	-0.005181	-0.025906
16:26:35.835	-0.011778	-0.005453	-0.027263
16:26:35.886	-0.010382	-0.004807	-0.024033
16:26:35.937	-0.007910	-0.003662	-0.018310
16:26:35.987	-0.007186	-0.003327	-0.016634
16:26:36.038	-0.006337	-0.002934	-0.014670
16:26:36.088	-0.004513	-0.002089	-0.010446
16:26:36.139	-0.005366	-0.002484	-0.012420
16:26:36.189	-0.004666	-0.002160	-0.010800
16:26:36.240	-0.005176	-0.002396	-0.011981
16:26:36.291	-0.007250	-0.003357	-0.016783
16:26:36.341	-0.006136	-0.002841	-0.014205
16:26:36.392	-0.008419	-0.003898	-0.019488
16:26:36.442	-0.009709	-0.004495	-0.022474
16:26:36.493	-0.009548	-0.004421	-0.022103
16:26:36.544	-0.011975	-0.005544	-0.027721
16:26:36.594	-0.010859	-0.005027	-0.025137
16:26:36.645	-0.013147	-0.006087	-0.030433
16:26:36.696	-0.014177	-0.006564	-0.032818
16:26:36.746	-0.015548	-0.007198	-0.035990
16:26:36.797	-0.017271	-0.007996	-0.039979
16:26:36.847	-0.016588	-0.007680	-0.038398
16:26:36.898	-0.020239	-0.009370	-0.046849
16:26:36.948	-0.019480	-0.009019	-0.045093
16:26:36.999	-0.022501	-0.010417	-0.052085
16:26:37.050	-0.026428	-0.012235	-0.061175
16:26:37.101	-0.029536	-0.013674	-0.068369
16:26:37.152	-0.034818	-0.016119	-0.080597
16:26:37.202	-0.037511	-0.017366	-0.086830
16:26:37.253	-0.043356	-0.020072	-0.100360
16:26:37.304	-0.045823	-0.021214	-0.106071
16:26:37.355	-0.051354	-0.023775	-0.118875
16:26:37.406	-0.059919	-0.027740	-0.138702
16:26:37.456	-0.071671	-0.033181	-0.165905
16:26:37.507	-0.081676	-0.037813	-0.189065
16:26:37.558	-0.089092	-0.041246	-0.206232
16:26:37.608	-0.099374	-0.046006	-0.230032
16:26:37.659	-0.106450	-0.049282	-0.246411
16:26:37.709	-0.109159	-0.050536	-0.252682
16:26:37.760	-0.113661	-0.052621	-0.263104
16:26:37.810	-0.113379	-0.052490	-0.262452
16:26:37.861	-0.113586	-0.052586	-0.262929
16:26:37.912	-0.113057	-0.052341	-0.261706
16:26:37.962	-0.109841	-0.050852	-0.254261
16:26:38.013	-0.108177	-0.050082	-0.250411
16:26:38.063	-0.104517	-0.048387	-0.241937
16:26:38.114	-0.100843	-0.046686	-0.233432
16:26:38.165	-0.100027	-0.046309	-0.231544
16:26:38.215	-0.096718	-0.044777	-0.223885
16:26:38.266	-0.096339	-0.044601	-0.223007
16:26:38.316	-0.095221	-0.044084	-0.220418
16:26:38.367	-0.091956	-0.042572	-0.212860
16:26:38.418	-0.092164	-0.042669	-0.213343
16:26:38.468	-0.087928	-0.040707	-0.203537
16:26:38.519	-0.084807	-0.039263	-0.196313
16:26:38.569	-0.079691	-0.036894	-0.184470
16:26:38.620	-0.073364	-0.033965	-0.169823
16:26:38.671	-0.068607	-0.031762	-0.158812
16:26:38.721	-0.061784	-0.028604	-0.143018
16:26:38.772	-0.055622	-0.025751	-0.128754
16:26:38.822	-0.052825	-0.024456	-0.122280
16:26:38.873	-0.048976	-0.022674	-0.113370
16:26:38.924	-0.046803	-0.021668	-0.108341
16:26:38.975	-0.045047	-0.020855	-0.104276
16:26:39.026	-0.042290	-0.019579	-0.097894
16:26:39.077	-0.044100	-0.020417	-0.102083
16:26:39.128	-0.042705	-0.019771	-0.098854
16:26:39.179	-0.043386	-0.020086	-0.100431
16:26:39.229	-0.042441	-0.019648	-0.098242
16:26:39.280	-0.043104	-0.019956	-0.099779
16:26:39.331	-0.045335	-0.020988	-0.104942
16:26:39.382	-0.046083	-0.021335	-0.106673
16:26:39.433	-0.047273	-0.021886	-0.109428
16:26:39.484	-0.049316	-0.022831	-0.114157
16:26:39.535	-0.047155	-0.021831	-0.109155
16:26:39.586	-0.049083	-0.022724	-0.113619
16:26:39.636	-0.048340	-0.022379	-0.111897
16:26:39.687	-0.046427	-0.021494	-0.107470
16:26:39.738	-0.048553	-0.022478	-0.112392
16:26:39.789	-0.048676	-0.022535	-0.112676
16:26:39.840	-0.051112	-0.023663	-0.118314
16:26:39.891	-0.053008	-0.024541	-0.122704
16:26:39.941	-0.053376	-0.024711	-0.123555
16:26:39.992	-0.055995	-0.025924	-0.129619
16:26:40.043	-0.056364	-0.026095	-0.130473
16:26:40.094	-0.058111	-0.026903	-0.134516
16:26:40.145	-0.059896	-0.027729	-0.138647
16:26:40.196	-0.059313	-0.027460	-0.137298
16:26:40.247	-0.061295	-0.028377	-0.141887
16:26:40.297	-0.060828	-0.028161	-0.140806
16:26:40.348	-0.062810	-0.029079	-0.145394
16:26:40.399	-0.062836	-0.029091	-0.145455
16:26:40.450	-0.063380	-0.029343	-0.146714
16:26:40.501	-0.061743	-0.028585	-0.142923
16:26:40.552	-0.060192	-0.027867	-0.139334
16:26:40.603	-0.058997	-0.027314	-0.136568
16:26:40.653	-0.058455	-0.027063	-0.135313
16:26:40.704	-0.055541	-0.025713	-0.128566
16:26:40.755	-0.056865	-0.026327	-0.131633
16:26:40.806	-0.053867	-0.024938	-0.124692
16:26:40.857	-0.054129	-0.025060	-0.125299
16:26:40.908	-0.053821	-0.024917	-0.124586
16:26:40.959	-0.051677	-0.023925	-0.119623
16:26:41.010	-0.052297	-0.024211	-0.121057
16:26:41.060	-0.051157	-0.023684	-0.118419
16:26:41.111	-0.051649	-0.023911	-0.119557
16:26:41.162	-0.051265	-0.023734	-0.118669
16:26:41.213	-0.049481	-0.022908	-0.114540
16:26:41.264	-0.049960	-0.023130	-0.115648
16:26:41.315	-0.047659	-0.022065	-0.110323
16:26:41.366	-0.047866	-0.022160	-0.110800
16:26:41.417	-0.046889	-0.021708	-0.108538
16:26:41.467	-0.044821	-0.020750	-0.103752
16:26:41.518	-0.043100	-0.019954	-0.099768
16:26:41.569	-0.040402	-0.018705	-0.093523
16:26:41.620	-0.038131	-0.017653	-0.088267
16:26:41.671	-0.036637	-0.016962	-0.084809
16:26:41.722	-0.033952	-0.015719	-0.078594
16:26:41.773	-0.037915	-0.017553	-0.087766
16:26:41.823	-0.041052	-0.019005	-0.095027
16:26:41.874	-0.045080	-0.020870	-0.104351
16:26:41.925	-0.047612	-0.022043	-0.110214
16:26:41.976	-0.046737	-0.021637	-0.108187
16:26:42.027	-0.046672	-0.021607	-0.108037
16:26:42.078	-0.038913	-0.018015	-0.090077
16:26:42.129	-0.036040	-0.016685	-0.083427
16:26:42.179	-0.029375	-0.013600	-0.067999
16:26:42.230	-0.025628	-0.011865	-0.059325
16:26:42.281	-0.020710	-0.009588	-0.047941
16:26:42.332	-0.014677	-0.006795	-0.033973
16:26:42.383	-0.011369	-0.005264	-0.026318
16:26:42.434	-0.006207	-0.002874	-0.014368
16:26:42.485	-0.001851	-0.000857	-0.004285
16:26:42.535	0.002847	0.001318	0.006590
16:26:42.586	0.005916	0.002739	0.013694
16:26:42.637	0.008135	0.003766	0.018831
16:26:42.688	0.009351	0.004329	0.021646
16:26:42.739	0.007956	0.003683	0.018417
16:26:42.790	0.009266	0.004290	0.021449
16:26:42.841	0.008213	0.003802	0.019011
16:26:42.892	0.005237	0.002424	0.012122
16:26:42.943	0.001875	0.000868	0.004340
16:26:42.994	0.001931	0.000894	0.004471
16:26:43.045	-0.002660	-0.001231	-0.006156
16:26:43.096	-0.003006	-0.001392	-0.006958
16:26:43.147	-0.008897	-0.004119	-0.020594
16:26:43.198	-0.009376	-0.004341	-0.021704
16:26:43.249	-0.017786	-0.008234	-0.041171
16:26:43.300	-0.021433	-0.009923	-0.049613
16:26:43.351	-0.028742	-0.013306	-0.066532
16:26:43.402	-0.030634	-0.014183	-0.070913
16:26:43.453	-0.035704	-0.016530	-0.082648
16:26:43.504	-0.035480	-0.016426	-0.082129
16:26:43.555	-0.039052	-0.018080	-0.090399
16:26:43.606	-0.037169	-0.017208	-0.086039
16:26:43.657	-0.041011	-0.018987	-0.094933
16:26:43.708	-0.039960	-0.018500	-0.092500
16:26:43.759	-0.040070	-0.018551	-0.092754
16:26:43.810	-0.040153	-0.018589	-0.092946
16:26:43.861	-0.038663	-0.017899	-0.089497
16:26:43.912	-0.038069	-0.017625	-0.088124
16:26:43.962	-0.035494	-0.016433	-0.082163
16:26:44.013	-0.036614	-0.016951	-0.084754
16:26:44.064	-0.035110	-0.016255	-0.081273
16:26:44.115	-0.035842	-0.016594	-0.082968
16:26:44.166	-0.036825	-0.017048	-0.085242
16:26:44.217	-0.034838	-0.016129	-0.080644
16:26:44.267	-0.035019	-0.016213	-0.081063
16:26:44.318	-0.033210	-0.015375	-0.076876
16:26:44.369	-0.032910	-0.015236	-0.076180
16:26:44.420	-0.031996	-0.014813	-0.074064
16:26:44.470	-0.028216	-0.013063	-0.065316
16:26:44.521	-0.027460	-0.012713	-0.063564
16:26:44.572	-0.023185	-0.010734	-0.053669
16:26:44.623	-0.020238	-0.009370	-0.046848
16:26:44.673	-0.017905	-0.008290	-0.041448
16:26:44.724	-0.016709	-0.007736	-0.038678
16:26:44.775	-0.016843	-0.007798	-0.038989
16:26:44.826	-0.015948	-0.007383	-0.036916
16:26:44.876	-0.013418	-0.006212	-0.031061
16:26:44.927	-0.014331	-0.006635	-0.033173
16:26:44.978	-0.013678	-0.006332	-0.031662
16:26:45.028	-0.014094	-0.006525	-0.032625
16:26:45.079	-0.014835	-0.006868	-0.034341
16:26:45.130	-0.012312	-0.005700	-0.028501
16:26:45.181	-0.013720	-0.006352	-0.031759
16:26:45.231	-0.012931	-0.005986	-0.029932
16:26:45.282	-0.008790	-0.004070	-0.020348
16:26:45.333	-0.009676	-0.004479	-0.022397
16:26:45.383	-0.008741	-0.004047	-0.020234
16:26:45.434	-0.009120	-0.004222	-0.021111
16:26:45.485	-0.009679	-0.004481	-0.022406
16:26:45.536	-0.009393	-0.004349	-0.021743
16:26:45.586	-0.010986	-0.005086	-0.025429
16:26:45.637	-0.011408	-0.005282	-0.026408
16:26:45.688	-0.010284	-0.004761	-0.023805
16:26:45.739	-0.010849	-0.005023	-0.025114
16:26:45.789	-0.010485	-0.004854	-0.024271
16:26:45.840	-0.009847	-0.004559	-0.022794
16:26:45.891	-0.010841	-0.005019	-0.025094
