18:51:51.234	0.123656	0.057248	0.286241
18:51:51.286	0.110275	0.051053	0.255266
18:51:51.337	0.119246	0.055207	0.276033
18:51:51.387	0.107843	0.049927	0.249637
18:51:51.438	0.118370	0.054801	0.274004
18:51:51.489	0.111174	0.051469	0.257347
18:51:51.540	0.117169	0.054245	0.271225
18:51:51.591	0.118130	0.054690	0.273450
18:51:51.641	0.115773	0.053598	0.267992
18:51:51.692	0.118714	0.054960	0.274802
18:51:51.743	0.110801	0.051297	0.256484
18:51:51.794	0.116310	0.053847	0.269236
18:51:51.845	0.105675	0.048924	0.244618
18:51:51.895	0.116462	0.053917	0.269587
18:51:51.945	0.106617	0.049360	0.246800
18:51:51.995	0.118964	0.055076	0.275380
18:51:52.045	0.109682	0.050779	0.253894
18:51:52.095	0.122138	0.056545	0.282727
18:51:52.146	0.111889	0.051800	0.259002
18:51:52.196	0.122963	0.056927	0.284637
18:51:52.246	0.112026	0.051864	0.259320
18:51:52.296	0.121503	0.056251	0.281257
18:51:52.347	0.112621	0.052139	0.260697
18:51:52.397	0.125552	0.058126	0.290631
18:51:52.452	0.121925	0.056447	0.282233
18:51:52.502	0.113865	0.052715	0.263576
18:51:52.552	0.118126	0.054688	0.273440
18:51:52.603	0.107986	0.049993	0.249967
18:51:52.654	0.116235	0.053812	0.269062
18:51:52.705	0.106258	0.049194	0.245968
18:51:52.756	0.118555	0.054886	0.274432
18:51:52.806	0.107927	0.049966	0.249832
18:51:52.857	0.118027	0.054642	0.273211
18:51:52.908	0.110739	0.051268	0.256340
18:51:52.959	0.114807	0.053151	0.265756
18:51:53.010	0.109179	0.050546	0.252729
18:51:53.061	0.107844	0.049928	0.249639
18:51:53.111	0.112295	0.051988	0.259942
18:51:53.162	0.109464	0.050678	0.253388
18:51:53.213	0.117327	0.054318	0.271591
18:51:53.264	0.109419	0.050657	0.253284
18:51:53.315	0.123098	0.056990	0.284949
18:51:53.365	0.113812	0.052691	0.263453
18:51:53.416	0.131133	0.060710	0.303549
18:51:53.467	0.119073	0.055127	0.275633
18:51:53.518	0.124303	0.057547	0.287737
18:51:53.569	0.118066	0.054660	0.273302
18:51:53.620	0.121786	0.056382	0.281912
18:51:53.670	0.121642	0.056316	0.281579
18:51:53.721	0.117594	0.054442	0.272208
18:51:53.772	0.122056	0.056507	0.282537
18:51:53.823	0.116961	0.054149	0.270743
18:51:53.874	0.126971	0.058783	0.293914
18:51:53.925	0.117343	0.054325	0.271626
18:51:53.975	0.127094	0.058840	0.294200
18:51:54.026	0.113779	0.052676	0.263378
18:51:54.077	0.125523	0.058112	0.290562
18:51:54.128	0.118680	0.054944	0.274721
18:51:54.179	0.124660	0.057713	0.288566
18:51:54.230	0.120631	0.055848	0.279239
18:51:54.281	0.118357	0.054795	0.273975
18:51:54.332	0.123258	0.057064	0.285320
18:51:54.383	0.116957	0.054147	0.270735
18:51:54.434	0.126951	0.058773	0.293867
18:51:54.485	0.116167	0.053781	0.268904
18:51:54.536	0.128589	0.059532	0.297660
18:51:54.587	0.118858	0.055027	0.275134
18:51:54.638	0.125113	0.057923	0.289613
18:51:54.689	0.119723	0.055427	0.277136
18:51:54.740	0.120236	0.055665	0.278324
18:51:54.791	0.121837	0.056406	0.282031
18:51:54.842	0.115634	0.053534	0.267671
18:51:54.893	0.124512	0.057644	0.288222
18:51:54.944	0.114380	0.052954	0.264769
18:51:54.996	0.124869	0.057810	0.289048
18:51:55.047	0.115007	0.053244	0.266221
18:51:55.097	0.123128	0.057004	0.285018
18:51:55.148	0.116146	0.053771	0.268857
18:51:55.199	0.121163	0.056094	0.280469
18:51:55.250	0.119970	0.055542	0.277709
18:51:55.301	0.118084	0.054668	0.273342
18:51:55.351	0.122555	0.056739	0.283693
18:51:55.401	0.117316	0.054313	0.271565
18:51:55.452	0.122599	0.056759	0.283794
18:51:55.502	0.114732	0.053117	0.265583
18:51:55.552	0.122819	0.056861	0.284304
18:51:55.602	0.115200	0.053333	0.266666
18:51:55.652	0.123095	0.056988	0.284941
18:51:55.703	0.112293	0.051988	0.259938
18:51:55.753	0.123446	0.057151	0.285754
18:51:55.803	0.111887	0.051800	0.258998
18:51:55.853	0.123100	0.056991	0.284955
18:51:55.903	0.111652	0.051691	0.258453
18:51:55.954	0.121819	0.056398	0.281988
18:51:56.004	0.112422	0.052047	0.260237
18:51:56.054	0.126203	0.058427	0.292137
18:51:56.105	0.118220	0.054732	0.273658
18:51:56.156	0.132593	0.061386	0.306929
18:51:56.207	0.123539	0.057194	0.285970
18:51:56.258	0.127422	0.058992	0.294958
18:51:56.308	0.123074	0.056979	0.284893
18:51:56.359	0.123820	0.057324	0.286621
18:51:56.410	0.121253	0.056136	0.280679
18:51:56.461	0.116524	0.053946	0.269730
18:51:56.511	0.118587	0.054901	0.274506
18:51:56.562	0.112872	0.052256	0.261279
18:51:56.613	0.120183	0.055640	0.278201
18:51:56.664	0.109694	0.050784	0.253922
18:51:56.715	0.123190	0.057032	0.285161
18:51:56.766	0.109431	0.050662	0.253312
18:51:56.817	0.116804	0.054076	0.270380
18:51:56.868	0.110016	0.050933	0.254666
18:51:56.918	0.116965	0.054150	0.270752
18:51:56.968	0.112503	0.052085	0.260424
18:51:57.018	0.119495	0.055322	0.276608
18:51:57.068	0.117490	0.054393	0.271967
18:51:57.119	0.119836	0.055480	0.277399
18:51:57.169	0.120635	0.055849	0.279247
18:51:57.219	0.122996	0.056943	0.284713
18:51:57.270	0.123897	0.057360	0.286798
18:51:57.320	0.124488	0.057633	0.288166
18:51:57.370	0.127531	0.059042	0.295210
18:51:57.421	0.120736	0.055896	0.279480
18:51:57.475	0.128144	0.059326	0.296630
18:51:57.525	0.119780	0.055454	0.277269
18:51:57.576	0.128461	0.059472	0.297362
18:51:57.628	0.120953	0.055997	0.279984
18:51:57.678	0.126891	0.058746	0.293730
18:51:57.729	0.126223	0.058437	0.292183
18:51:57.780	0.126174	0.058414	0.292069
18:51:57.831	0.129587	0.059994	0.299969
18:51:57.882	0.123047	0.056966	0.284831
18:51:57.932	0.130132	0.060246	0.301232
18:51:57.983	0.121268	0.056142	0.280712
18:51:58.034	0.132638	0.061406	0.307032
18:51:58.085	0.122381	0.056658	0.283290
18:51:58.136	0.133840	0.061963	0.309815
18:51:58.186	0.123789	0.057310	0.286548
18:51:58.237	0.133071	0.061607	0.308034
18:51:58.288	0.128175	0.059340	0.296702
18:51:58.339	0.129444	0.059928	0.299638
18:51:58.390	0.130847	0.060577	0.302887
18:51:58.441	0.126501	0.058565	0.292827
18:51:58.491	0.134872	0.062441	0.312203
18:51:58.542	0.128818	0.059638	0.298190
18:51:58.593	0.141318	0.065425	0.327125
18:51:58.644	0.133913	0.061997	0.309984
18:51:58.695	0.147546	0.068308	0.341541
18:51:58.746	0.137016	0.063433	0.317167
18:51:58.797	0.143101	0.066250	0.331252
18:51:58.848	0.134574	0.062303	0.311513
18:51:58.898	0.139313	0.064497	0.322484
18:51:58.949	0.140285	0.064947	0.324734
18:51:59.000	0.139280	0.064481	0.322407
18:51:59.051	0.142134	0.065803	0.329014
18:51:59.102	0.135209	0.062597	0.312984
18:51:59.153	0.142917	0.066165	0.330826
18:51:59.203	0.131506	0.060882	0.304411
18:51:59.254	0.143647	0.066503	0.332516
18:51:59.305	0.133828	0.061957	0.309786
18:51:59.356	0.145323	0.067279	0.336397
18:51:59.407	0.135082	0.062538	0.312689
18:51:59.458	0.140297	0.064952	0.324761
18:51:59.508	0.138000	0.063889	0.319443
18:51:59.559	0.139757	0.064702	0.323510
18:51:59.610	0.141914	0.065701	0.328504
18:51:59.661	0.133129	0.061634	0.308169
18:51:59.712	0.137311	0.063570	0.317848
18:51:59.762	0.129297	0.059860	0.299299
18:51:59.813	0.142110	0.065791	0.328957
18:51:59.864	0.132816	0.061489	0.307444
18:51:59.915	0.145029	0.067143	0.335715
18:51:59.966	0.137964	0.063872	0.319362
18:52:00.017	0.143973	0.066654	0.333271
18:52:00.067	0.138275	0.064016	0.320081
18:52:00.118	0.142131	0.065802	0.329008
18:52:00.169	0.143297	0.066341	0.331706
18:52:00.220	0.141770	0.065634	0.328172
18:52:00.270	0.144615	0.066951	0.334757
18:52:00.321	0.138204	0.063983	0.319916
18:52:00.372	0.147514	0.068294	0.341468
18:52:00.423	0.138399	0.064074	0.320368
18:52:00.474	0.150726	0.069780	0.348902
18:52:00.525	0.137443	0.063631	0.318155
18:52:00.575	0.145659	0.067435	0.337175
18:52:00.626	0.136488	0.063189	0.315945
18:52:00.677	0.141858	0.065675	0.328374
18:52:00.728	0.140187	0.064902	0.324508
18:52:00.779	0.138987	0.064346	0.321728
18:52:00.830	0.141749	0.065625	0.328123
18:52:00.880	0.137560	0.063685	0.318425
18:52:00.931	0.147099	0.068101	0.340507
18:52:00.982	0.137415	0.063618	0.318090
18:52:01.033	0.147408	0.068244	0.341222
18:52:01.084	0.133894	0.061988	0.309941
18:52:01.135	0.141635	0.065572	0.327858
18:52:01.186	0.127838	0.059184	0.295921
18:52:01.237	0.132933	0.061543	0.307715
18:52:01.287	0.129154	0.059793	0.298967
18:52:01.338	0.133079	0.061610	0.308052
18:52:01.389	0.133062	0.061603	0.308013
18:52:01.440	0.127213	0.058895	0.294474
18:52:01.491	0.133567	0.061837	0.309184
18:52:01.542	0.124551	0.057663	0.288313
18:52:01.593	0.133490	0.061801	0.309005
18:52:01.643	0.116915	0.054127	0.270636
18:52:01.695	0.125490	0.058097	0.290486
18:52:01.745	0.112503	0.052085	0.260424
18:52:01.796	0.121056	0.056044	0.280221
18:52:01.847	0.116510	0.053940	0.269699
18:52:01.897	0.114170	0.052856	0.264282
18:52:01.947	0.109382	0.050640	0.253199
18:52:01.998	0.106004	0.049076	0.245380
18:52:02.048	0.099167	0.045911	0.229554
18:52:02.098	0.097951	0.045348	0.226738
18:52:02.148	0.096406	0.044633	0.223163
18:52:02.198	0.093890	0.043467	0.217337
18:52:02.248	0.093086	0.043096	0.215478
18:52:02.298	0.090148	0.041735	0.208675
18:52:02.349	0.092907	0.043012	0.215062
18:52:02.399	0.095464	0.044196	0.220982
18:52:02.449	0.099405	0.046021	0.230104
18:52:02.499	0.095062	0.044010	0.220051
18:52:02.550	0.095445	0.044188	0.220938
18:52:02.600	0.089491	0.041431	0.207155
18:52:02.651	0.096201	0.044538	0.222688
18:52:02.702	0.087325	0.040428	0.202142
18:52:02.753	0.098770	0.045727	0.228633
18:52:02.804	0.088164	0.040817	0.204084
18:52:02.855	0.098729	0.045708	0.228540
18:52:02.906	0.090220	0.041768	0.208842
18:52:02.957	0.095323	0.044131	0.220656
18:52:03.007	0.092806	0.042966	0.214828
18:52:03.058	0.097335	0.045063	0.225314
18:52:03.109	0.105653	0.048913	0.244566
18:52:03.160	0.097101	0.044954	0.224770
18:52:03.211	0.110013	0.050932	0.254660
18:52:03.261	0.109971	0.050913	0.254563
18:52:03.312	0.130271	0.060311	0.301553
18:52:03.363	0.125509	0.058106	0.290529
18:52:03.414	0.139115	0.064405	0.322026
18:52:03.465	0.129899	0.060139	0.300693
18:52:03.516	0.137786	0.063790	0.318949
18:52:03.566	0.132235	0.061220	0.306100
18:52:03.617	0.136918	0.063388	0.316940
18:52:03.668	0.136182	0.063047	0.315235
18:52:03.719	0.132664	0.061418	0.307092
18:52:03.770	0.139045	0.064373	0.321864
18:52:03.821	0.130594	0.060460	0.302301
18:52:03.872	0.142428	0.065939	0.329695
18:52:03.924	0.129850	0.060116	0.300578
18:52:03.975	0.140321	0.064963	0.324817
18:52:04.026	0.131765	0.061002	0.305012
18:52:04.077	0.134068	0.062069	0.310344
18:52:04.128	0.129513	0.059960	0.299800
18:52:04.179	0.122780	0.056843	0.284213
18:52:04.230	0.129013	0.059728	0.298642
18:52:04.281	0.119652	0.055394	0.276972
18:52:04.332	0.129152	0.059792	0.298962
18:52:04.383	0.119134	0.055155	0.275773
18:52:04.435	0.132355	0.061276	0.306378
18:52:04.486	0.123817	0.057323	0.286614
18:52:04.537	0.128509	0.059495	0.297475
18:52:04.588	0.129137	0.059786	0.298929
18:52:04.639	0.124489	0.057634	0.288169
18:52:04.690	0.128655	0.059563	0.297813
18:52:04.741	0.116833	0.054090	0.270448
18:52:04.792	0.127687	0.059115	0.295573
18:52:04.843	0.115340	0.053398	0.266990
18:52:04.895	0.126572	0.058598	0.292990
18:52:04.946	0.121750	0.056366	0.281830
18:52:04.997	0.131587	0.060920	0.304599
18:52:05.048	0.132461	0.061324	0.306622
18:52:05.099	0.129375	0.059896	0.299480
18:52:05.150	0.134348	0.062198	0.310991
18:52:05.201	0.124157	0.057480	0.287400
18:52:05.252	0.136530	0.063208	0.316041
18:52:05.303	0.123189	0.057032	0.285160
18:52:05.355	0.131836	0.061035	0.305176
18:52:05.406	0.120463	0.055770	0.278849
18:52:05.457	0.123595	0.057220	0.286100
18:52:05.508	0.125494	0.058099	0.290495
18:52:05.559	0.123118	0.056999	0.284994
18:52:05.610	0.130431	0.060385	0.301924
18:52:05.661	0.118972	0.055080	0.275399
18:52:05.712	0.127597	0.059073	0.295363
18:52:05.763	0.115158	0.053314	0.266569
18:52:05.814	0.121636	0.056313	0.281565
18:52:05.866	0.117467	0.054383	0.271914
18:52:05.917	0.121501	0.056251	0.281253
18:52:05.968	0.118623	0.054918	0.274589
18:52:06.019	0.112413	0.052043	0.260216
18:52:06.070	0.118216	0.054730	0.273648
18:52:06.121	0.109169	0.050541	0.252705
18:52:06.172	0.122245	0.056595	0.282975
18:52:06.223	0.110099	0.050972	0.254860
18:52:06.274	0.116771	0.054061	0.270304
18:52:06.326	0.109106	0.050512	0.252561
18:52:06.377	0.116133	0.053765	0.268827
18:52:06.428	0.121311	0.056162	0.280812
18:52:06.479	0.115101	0.053288	0.266438
18:52:06.530	0.121649	0.056319	0.281596
18:52:06.581	0.110541	0.051176	0.255882
18:52:06.632	0.122568	0.056744	0.283722
18:52:06.683	0.112834	0.052238	0.261189
18:52:06.735	0.124032	0.057422	0.287112
18:52:06.785	0.119568	0.055356	0.276778
18:52:06.835	0.126270	0.058459	0.292293
18:52:06.885	0.118769	0.054986	0.274928
18:52:06.936	0.128802	0.059631	0.298154
18:52:06.986	0.125111	0.057922	0.289609
18:52:07.036	0.127681	0.059112	0.295558
18:52:07.086	0.125546	0.058123	0.290616
18:52:07.137	0.129170	0.059801	0.299005
18:52:07.187	0.128631	0.059551	0.297757
18:52:07.237	0.126292	0.058469	0.292344
18:52:07.288	0.126983	0.058789	0.293943
18:52:07.338	0.123228	0.057050	0.285251
18:52:07.388	0.128166	0.059336	0.296680
18:52:07.439	0.122558	0.056740	0.283699
18:52:07.489	0.131346	0.060808	0.304041
18:52:07.540	0.127610	0.059079	0.295394
18:52:07.591	0.139644	0.064650	0.323251
18:52:07.642	0.130755	0.060535	0.302673
18:52:07.693	0.145197	0.067221	0.336105
18:52:07.745	0.133992	0.062033	0.310167
18:52:07.795	0.138986	0.064345	0.321727
18:52:07.847	0.131211	0.060746	0.303729
18:52:07.898	0.126303	0.058474	0.292368
18:52:07.949	0.129382	0.059899	0.299495
18:52:07.999	0.123339	0.057102	0.285508
18:52:08.050	0.131750	0.060995	0.304976
18:52:08.101	0.120640	0.055852	0.279260
18:52:08.152	0.129505	0.059956	0.299779
18:52:08.204	0.115760	0.053593	0.267964
18:52:08.255	0.122432	0.056682	0.283408
18:52:08.306	0.114109	0.052828	0.264142
18:52:08.356	0.118301	0.054769	0.273844
18:52:08.407	0.116691	0.054023	0.270117
18:52:08.458	0.116408	0.053893	0.269464
18:52:08.509	0.122189	0.056569	0.282845
18:52:08.560	0.115495	0.053470	0.267350
18:52:08.610	0.123799	0.057314	0.286572
18:52:08.661	0.112664	0.052159	0.260796
18:52:08.712	0.124786	0.057771	0.288856
18:52:08.763	0.115373	0.053414	0.267068
18:52:08.814	0.128093	0.059302	0.296511
18:52:08.865	0.118624	0.054918	0.274592
18:52:08.915	0.122887	0.056892	0.284462
18:52:08.966	0.117591	0.054440	0.272200
18:52:09.017	0.117775	0.054525	0.272626
18:52:09.068	0.120609	0.055838	0.279188
18:52:09.119	0.116959	0.054148	0.270739
18:52:09.170	0.126224	0.058437	0.292184
18:52:09.220	0.117864	0.054567	0.272834
18:52:09.271	0.124493	0.057636	0.288178
18:52:09.322	0.112403	0.052038	0.260191
18:52:09.373	0.121042	0.056038	0.280190
18:52:09.424	0.112351	0.052014	0.260071
18:52:09.475	0.120168	0.055633	0.278167
18:52:09.526	0.113765	0.052669	0.263344
18:52:09.577	0.116580	0.053972	0.269861
18:52:09.627	0.117248	0.054282	0.271408
18:52:09.678	0.112935	0.052285	0.261423
18:52:09.729	0.118043	0.054650	0.273248
18:52:09.780	0.108248	0.050115	0.250573
18:52:09.831	0.117642	0.054464	0.272320
18:52:09.882	0.107388	0.049717	0.248584
18:52:09.933	0.120245	0.055669	0.278345
18:52:09.984	0.110737	0.051267	0.256335
18:52:10.035	0.119983	0.055548	0.277739
18:52:10.086	0.113151	0.052385	0.261924
18:52:10.136	0.113733	0.052654	0.263271
18:52:10.187	0.111530	0.051634	0.258171
18:52:10.238	0.107186	0.049623	0.248115
18:52:10.289	0.113272	0.052441	0.262204
18:52:10.340	0.107330	0.049690	0.248448
18:52:10.391	0.114726	0.053114	0.265570
18:52:10.441	0.103350	0.047847	0.239236
18:52:10.492	0.115250	0.053356	0.266781
18:52:10.543	0.103865	0.048086	0.240429
18:52:10.594	0.115755	0.053590	0.267951
18:52:10.645	0.108184	0.050085	0.250427
18:52:10.695	0.118195	0.054720	0.273600
18:52:10.746	0.112924	0.052279	0.261397
18:52:10.797	0.110615	0.051211	0.256053
18:52:10.848	0.112607	0.052133	0.260664
18:52:10.899	0.106587	0.049346	0.246729
18:52:10.949	0.117821	0.054547	0.272733
18:52:11.000	0.109476	0.050683	0.253416
18:52:11.051	0.121194	0.056108	0.280541
18:52:11.102	0.113869	0.052717	0.263585
18:52:11.153	0.127872	0.059200	0.295999
18:52:11.204	0.118103	0.054677	0.273385
18:52:11.254	0.125317	0.058017	0.290086
18:52:11.305	0.117612	0.054450	0.272250
18:52:11.356	0.123669	0.057254	0.286271
18:52:11.407	0.121531	0.056264	0.281321
18:52:11.458	0.119802	0.055464	0.277320
18:52:11.508	0.121399	0.056203	0.281016
18:52:11.559	0.112825	0.052234	0.261168
18:52:11.610	0.122128	0.056541	0.282703
18:52:11.661	0.113782	0.052677	0.263385
18:52:11.712	0.127935	0.059229	0.296146
18:52:11.763	0.114995	0.053238	0.266192
18:52:11.814	0.122789	0.056847	0.284233
18:52:11.865	0.115594	0.053516	0.267580
18:52:11.915	0.120374	0.055729	0.278644
18:52:11.966	0.116089	0.053745	0.268724
18:52:12.017	0.113925	0.052743	0.263715
18:52:12.069	0.114715	0.053109	0.265545
18:52:12.120	0.104824	0.048530	0.242648
18:52:12.171	0.114146	0.052845	0.264227
18:52:12.222	0.102305	0.047363	0.236816
18:52:12.273	0.111910	0.051810	0.259050
18:52:12.325	0.101337	0.046915	0.234576
18:52:12.376	0.108765	0.050354	0.251771
18:52:12.427	0.110074	0.050960	0.254801
18:52:12.478	0.109581	0.050732	0.253659
18:52:12.530	0.117423	0.054362	0.271812
18:52:12.581	0.105271	0.048737	0.243684
18:52:12.632	0.117679	0.054481	0.272405
18:52:12.686	0.107966	0.049984	0.249922
18:52:12.738	0.107569	0.049800	0.249002
18:52:12.789	0.111066	0.051419	0.257097
18:52:12.840	0.102196	0.047313	0.236565
18:52:12.891	0.111914	0.051812	0.259060
18:52:12.942	0.099527	0.046077	0.230387
18:52:12.993	0.109280	0.050593	0.252963
18:52:13.045	0.101142	0.046825	0.234125
18:52:13.096	0.109469	0.050680	0.253400
18:52:13.147	0.108150	0.050069	0.250347
18:52:13.199	0.101580	0.047028	0.235139
18:52:13.250	0.111164	0.051465	0.257323
18:52:13.301	0.104811	0.048524	0.242619
18:52:13.352	0.118677	0.054943	0.274716
18:52:13.404	0.110623	0.051214	0.256072
18:52:13.455	0.119399	0.055277	0.276386
18:52:13.506	0.110893	0.051339	0.256696
18:52:13.558	0.114542	0.053029	0.265145
18:52:13.609	0.120071	0.055588	0.277942
18:52:13.660	0.113416	0.052507	0.262536
18:52:13.711	0.126353	0.058497	0.292485
18:52:13.763	0.116671	0.054014	0.270071
18:52:13.814	0.125711	0.058199	0.290997
18:52:13.865	0.117340	0.054324	0.271621
18:52:13.916	0.126313	0.058478	0.292392
18:52:13.968	0.125023	0.057881	0.289406
18:52:14.019	0.120701	0.055880	0.279400
18:52:14.070	0.129096	0.059767	0.298833
18:52:14.121	0.122236	0.056591	0.282954
18:52:14.172	0.133712	0.061904	0.309519
18:52:14.224	0.122484	0.056706	0.283528
18:52:14.275	0.130028	0.060198	0.300991
18:52:14.326	0.125102	0.057918	0.289588
18:52:14.378	0.124046	0.057429	0.287143
18:52:14.429	0.124042	0.057427	0.287134
18:52:14.480	0.116660	0.054009	0.270045
18:52:14.531	0.126733	0.058673	0.293364
18:52:14.582	0.112952	0.052293	0.261463
18:52:14.634	0.127017	0.058804	0.294021
18:52:14.685	0.122638	0.056777	0.283884
18:52:14.736	0.130660	0.060491	0.302453
18:52:14.788	0.129514	0.059960	0.299802
18:52:14.839	0.129445	0.059928	0.299641
18:52:14.890	0.141863	0.065677	0.328386
18:52:14.941	0.131490	0.060875	0.304374
18:52:14.993	0.142219	0.065842	0.329210
18:52:15.044	0.133763	0.061927	0.309637
18:52:15.095	0.142776	0.066100	0.330500
18:52:15.146	0.138961	0.064334	0.321669
18:52:15.198	0.139662	0.064658	0.323291
18:52:15.249	0.138407	0.064078	0.320388
18:52:15.300	0.128613	0.059543	0.297715
18:52:15.351	0.138997	0.064350	0.321752
18:52:15.403	0.126370	0.058505	0.292523
18:52:15.454	0.137618	0.063712	0.318560
18:52:15.505	0.131065	0.060678	0.303391
18:52:15.556	0.135233	0.062608	0.313038
18:52:15.608	0.136482	0.063186	0.315931
18:52:15.659	0.131844	0.061039	0.305194
18:52:15.710	0.137817	0.063804	0.319022
18:52:15.761	0.129484	0.059947	0.299733
18:52:15.812	0.140306	0.064957	0.324783
18:52:15.862	0.129553	0.059978	0.299892
18:52:15.913	0.138777	0.064248	0.321242
18:52:15.964	0.128117	0.059313	0.296567
18:52:16.015	0.135230	0.062606	0.313032
18:52:16.066	0.129354	0.059886	0.299430
18:52:16.117	0.131437	0.060850	0.304252
18:52:16.168	0.129137	0.059786	0.298928
18:52:16.219	0.122217	0.056582	0.282909
18:52:16.269	0.128191	0.059348	0.296738
18:52:16.320	0.122362	0.056649	0.283246
18:52:16.371	0.135491	0.062727	0.313636
18:52:16.422	0.122199	0.056574	0.282868
18:52:16.473	0.134578	0.062304	0.311522
18:52:16.524	0.124985	0.057863	0.289317
18:52:16.575	0.135396	0.062684	0.313418
18:52:16.626	0.130320	0.060334	0.301668
18:52:16.677	0.132558	0.061369	0.306846
18:52:16.728	0.133429	0.061773	0.308863
18:52:16.778	0.132131	0.061172	0.305858
18:52:16.829	0.134012	0.062042	0.310212
18:52:16.879	0.125726	0.058206	0.291032
18:52:16.929	0.131692	0.060968	0.304842
18:52:16.979	0.122882	0.056890	0.284449
18:52:17.030	0.131879	0.061055	0.305276
18:52:17.080	0.122392	0.056663	0.283314
18:52:17.130	0.129545	0.059975	0.299873
18:52:17.180	0.118592	0.054904	0.274519
18:52:17.231	0.127004	0.058798	0.293990
18:52:17.281	0.115689	0.053560	0.267799
18:52:17.331	0.125927	0.058300	0.291498
18:52:17.381	0.114031	0.052792	0.263960
18:52:17.432	0.122891	0.056894	0.284470
18:52:17.482	0.107300	0.049676	0.248380
18:52:17.532	0.120138	0.055620	0.278098
18:52:17.583	0.111212	0.051487	0.257436
18:52:17.634	0.120397	0.055739	0.278696
18:52:17.685	0.110581	0.051195	0.255976
18:52:17.736	0.115045	0.053262	0.266308
18:52:17.787	0.115453	0.053451	0.267253
18:52:17.838	0.118332	0.054783	0.273917
18:52:17.889	0.124317	0.057554	0.287771
18:52:17.940	0.115011	0.053246	0.266228
18:52:17.990	0.125707	0.058198	0.290988
18:52:18.041	0.113951	0.052755	0.263776
18:52:18.092	0.123820	0.057324	0.286621
18:52:18.143	0.111812	0.051765	0.258824
18:52:18.194	0.121417	0.056212	0.281058
18:52:18.244	0.110053	0.050950	0.254752
18:52:18.295	0.115814	0.053617	0.268087
18:52:18.346	0.111155	0.051461	0.257303
18:52:18.397	0.112362	0.052019	0.260096
18:52:18.448	0.114171	0.052857	0.264284
18:52:18.499	0.108272	0.050126	0.250629
18:52:18.550	0.113636	0.052609	0.263045
18:52:18.600	0.106107	0.049123	0.245617
18:52:18.651	0.116057	0.053730	0.268650
18:52:18.702	0.104981	0.048602	0.243011
18:52:18.753	0.118577	0.054897	0.274483
18:52:18.804	0.107664	0.049845	0.249223
18:52:18.854	0.118671	0.054940	0.274701
18:52:18.905	0.111224	0.051493	0.257463
18:52:18.956	0.114178	0.052860	0.264302
18:52:19.007	0.115361	0.053408	0.267038
18:52:19.058	0.112970	0.052301	0.261505
18:52:19.109	0.117891	0.054579	0.272895
18:52:19.160	0.111074	0.051423	0.257117
18:52:19.210	0.119242	0.055205	0.276023
18:52:19.261	0.106888	0.049485	0.247426
18:52:19.312	0.119829	0.055476	0.277382
18:52:19.363	0.110923	0.051353	0.256766
18:52:19.414	0.118346	0.054790	0.273949
18:52:19.465	0.110218	0.051027	0.255135
18:52:19.516	0.117434	0.054368	0.271839
18:52:19.566	0.112869	0.052254	0.261271
18:52:19.617	0.115301	0.053380	0.266900
18:52:19.668	0.115653	0.053543	0.267716
18:52:19.719	0.108590	0.050273	0.251367
18:52:19.770	0.118328	0.054781	0.273907
18:52:19.821	0.112462	0.052066	0.260329
18:52:19.872	0.120562	0.055816	0.279079
18:52:19.922	0.108047	0.050022	0.250109
18:52:19.973	0.118929	0.055060	0.275299
18:52:20.024	0.107776	0.049896	0.249481
18:52:20.075	0.117826	0.054549	0.272745
18:52:20.125	0.112493	0.052080	0.260399
18:52:20.176	0.118118	0.054684	0.273421
18:52:20.227	0.117140	0.054232	0.271158
18:52:20.278	0.117002	0.054168	0.270838
18:52:20.329	0.123333	0.057099	0.285494
18:52:20.380	0.116808	0.054078	0.270390
18:52:20.430	0.124650	0.057708	0.288542
18:52:20.481	0.116073	0.053737	0.268687
18:52:20.532	0.125152	0.057941	0.289703
18:52:20.583	0.113010	0.052319	0.261596
18:52:20.634	0.121867	0.056420	0.282099
18:52:20.685	0.113356	0.052480	0.262398
18:52:20.735	0.121216	0.056119	0.280593
18:52:20.786	0.117917	0.054591	0.272955
18:52:20.837	0.123468	0.057161	0.285804
18:52:20.888	0.127659	0.059102	0.295508
18:52:20.939	0.125341	0.058028	0.290141
18:52:20.990	0.134190	0.062125	0.310624
18:52:21.040	0.124148	0.057476	0.287381
18:52:21.091	0.135124	0.062557	0.312787
18:52:21.142	0.120445	0.055762	0.278808
18:52:21.193	0.131036	0.060665	0.303324
18:52:21.243	0.119868	0.055494	0.277472
18:52:21.294	0.131238	0.060758	0.303792
18:52:21.345	0.123218	0.057045	0.285226
18:52:21.396	0.127147	0.058864	0.294321
18:52:21.447	0.123206	0.057040	0.285198
18:52:21.498	0.125135	0.057933	0.289664
18:52:21.548	0.128088	0.059300	0.296500
18:52:21.599	0.123412	0.057135	0.285676
18:52:21.650	0.132934	0.061544	0.307718
18:52:21.701	0.125432	0.058070	0.290352
18:52:21.752	0.136752	0.063311	0.316556
18:52:21.803	0.126689	0.058653	0.293263
18:52:21.853	0.140678	0.065129	0.325644
18:52:21.903	0.129699	0.060046	0.300230
18:52:21.953	0.138718	0.064221	0.321107
18:52:22.004	0.128853	0.059654	0.298270
18:52:22.054	0.138658	0.064193	0.320967
18:52:22.104	0.127010	0.058801	0.294006
18:52:22.154	0.136257	0.063082	0.315409
18:52:22.204	0.121964	0.056465	0.282324
18:52:22.254	0.129692	0.060043	0.300213
18:52:22.305	0.121357	0.056184	0.280919
18:52:22.355	0.131981	0.061102	0.305512
18:52:22.405	0.124400	0.057592	0.287962
18:52:22.455	0.132998	0.061573	0.307866
18:52:22.506	0.129986	0.060179	0.300894
18:52:22.556	0.134256	0.062156	0.310778
18:52:22.607	0.130637	0.060480	0.302400
18:52:22.658	0.128805	0.059632	0.298160
18:52:22.708	0.131081	0.060686	0.303428
18:52:22.759	0.125457	0.058082	0.290410
18:52:22.810	0.135030	0.062514	0.312570
18:52:22.862	0.128600	0.059537	0.297686
18:52:22.913	0.138111	0.063940	0.319702
18:52:22.964	0.128850	0.059653	0.298264
18:52:23.014	0.140104	0.064863	0.324314
18:52:23.065	0.132808	0.061485	0.307425
18:52:23.116	0.138835	0.064275	0.321377
18:52:23.168	0.134997	0.062499	0.312494
18:52:23.219	0.131889	0.061060	0.305299
18:52:23.270	0.139914	0.064775	0.323875
18:52:23.321	0.131797	0.061017	0.305085
18:52:23.372	0.140174	0.064895	0.324477
18:52:23.423	0.122417	0.056675	0.283373
18:52:23.474	0.131518	0.060888	0.304440
18:52:23.525	0.122888	0.056893	0.284463
18:52:23.576	0.126004	0.058335	0.291676
18:52:23.628	0.124231	0.057514	0.287571
18:52:23.679	0.123344	0.057104	0.285519
18:52:23.730	0.127894	0.059210	0.296050
18:52:23.780	0.118989	0.055087	0.275437
18:52:23.831	0.127393	0.058978	0.294892
18:52:23.882	0.117450	0.054375	0.271875
18:52:23.932	0.129831	0.060107	0.300535
18:52:23.983	0.119531	0.055338	0.276691
18:52:24.034	0.130957	0.060628	0.303142
18:52:24.085	0.123394	0.057127	0.285634
18:52:24.136	0.131167	0.060726	0.303628
18:52:24.186	0.126053	0.058358	0.291789
18:52:24.237	0.129034	0.059738	0.298690
18:52:24.288	0.132246	0.061225	0.306124
18:52:24.339	0.128983	0.059714	0.298571
18:52:24.390	0.135676	0.062813	0.314066
18:52:24.440	0.122527	0.056726	0.283628
18:52:24.491	0.131387	0.060827	0.304137
18:52:24.542	0.115695	0.053562	0.267812
18:52:24.593	0.124946	0.057845	0.289227
18:52:24.644	0.112956	0.052294	0.261472
18:52:24.695	0.120534	0.055803	0.279013
18:52:24.746	0.114463	0.052992	0.264960
18:52:24.797	0.117249	0.054282	0.271409
18:52:24.848	0.117818	0.054546	0.272728
18:52:24.898	0.115873	0.053645	0.268224
18:52:24.949	0.123588	0.057217	0.286083
18:52:25.000	0.115769	0.053597	0.267985
18:52:25.051	0.123735	0.057285	0.286424
18:52:25.102	0.110621	0.051213	0.256066
18:52:25.154	0.120583	0.055826	0.279128
18:52:25.206	0.112249	0.051967	0.259835
18:52:25.257	0.114524	0.053021	0.265103
18:52:25.308	0.111918	0.051814	0.259070
18:52:25.358	0.105215	0.048711	0.243554
18:52:25.409	0.111835	0.051775	0.258876
18:52:25.460	0.105049	0.048634	0.243169
18:52:25.511	0.114110	0.052829	0.264144
18:52:25.562	0.098483	0.045594	0.227969
18:52:25.613	0.105838	0.048999	0.244995
18:52:25.663	0.092140	0.042658	0.213288
18:52:25.714	0.101277	0.046887	0.234437
18:52:25.765	0.091599	0.042407	0.212036
18:52:25.816	0.094977	0.043971	0.219855
18:52:25.867	0.091708	0.042457	0.212286
18:52:25.918	0.089495	0.041433	0.207164
18:52:25.969	0.098343	0.045529	0.227645
18:52:26.019	0.095567	0.044244	0.221219
18:52:26.070	0.103412	0.047876	0.239379
18:52:26.121	0.091971	0.042579	0.212897
18:52:26.172	0.102348	0.047383	0.236916
18:52:26.223	0.091141	0.042195	0.210974
18:52:26.274	0.103581	0.047954	0.239770
18:52:26.324	0.099147	0.045901	0.229506
18:52:26.375	0.110005	0.050928	0.254642
18:52:26.426	0.110760	0.051278	0.256388
18:52:26.477	0.118842	0.055020	0.275098
18:52:26.528	0.126151	0.058403	0.292015
18:52:26.579	0.120283	0.055687	0.278434
18:52:26.630	0.130962	0.060631	0.303153
18:52:26.681	0.120111	0.055607	0.278034
18:52:26.731	0.128579	0.059527	0.297637
18:52:26.782	0.117027	0.054179	0.270896
18:52:26.833	0.126639	0.058629	0.293145
18:52:26.883	0.113699	0.052638	0.263192
18:52:26.933	0.123924	0.057372	0.286860
18:52:26.983	0.113538	0.052564	0.262818
18:52:27.033	0.123234	0.057053	0.285263
18:52:27.083	0.114761	0.053130	0.265649
18:52:27.134	0.129490	0.059949	0.299746
18:52:27.184	0.122294	0.056617	0.283087
18:52:27.234	0.129951	0.060162	0.300812
18:52:27.284	0.120565	0.055817	0.279085
18:52:27.335	0.129222	0.059825	0.299125
18:52:27.385	0.120331	0.055709	0.278544
18:52:27.435	0.126046	0.058355	0.291773
18:52:27.485	0.117532	0.054413	0.272065
18:52:27.535	0.123787	0.057309	0.286543
18:52:27.586	0.114351	0.052940	0.264701
18:52:27.637	0.118825	0.055011	0.275057
18:52:27.688	0.123881	0.057352	0.286762
18:52:27.739	0.119479	0.055315	0.276573
18:52:27.789	0.126533	0.058580	0.292901
18:52:27.840	0.115331	0.053394	0.266971
18:52:27.891	0.127801	0.059167	0.295835
18:52:27.942	0.117091	0.054209	0.271044
18:52:27.993	0.128293	0.059395	0.296975
18:52:28.044	0.116578	0.053971	0.269856
18:52:28.095	0.120035	0.055572	0.277858
18:52:28.145	0.110962	0.051371	0.256857
18:52:28.196	0.114597	0.053054	0.265272
18:52:28.247	0.118014	0.054636	0.273180
18:52:28.298	0.119501	0.055325	0.276623
18:52:28.349	0.124968	0.057856	0.289278
18:52:28.400	0.116949	0.054143	0.270714
18:52:28.451	0.126752	0.058681	0.293406
18:52:28.501	0.118890	0.055042	0.275209
18:52:28.552	0.133413	0.061765	0.308827
18:52:28.603	0.122512	0.056718	0.283592
18:52:28.654	0.131710	0.060977	0.304884
18:52:28.705	0.121915	0.056442	0.282210
18:52:28.756	0.126160	0.058407	0.292037
18:52:28.807	0.124155	0.057479	0.287396
18:52:28.857	0.122417	0.056675	0.283373
18:52:28.908	0.128012	0.059265	0.296323
18:52:28.959	0.120203	0.055650	0.278248
18:52:29.010	0.132505	0.061345	0.306724
18:52:29.061	0.122175	0.056563	0.282813
18:52:29.112	0.132272	0.061237	0.306186
18:52:29.162	0.119930	0.055523	0.277615
18:52:29.213	0.126364	0.058502	0.292510
18:52:29.264	0.116722	0.054038	0.270189
18:52:29.315	0.121735	0.056359	0.281795
18:52:29.366	0.117135	0.054229	0.271146
18:52:29.417	0.117751	0.054514	0.272572
18:52:29.468	0.119927	0.055522	0.277608
18:52:29.518	0.117043	0.054186	0.270932
18:52:29.569	0.127051	0.058820	0.294101
18:52:29.620	0.119421	0.055287	0.276437
18:52:29.671	0.130992	0.060644	0.303222
18:52:29.722	0.119695	0.055414	0.277072
18:52:29.773	0.130779	0.060546	0.302730
18:52:29.823	0.119163	0.055168	0.275839
18:52:29.874	0.126368	0.058504	0.292519
18:52:29.925	0.119952	0.055533	0.277667
18:52:29.976	0.125688	0.058189	0.290945
18:52:30.027	0.123798	0.057314	0.286571
18:52:30.078	0.119003	0.055094	0.275471
18:52:30.128	0.124550	0.057662	0.288310
18:52:30.179	0.116058	0.053731	0.268653
18:52:30.230	0.125375	0.058044	0.290220
18:52:30.281	0.113186	0.052401	0.262005
18:52:30.332	0.122320	0.056630	0.283149
18:52:30.382	0.110867	0.051327	0.256636
18:52:30.433	0.121429	0.056217	0.281087
18:52:30.484	0.113214	0.052414	0.262068
18:52:30.535	0.118296	0.054767	0.273834
18:52:30.586	0.113748	0.052661	0.263304
18:52:30.637	0.113841	0.052704	0.263520
18:52:30.688	0.116996	0.054165	0.270824
18:52:30.738	0.107991	0.049996	0.249980
18:52:30.789	0.117077	0.054202	0.271012
18:52:30.840	0.108819	0.050379	0.251897
18:52:30.891	0.120828	0.055939	0.279694
18:52:30.942	0.106692	0.049394	0.246972
18:52:30.993	0.115508	0.053476	0.267381
18:52:31.043	0.100324	0.046446	0.232231
18:52:31.094	0.105024	0.048622	0.243111
18:52:31.145	0.098425	0.045567	0.227835
18:52:31.196	0.101259	0.046879	0.234397
18:52:31.246	0.101744	0.047104	0.235519
18:52:31.297	0.097134	0.044969	0.224847
18:52:31.348	0.102003	0.047224	0.236119
18:52:31.399	0.093781	0.043417	0.217085
18:52:31.450	0.105807	0.048985	0.244924
18:52:31.501	0.094040	0.043537	0.217686
18:52:31.551	0.102985	0.047678	0.238392
18:52:31.602	0.093532	0.043302	0.216508
18:52:31.653	0.104158	0.048221	0.241105
18:52:31.704	0.098434	0.045571	0.227857
18:52:31.755	0.105182	0.048695	0.243477
18:52:31.806	0.105973	0.049062	0.245308
18:52:31.856	0.107256	0.049656	0.248278
18:52:31.907	0.109839	0.050851	0.254257
18:52:31.957	0.109650	0.050764	0.253820
18:52:32.007	0.116510	0.053940	0.269699
18:52:32.057	0.108239	0.050111	0.250553
18:52:32.108	0.112448	0.052059	0.260296
18:52:32.158	0.105985	0.049067	0.245336
18:52:32.208	0.115479	0.053463	0.267313
18:52:32.258	0.107605	0.049817	0.249087
18:52:32.308	0.118833	0.055015	0.275077
18:52:32.359	0.112962	0.052297	0.261486
18:52:32.409	0.123116	0.056998	0.284991
18:52:32.459	0.116473	0.053922	0.269612
18:52:32.509	0.128120	0.059315	0.296574
18:52:32.560	0.119671	0.055403	0.277015
18:52:32.611	0.134017	0.062045	0.310225
18:52:32.661	0.126566	0.058596	0.292978
18:52:32.712	0.136717	0.063295	0.316475
18:52:32.763	0.126221	0.058436	0.292178
18:52:32.814	0.132301	0.061250	0.306252
18:52:32.865	0.129994	0.060182	0.300912
18:52:32.916	0.130309	0.060328	0.301641
18:52:32.967	0.133561	0.061834	0.309169
18:52:33.018	0.123103	0.056992	0.284960
18:52:33.068	0.128597	0.059536	0.297678
18:52:33.119	0.118397	0.054813	0.274066
18:52:33.170	0.127911	0.059218	0.296090
18:52:33.221	0.115768	0.053596	0.267981
18:52:33.272	0.125800	0.058241	0.291205
18:52:33.322	0.116939	0.054138	0.270692
18:52:33.373	0.125999	0.058333	0.291665
18:52:33.424	0.125382	0.058047	0.290236
18:52:33.475	0.129607	0.060003	0.300017
18:52:33.526	0.129256	0.059841	0.299203
18:52:33.576	0.124694	0.057729	0.288643
18:52:33.627	0.130394	0.060368	0.301839
18:52:33.678	0.122021	0.056491	0.282455
18:52:33.729	0.131282	0.060779	0.303894
18:52:33.780	0.122586	0.056753	0.283765
18:52:33.830	0.131325	0.060798	0.303992
18:52:33.881	0.117008	0.054170	0.270851
18:52:33.932	0.123200	0.057037	0.285186
18:52:33.983	0.113190	0.052403	0.262014
18:52:34.034	0.119041	0.055112	0.275558
18:52:34.084	0.114293	0.052913	0.264566
18:52:34.135	0.117018	0.054175	0.270875
18:52:34.186	0.116973	0.054154	0.270770
18:52:34.237	0.113191	0.052403	0.262016
18:52:34.288	0.122561	0.056741	0.283707
18:52:34.339	0.113579	0.052583	0.262915
18:52:34.389	0.125633	0.058164	0.290818
18:52:34.440	0.113382	0.052491	0.262457
18:52:34.491	0.125149	0.057940	0.289698
18:52:34.542	0.113551	0.052570	0.262849
18:52:34.592	0.124561	0.057667	0.288335
18:52:34.643	0.114509	0.053013	0.265067
18:52:34.694	0.117178	0.054249	0.271244
18:52:34.745	0.113141	0.052380	0.261900
18:52:34.795	0.109577	0.050730	0.253651
18:52:34.846	0.114520	0.053018	0.265092
18:52:34.897	0.107494	0.049766	0.248830
18:52:34.948	0.116785	0.054067	0.270336
18:52:34.999	0.106326	0.049225	0.246126
18:52:35.049	0.115351	0.053403	0.267017
18:52:35.100	0.107074	0.049571	0.247857
18:52:35.151	0.117520	0.054408	0.272038
18:52:35.202	0.108454	0.050210	0.251050
18:52:35.253	0.116437	0.053906	0.269531
18:52:35.303	0.110625	0.051215	0.256076
18:52:35.354	0.115094	0.053284	0.266420
18:52:35.405	0.115474	0.053460	0.267300
18:52:35.456	0.110606	0.051206	0.256032
18:52:35.507	0.115691	0.053560	0.267802
18:52:35.557	0.107201	0.049630	0.248151
18:52:35.608	0.113502	0.052547	0.262736
18:52:35.659	0.100218	0.046397	0.231987
18:52:35.710	0.111029	0.051403	0.257013
18:52:35.760	0.097176	0.044989	0.224944
18:52:35.811	0.107003	0.049538	0.247691
18:52:35.862	0.095678	0.044296	0.221478
18:52:35.913	0.103726	0.048021	0.240106
18:52:35.964	0.104651	0.048449	0.242247
18:52:36.014	0.110920	0.051352	0.256758
18:52:36.065	0.114437	0.052980	0.264900
18:52:36.116	0.111366	0.051558	0.257792
18:52:36.167	0.118439	0.054833	0.274164
18:52:36.218	0.111686	0.051706	0.258532
18:52:36.268	0.122064	0.056511	0.282555
18:52:36.319	0.107923	0.049965	0.249823
18:52:36.371	0.114979	0.053231	0.266156
18:52:36.422	0.102342	0.047381	0.236903
18:52:36.473	0.107654	0.049840	0.249199
18:52:36.524	0.101681	0.047074	0.235372
18:52:36.575	0.100617	0.046582	0.232911
18:52:36.626	0.107285	0.049669	0.248345
18:52:36.677	0.098339	0.045527	0.227636
18:52:36.729	0.108213	0.050099	0.250493
18:52:36.779	0.097657	0.045212	0.226058
18:52:36.830	0.109620	0.050750	0.253749
18:52:36.880	0.099649	0.046134	0.230669
18:52:36.930	0.109980	0.050917	0.254584
18:52:36.980	0.098974	0.045821	0.229106
18:52:37.031	0.109048	0.050485	0.252425
18:52:37.081	0.102117	0.047277	0.236383
18:52:37.131	0.110263	0.051048	0.255240
18:52:37.182	0.103812	0.048061	0.240306
18:52:37.232	0.109283	0.050594	0.252970
18:52:37.282	0.103046	0.047707	0.238533
18:52:37.333	0.105065	0.048641	0.243206
18:52:37.383	0.101738	0.047101	0.235506
18:52:37.433	0.107403	0.049723	0.248617
18:52:37.484	0.107954	0.049979	0.249894
18:52:37.535	0.105679	0.048925	0.244627
18:52:37.586	0.110631	0.051218	0.256091
18:52:37.637	0.100633	0.046590	0.232948
18:52:37.688	0.108045	0.050021	0.250103
18:52:37.739	0.098517	0.045610	0.228050
18:52:37.790	0.110283	0.051057	0.255284
18:52:37.842	0.103783	0.048048	0.240239
18:52:37.893	0.107618	0.049823	0.249116
18:52:37.944	0.107828	0.049920	0.249601
18:52:37.995	0.105041	0.048630	0.243150
18:52:38.047	0.112186	0.051938	0.259689
18:52:38.098	0.101301	0.046898	0.234492
18:52:38.149	0.110522	0.051168	0.255838
18:52:38.201	0.097157	0.044980	0.224901
18:52:38.252	0.103439	0.047888	0.239442
18:52:38.303	0.099298	0.045971	0.229857
18:52:38.354	0.101026	0.046771	0.233856
18:52:38.406	0.106274	0.049201	0.246004
18:52:38.457	0.101605	0.047039	0.235197
18:52:38.508	0.109221	0.050565	0.252826
18:52:38.559	0.096143	0.044510	0.222552
18:52:38.611	0.104675	0.048461	0.242304
18:52:38.662	0.094061	0.043547	0.217733
18:52:38.713	0.096173	0.044525	0.222623
18:52:38.764	0.091050	0.042153	0.210764
18:52:38.815	0.088015	0.040747	0.203737
18:52:38.866	0.096023	0.044455	0.222276
18:52:38.917	0.090569	0.041930	0.209649
18:52:38.968	0.105050	0.048634	0.243172
18:52:39.019	0.100752	0.046645	0.233223
18:52:39.070	0.116881	0.054112	0.270558
18:52:39.121	0.107217	0.049638	0.248188
18:52:39.172	0.109971	0.050913	0.254563
18:52:39.222	0.106939	0.049509	0.247543
18:52:39.273	0.112501	0.052084	0.260419
18:52:39.324	0.117922	0.054594	0.272968
18:52:39.375	0.117198	0.054258	0.271291
18:52:39.426	0.120567	0.055818	0.279090
18:52:39.477	0.106629	0.049365	0.246827
18:52:39.528	0.112100	0.051898	0.259490
18:52:39.578	0.101955	0.047201	0.236007
18:52:39.629	0.115200	0.053333	0.266666
18:52:39.680	0.110339	0.051083	0.255415
18:52:39.731	0.125626	0.058160	0.290802
18:52:39.782	0.122276	0.056609	0.283046
18:52:39.833	0.127509	0.059032	0.295159
18:52:39.883	0.126498	0.058564	0.292819
18:52:39.934	0.121929	0.056449	0.282243
18:52:39.985	0.128201	0.059352	0.296760
18:52:40.036	0.121104	0.056067	0.280333
18:52:40.087	0.131288	0.060781	0.303907
18:52:40.137	0.121438	0.056221	0.281106
18:52:40.188	0.132665	0.061419	0.307095
18:52:40.239	0.119908	0.055513	0.277566
18:52:40.290	0.125584	0.058141	0.290704
18:52:40.341	0.117170	0.054245	0.271227
18:52:40.392	0.118311	0.054774	0.273869
18:52:40.442	0.113215	0.052414	0.262071
18:52:40.493	0.113151	0.052385	0.261924
18:52:40.544	0.113660	0.052620	0.263101
18:52:40.595	0.106255	0.049192	0.245960
18:52:40.646	0.108514	0.050238	0.251190
18:52:40.697	0.098415	0.045563	0.227813
18:52:40.747	0.109534	0.050710	0.253552
18:52:40.798	0.098780	0.045732	0.228658
18:52:40.849	0.112838	0.052240	0.261198
18:52:40.900	0.104634	0.048442	0.242208
18:52:40.950	0.116452	0.053913	0.269566
18:52:41.001	0.109949	0.050902	0.254512
18:52:41.052	0.115165	0.053317	0.266585
18:52:41.103	0.114039	0.052796	0.263980
18:52:41.154	0.111987	0.051846	0.259230
18:52:41.204	0.115232	0.053348	0.266741
18:52:41.255	0.110993	0.051386	0.256928
18:52:41.307	0.123084	0.056983	0.284917
18:52:41.358	0.112533	0.052099	0.260493
18:52:41.408	0.124242	0.057519	0.287597
18:52:41.459	0.113818	0.052694	0.263468
18:52:41.510	0.122041	0.056500	0.282501
18:52:41.562	0.116651	0.054005	0.270026
18:52:41.613	0.118591	0.054903	0.274515
18:52:41.664	0.117797	0.054536	0.272678
18:52:41.715	0.108329	0.050152	0.250762
18:52:41.766	0.114322	0.052927	0.264635
18:52:41.817	0.103816	0.048063	0.240314
18:52:41.868	0.113709	0.052643	0.263215
18:52:41.918	0.099557	0.046091	0.230457
18:52:41.968	0.110039	0.050944	0.254720
18:52:42.019	0.098638	0.045666	0.228329
18:52:42.069	0.108498	0.050230	0.251152
18:52:42.119	0.096338	0.044601	0.223004
18:52:42.170	0.105881	0.049019	0.245094
18:52:42.220	0.094819	0.043897	0.219487
18:52:42.270	0.101046	0.046781	0.233903
18:52:42.321	0.093457	0.043267	0.216335
18:52:42.371	0.095165	0.044058	0.220288
18:52:42.422	0.093419	0.043249	0.216247
18:52:42.472	0.094636	0.043813	0.219064
18:52:42.522	0.092611	0.042875	0.214377
18:52:42.573	0.089518	0.041444	0.207218
18:52:42.624	0.091719	0.042462	0.212312
18:52:42.675	0.083949	0.038865	0.194327
18:52:42.726	0.094220	0.043620	0.218102
18:52:42.777	0.083619	0.038713	0.193563
18:52:42.828	0.095204	0.044076	0.220381
18:52:42.879	0.085918	0.039777	0.198884
18:52:42.934	0.086360	0.039982	0.199908
18:52:42.985	0.091625	0.042419	0.212095
18:52:43.036	0.078519	0.036351	0.181757
18:52:43.090	0.088345	0.040901	0.204503
18:52:43.141	0.083200	0.038519	0.192594
18:52:43.192	0.085306	0.039493	0.197467
18:52:43.243	0.085015	0.039359	0.196794
18:52:43.294	0.073614	0.034080	0.170402
18:52:43.346	0.081613	0.037784	0.188919
18:52:43.397	0.071324	0.033020	0.165101
18:52:43.448	0.083841	0.038815	0.194076
18:52:43.500	0.076657	0.035489	0.177446
18:52:43.551	0.080162	0.037112	0.185561
18:52:43.602	0.078527	0.036355	0.181776
18:52:43.653	0.072988	0.033791	0.168954
18:52:43.705	0.077012	0.035653	0.178267
18:52:43.756	0.067265	0.031141	0.155706
18:52:43.807	0.078181	0.036195	0.180976
18:52:43.858	0.068464	0.031696	0.158482
18:52:43.910	0.074697	0.034582	0.172909
18:52:43.961	0.065861	0.030491	0.152457
18:52:44.012	0.062232	0.028811	0.144056
18:52:44.063	0.064328	0.029782	0.148908
18:52:44.114	0.059196	0.027405	0.137027
18:52:44.165	0.068981	0.031936	0.159678
18:52:44.216	0.056668	0.026235	0.131177
18:52:44.266	0.069166	0.032021	0.160106
18:52:44.317	0.058796	0.027220	0.136102
18:52:44.368	0.074613	0.034543	0.172716
18:52:44.419	0.068607	0.031763	0.158813
18:52:44.470	0.075142	0.034788	0.173941
18:52:44.521	0.072948	0.033772	0.168860
18:52:44.571	0.077758	0.035999	0.179996
18:52:44.622	0.083429	0.038624	0.193122
18:52:44.673	0.081331	0.037653	0.188265
18:52:44.724	0.089143	0.041270	0.206349
18:52:44.775	0.081992	0.037959	0.189795
18:52:44.825	0.091602	0.042408	0.212042
18:52:44.876	0.080964	0.037483	0.187416
18:52:44.927	0.093518	0.043295	0.216476
18:52:44.978	0.081247	0.037614	0.188072
18:52:45.029	0.089727	0.041540	0.207701
18:52:45.079	0.079013	0.036580	0.182901
18:52:45.130	0.078671	0.036422	0.182109
18:52:45.181	0.073163	0.033872	0.169359
18:52:45.232	0.068926	0.031910	0.159551
18:52:45.283	0.069710	0.032273	0.161367
18:52:45.333	0.064487	0.029855	0.149275
18:52:45.384	0.074062	0.034288	0.171441
18:52:45.435	0.062295	0.028840	0.144202
18:52:45.486	0.073995	0.034257	0.171284
18:52:45.537	0.062306	0.028845	0.144227
18:52:45.587	0.070498	0.032638	0.163190
18:52:45.638	0.058797	0.027221	0.136103
18:52:45.689	0.061916	0.028665	0.143324
18:52:45.740	0.052233	0.024182	0.120910
18:52:45.791	0.053404	0.024724	0.123620
18:52:45.841	0.051093	0.023654	0.118270
18:52:45.892	0.045614	0.021117	0.105587
18:52:45.943	0.051116	0.023665	0.118323
18:52:45.994	0.043716	0.020239	0.101195
18:52:46.045	0.054014	0.025006	0.125032
18:52:46.096	0.040303	0.018659	0.093293
18:52:46.146	0.050957	0.023591	0.117956
18:52:46.197	0.038792	0.017959	0.089797
18:52:46.248	0.047523	0.022001	0.110007
18:52:46.300	0.047913	0.022182	0.110911
18:52:46.351	0.049071	0.022718	0.113591
18:52:46.403	0.063306	0.029308	0.146541
18:52:46.455	0.061931	0.028672	0.143360
18:52:46.506	0.077757	0.035999	0.179993
18:52:46.558	0.070665	0.032715	0.163577
18:52:46.610	0.081747	0.037846	0.189228
18:52:46.661	0.083185	0.038512	0.192558
18:52:46.713	0.075538	0.034971	0.174856
18:52:46.767	0.084674	0.039201	0.196004
18:52:46.818	0.074906	0.034679	0.173394
18:52:46.868	0.079965	0.037021	0.185104
18:52:46.919	0.074942	0.034695	0.173476
18:52:46.969	0.079263	0.036696	0.183480
18:52:47.020	0.077376	0.035822	0.179111
18:52:47.071	0.074864	0.034659	0.173296
18:52:47.122	0.078254	0.036229	0.181145
18:52:47.172	0.072964	0.033780	0.168898
18:52:47.223	0.080721	0.037371	0.186854
18:52:47.274	0.070549	0.032662	0.163308
18:52:47.325	0.081137	0.037564	0.187818
18:52:47.376	0.066837	0.030943	0.154715
18:52:47.427	0.074215	0.034359	0.171793
18:52:47.478	0.063324	0.029317	0.146584
18:52:47.529	0.066153	0.030626	0.153131
18:52:47.580	0.060022	0.027788	0.138939
18:52:47.631	0.055243	0.025576	0.127878
18:52:47.682	0.059652	0.027617	0.138083
18:52:47.734	0.051997	0.024073	0.120363
18:52:47.785	0.064898	0.030045	0.150227
18:52:47.836	0.054379	0.025176	0.125878
18:52:47.887	0.065505	0.030326	0.151632
18:52:47.938	0.060098	0.027823	0.139115
18:52:47.988	0.070497	0.032638	0.163188
18:52:48.043	0.072482	0.033557	0.167783
18:52:48.094	0.063737	0.029508	0.147539
18:52:48.145	0.072326	0.033484	0.167421
18:52:48.196	0.060394	0.027960	0.139800
18:52:48.247	0.070147	0.032476	0.162378
18:52:48.298	0.063274	0.029293	0.146467
18:52:48.348	0.067166	0.031095	0.155477
18:52:48.399	0.063659	0.029472	0.147358
18:52:48.450	0.066444	0.030761	0.153805
18:52:48.501	0.070414	0.032599	0.162995
18:52:48.552	0.065603	0.030372	0.151858
18:52:48.604	0.076422	0.035381	0.176903
18:52:48.655	0.063732	0.029506	0.147529
18:52:48.706	0.075776	0.035081	0.175407
18:52:48.757	0.066937	0.030989	0.154946
18:52:48.808	0.074209	0.034356	0.171780
18:52:48.860	0.068943	0.031918	0.159591
18:52:48.911	0.065978	0.030545	0.152727
18:52:48.962	0.072148	0.033402	0.167010
18:52:49.013	0.064623	0.029918	0.149590
18:52:49.065	0.073877	0.034202	0.171011
18:52:49.116	0.061948	0.028680	0.143399
18:52:49.167	0.073734	0.034136	0.170681
18:52:49.218	0.067061	0.031047	0.155234
18:52:49.269	0.067928	0.031448	0.157241
18:52:49.321	0.068359	0.031648	0.158239
18:52:49.372	0.059776	0.027674	0.138371
18:52:49.423	0.069614	0.032229	0.161144
18:52:49.474	0.060373	0.027951	0.139753
18:52:49.526	0.075032	0.034737	0.173684
18:52:49.577	0.069703	0.032270	0.161350
18:52:49.628	0.075980	0.035176	0.175879
18:52:49.679	0.075968	0.035170	0.175851
18:52:49.731	0.075705	0.035049	0.175244
18:52:49.782	0.084161	0.038963	0.194816
18:52:49.833	0.074712	0.034589	0.172945
18:52:49.884	0.082891	0.038376	0.191878
18:52:49.936	0.072093	0.033376	0.166882
18:52:49.987	0.084355	0.039053	0.195267
18:52:50.038	0.075115	0.034775	0.173877
18:52:50.089	0.073772	0.034154	0.170769
18:52:50.141	0.073274	0.033923	0.169616
18:52:50.192	0.066246	0.030669	0.153347
18:52:50.243	0.073766	0.034151	0.170754
18:52:50.294	0.061900	0.028657	0.143287
18:52:50.346	0.072971	0.033783	0.168914
18:52:50.397	0.065637	0.030387	0.151937
18:52:50.448	0.069466	0.032160	0.160801
18:52:50.499	0.067480	0.031241	0.156203
18:52:50.550	0.065926	0.030521	0.152607
18:52:50.602	0.073772	0.034154	0.170769
18:52:50.653	0.067054	0.031044	0.155219
18:52:50.704	0.075997	0.035184	0.175920
18:52:50.755	0.063544	0.029419	0.147093
18:52:50.807	0.073762	0.034149	0.170746
18:52:50.858	0.065857	0.030489	0.152447
18:52:50.909	0.065212	0.030191	0.150954
18:52:50.960	0.061816	0.028618	0.143092
18:52:51.011	0.055467	0.025679	0.128397
18:52:51.063	0.061950	0.028680	0.143402
18:52:51.113	0.049918	0.023110	0.115550
18:52:51.165	0.061162	0.028316	0.141579
18:52:51.216	0.051151	0.023681	0.118406
18:52:51.267	0.058713	0.027182	0.135909
18:52:51.318	0.055168	0.025541	0.127705
18:52:51.370	0.053143	0.024603	0.123016
18:52:51.421	0.054008	0.025004	0.125019
18:52:51.472	0.045457	0.021045	0.105224
18:52:51.523	0.051948	0.024050	0.120251
18:52:51.575	0.039156	0.018128	0.090640
18:52:51.626	0.051972	0.024061	0.120306
18:52:51.677	0.043702	0.020233	0.101163
18:52:51.729	0.045562	0.021094	0.105468
18:52:51.779	0.047706	0.022086	0.110431
18:52:51.830	0.044534	0.020618	0.103088
18:52:51.880	0.050364	0.023317	0.116583
18:52:51.930	0.046386	0.021475	0.107375
18:52:51.981	0.054276	0.025128	0.125640
18:52:52.031	0.046997	0.021758	0.108790
18:52:52.081	0.054998	0.025462	0.127309
18:52:52.131	0.046400	0.021481	0.107407
18:52:52.182	0.058243	0.026964	0.134822
18:52:52.232	0.044788	0.020735	0.103677
18:52:52.282	0.056151	0.025996	0.129980
18:52:52.333	0.046141	0.021362	0.106808
18:52:52.383	0.060802	0.028149	0.140746
18:52:52.433	0.051147	0.023679	0.118396
18:52:52.484	0.066199	0.030648	0.153239
18:52:52.534	0.056714	0.026256	0.131282
18:52:52.585	0.068822	0.031862	0.159311
18:52:52.636	0.060579	0.028046	0.140229
18:52:52.688	0.064585	0.029900	0.149502
18:52:52.739	0.062021	0.028714	0.143568
18:52:52.790	0.060013	0.027784	0.138919
18:52:52.841	0.064802	0.030001	0.150004
18:52:52.892	0.057458	0.026601	0.133004
18:52:52.943	0.066730	0.030894	0.154468
18:52:52.994	0.051152	0.023682	0.118408
18:52:53.046	0.061230	0.028347	0.141736
18:52:53.097	0.055760	0.025815	0.129075
18:52:53.148	0.058880	0.027259	0.136296
18:52:53.199	0.061814	0.028618	0.143088
18:52:53.251	0.058221	0.026954	0.134772
18:52:53.302	0.068651	0.031783	0.158915
18:52:53.353	0.060867	0.028179	0.140896
18:52:53.404	0.070499	0.032638	0.163191
18:52:53.456	0.059816	0.027692	0.138462
18:52:53.507	0.067119	0.031074	0.155368
18:52:53.558	0.062939	0.029139	0.145693
18:52:53.609	0.063029	0.029180	0.145901
18:52:53.661	0.069948	0.032383	0.161917
18:52:53.712	0.060916	0.028202	0.141010
18:52:53.763	0.070633	0.032700	0.163502
18:52:53.814	0.057633	0.026682	0.133410
18:52:53.866	0.066947	0.030994	0.154969
18:52:53.917	0.061036	0.028257	0.141287
18:52:53.968	0.063862	0.029566	0.147828
18:52:54.019	0.066970	0.031004	0.155022
18:52:54.071	0.060703	0.028103	0.140516
18:52:54.122	0.071202	0.032964	0.164820
18:52:54.173	0.061029	0.028254	0.141272
18:52:54.228	0.067660	0.031324	0.156621
18:52:54.282	0.072162	0.033408	0.167041
18:52:54.337	0.065613	0.030376	0.151881
18:52:54.388	0.067009	0.031023	0.155113
18:52:54.438	0.068952	0.031922	0.159611
18:52:54.489	0.064437	0.029832	0.149159
18:52:54.540	0.071402	0.033056	0.165282
18:52:54.591	0.063598	0.029444	0.147218
18:52:54.642	0.073602	0.034075	0.170374
18:52:54.692	0.062405	0.028891	0.144457
18:52:54.743	0.073973	0.034247	0.171234
18:52:54.794	0.061497	0.028471	0.142353
18:52:54.846	0.069135	0.032007	0.160035
18:52:54.898	0.066626	0.030845	0.154226
18:52:54.949	0.064913	0.030052	0.150262
18:52:55.001	0.070193	0.032497	0.162483
18:52:55.053	0.059933	0.027747	0.138735
18:52:55.104	0.068869	0.031884	0.159419
18:52:55.156	0.060043	0.027798	0.138988
18:52:55.208	0.063025	0.029178	0.145892
18:52:55.260	0.067122	0.031075	0.155375
18:52:55.311	0.059336	0.027470	0.137352
18:52:55.361	0.067227	0.031124	0.155618
18:52:55.412	0.058312	0.026996	0.134981
18:52:55.464	0.068623	0.031770	0.158850
18:52:55.515	0.059147	0.027383	0.136913
18:52:55.566	0.067167	0.031096	0.155479
18:52:55.617	0.063945	0.029604	0.148021
18:52:55.668	0.066188	0.030643	0.153214
18:52:55.719	0.069628	0.032235	0.161177
18:52:55.770	0.063745	0.029512	0.147558
18:52:55.821	0.076536	0.035433	0.177167
18:52:55.872	0.067448	0.031226	0.156130
18:52:55.924	0.081027	0.037513	0.187563
18:52:55.975	0.073133	0.033858	0.169288
18:52:56.026	0.080092	0.037080	0.185398
18:52:56.077	0.080429	0.037236	0.186179
18:52:56.128	0.081077	0.037536	0.187678
18:52:56.179	0.084584	0.039159	0.195797
18:52:56.230	0.075474	0.034941	0.174707
18:52:56.280	0.081268	0.037624	0.188120
18:52:56.331	0.069285	0.032076	0.160382
18:52:56.382	0.076097	0.035230	0.176152
18:52:56.433	0.062944	0.029141	0.145703
18:52:56.484	0.069737	0.032286	0.161428
18:52:56.535	0.058073	0.026886	0.134428
18:52:56.585	0.068472	0.031700	0.158500
18:52:56.636	0.065477	0.030313	0.151567
18:52:56.687	0.073658	0.034101	0.170504
18:52:56.738	0.078180	0.036194	0.180972
18:52:56.789	0.075981	0.035176	0.175881
18:52:56.839	0.078930	0.036542	0.182708
18:52:56.889	0.064339	0.029787	0.148934
18:52:56.940	0.067715	0.031350	0.156748
18:52:56.990	0.051095	0.023655	0.118274
18:52:57.040	0.057820	0.026769	0.133843
18:52:57.091	0.046054	0.021321	0.106605
18:52:57.141	0.057783	0.026751	0.133757
18:52:57.191	0.047233	0.021867	0.109335
18:52:57.242	0.059683	0.027631	0.138155
18:52:57.292	0.048209	0.022319	0.111594
18:52:57.343	0.059313	0.027460	0.137298
18:52:57.393	0.044621	0.020658	0.103289
18:52:57.444	0.050723	0.023483	0.117415
18:52:57.494	0.037673	0.017441	0.087207
18:52:57.545	0.043545	0.020160	0.100799
18:52:57.597	0.036874	0.017071	0.085356
18:52:57.648	0.034979	0.016194	0.080971
18:52:57.699	0.039012	0.018061	0.090305
18:52:57.750	0.028141	0.013028	0.065140
18:52:57.802	0.039919	0.018481	0.092406
18:52:57.853	0.031003	0.014353	0.071767
18:52:57.905	0.041991	0.019440	0.097200
18:52:57.956	0.037325	0.017280	0.086400
18:52:58.007	0.043465	0.020123	0.100614
18:52:58.058	0.049564	0.022946	0.114730
18:52:58.109	0.040912	0.018941	0.094703
18:52:58.160	0.053343	0.024696	0.123479
18:52:58.211	0.048417	0.022415	0.112075
18:52:58.262	0.064508	0.029865	0.149325
18:52:58.313	0.056981	0.026380	0.131901
18:52:58.364	0.072034	0.033349	0.166746
18:52:58.415	0.067230	0.031125	0.155625
18:52:58.466	0.069759	0.032296	0.161479
18:52:58.517	0.068014	0.031488	0.157439
18:52:58.568	0.062949	0.029143	0.145716
18:52:58.619	0.067158	0.031092	0.155459
18:52:58.670	0.058675	0.027164	0.135822
18:52:58.721	0.066715	0.030887	0.154433
18:52:58.772	0.049442	0.022890	0.114450
18:52:58.823	0.055182	0.025547	0.127736
18:52:58.874	0.045532	0.021080	0.105399
18:52:58.925	0.052554	0.024330	0.121652
18:52:58.976	0.045715	0.021165	0.105823
18:52:59.027	0.048486	0.022447	0.112237
18:52:59.078	0.054655	0.025303	0.126515
18:52:59.129	0.050887	0.023559	0.117794
18:52:59.180	0.061696	0.028563	0.142814
18:52:59.231	0.051917	0.024036	0.120179
18:52:59.282	0.062148	0.028772	0.143861
18:52:59.333	0.049114	0.022738	0.113689
18:52:59.384	0.057190	0.026477	0.132384
18:52:59.435	0.046678	0.021610	0.108051
18:52:59.485	0.049708	0.023013	0.115066
18:52:59.536	0.043929	0.020338	0.101688
18:52:59.588	0.042941	0.019880	0.099400
18:52:59.639	0.049976	0.023137	0.115685
18:52:59.690	0.038012	0.017598	0.087991
18:52:59.740	0.048691	0.022542	0.112710
18:52:59.792	0.038806	0.017966	0.089828
18:52:59.844	0.048735	0.022562	0.112812
18:52:59.894	0.043729	0.020245	0.101225
18:52:59.945	0.050277	0.023276	0.116381
18:52:59.996	0.049685	0.023002	0.115011
18:53:00.048	0.050177	0.023230	0.116150
18:53:00.098	0.058682	0.027168	0.135839
18:53:00.149	0.055730	0.025801	0.129005
18:53:00.200	0.070924	0.032835	0.164175
18:53:00.251	0.062815	0.029081	0.145405
18:53:00.302	0.077014	0.035655	0.178273
18:53:00.353	0.066909	0.030976	0.154882
18:53:00.404	0.075704	0.035048	0.175241
18:53:00.455	0.068672	0.031792	0.158962
18:53:00.506	0.070256	0.032526	0.162630
18:53:00.557	0.070642	0.032705	0.163523
18:53:00.608	0.062153	0.028774	0.143872
18:53:00.659	0.071416	0.033063	0.165315
18:53:00.710	0.064248	0.029744	0.148721
18:53:00.761	0.076917	0.035610	0.178049
18:53:00.812	0.065804	0.030465	0.152325
18:53:00.863	0.074056	0.034285	0.171426
18:53:00.914	0.065629	0.030384	0.151918
18:53:00.965	0.067542	0.031269	0.156347
18:53:01.016	0.065818	0.030471	0.152356
18:53:01.067	0.061985	0.028697	0.143483
18:53:01.118	0.066511	0.030792	0.153961
18:53:01.169	0.055011	0.025468	0.127340
18:53:01.220	0.063514	0.029404	0.147022
18:53:01.272	0.051611	0.023894	0.119470
18:53:01.323	0.062474	0.028923	0.144616
18:53:01.374	0.054873	0.025404	0.127021
18:53:01.426	0.059274	0.027441	0.137207
18:53:01.477	0.059004	0.027317	0.136584
18:53:01.528	0.052341	0.024232	0.121161
18:53:01.579	0.060149	0.027847	0.139234
18:53:01.630	0.050704	0.023474	0.117371
18:53:01.681	0.061776	0.028600	0.142999
18:53:01.733	0.054644	0.025298	0.126492
18:53:01.784	0.064518	0.029870	0.149348
18:53:01.834	0.059715	0.027646	0.138229
18:53:01.885	0.063874	0.029571	0.147856
18:53:01.935	0.059483	0.027538	0.137691
18:53:01.986	0.056119	0.025981	0.129905
18:53:02.036	0.054861	0.025399	0.126993
18:53:02.087	0.047198	0.021851	0.109255
18:53:02.138	0.049463	0.022899	0.114497
18:53:02.189	0.038944	0.018029	0.090147
18:53:02.240	0.048433	0.022423	0.112114
18:53:02.291	0.037643	0.017427	0.087137
18:53:02.342	0.050738	0.023490	0.117450
18:53:02.392	0.039242	0.018168	0.090838
18:53:02.443	0.048986	0.022679	0.113393
18:53:02.494	0.045229	0.020939	0.104696
18:53:02.545	0.050046	0.023169	0.115847
18:53:02.596	0.049435	0.022887	0.114433
18:53:02.647	0.043810	0.020282	0.101412
18:53:02.697	0.048511	0.022459	0.112295
18:53:02.748	0.038731	0.017931	0.089655
18:53:02.799	0.046753	0.021645	0.108224
18:53:02.850	0.037819	0.017509	0.087543
18:53:02.901	0.050180	0.023231	0.116157
18:53:02.952	0.040263	0.018640	0.093202
18:53:03.002	0.050610	0.023430	0.117152
18:53:03.053	0.046375	0.021470	0.107349
18:53:03.104	0.054699	0.025324	0.126618
18:53:03.155	0.046074	0.021331	0.106653
18:53:03.206	0.043525	0.020151	0.100753
18:53:03.257	0.044837	0.020758	0.103790
18:53:03.308	0.039671	0.018366	0.091831
18:53:03.360	0.049999	0.023148	0.115739
18:53:03.412	0.038702	0.017918	0.089588
18:53:03.463	0.046702	0.021621	0.108107
18:53:03.515	0.045364	0.021002	0.105008
18:53:03.567	0.042902	0.019862	0.099311
18:53:03.618	0.049238	0.022795	0.113977
18:53:03.670	0.044702	0.020696	0.103478
18:53:03.721	0.058505	0.027085	0.135427
18:53:03.773	0.053619	0.024824	0.124119
18:53:03.825	0.057323	0.026538	0.132692
18:53:03.877	0.062520	0.028945	0.144723
18:53:03.928	0.053564	0.024798	0.123991
18:53:03.980	0.059740	0.027657	0.138287
18:53:04.032	0.052753	0.024423	0.122113
18:53:04.083	0.058262	0.026973	0.134866
18:53:04.135	0.055292	0.025598	0.127991
18:53:04.186	0.053627	0.024828	0.124138
18:53:04.238	0.061027	0.028253	0.141265
18:53:04.290	0.049862	0.023084	0.115420
18:53:04.343	0.059277	0.027443	0.137216
18:53:04.395	0.056573	0.026191	0.130955
18:53:04.446	0.058774	0.027210	0.136051
18:53:04.497	0.067901	0.031435	0.157177
18:53:04.549	0.060466	0.027994	0.139968
18:53:04.600	0.075384	0.034900	0.174501
18:53:04.651	0.064594	0.029905	0.149523
18:53:04.702	0.072565	0.033595	0.167975
18:53:04.754	0.066339	0.030712	0.153562
18:53:04.806	0.063966	0.029614	0.148069
18:53:04.857	0.065206	0.030188	0.150939
18:53:04.908	0.057127	0.026448	0.132239
18:53:04.958	0.065274	0.030219	0.151096
18:53:05.009	0.055381	0.025639	0.128196
18:53:05.060	0.066200	0.030648	0.153240
18:53:05.111	0.055473	0.025682	0.128409
18:53:05.162	0.066918	0.030981	0.154904
18:53:05.213	0.058443	0.027057	0.135284
18:53:05.264	0.064624	0.029919	0.149594
18:53:05.314	0.056689	0.026245	0.131226
18:53:05.365	0.055964	0.025909	0.129546
18:53:05.416	0.059232	0.027422	0.137110
18:53:05.467	0.055184	0.025548	0.127741
18:53:05.518	0.066414	0.030747	0.153737
18:53:05.569	0.058701	0.027176	0.135881
18:53:05.619	0.071795	0.033239	0.166193
18:53:05.670	0.060600	0.028056	0.140278
18:53:05.721	0.070124	0.032465	0.162325
18:53:05.772	0.057857	0.026786	0.133928
18:53:05.823	0.061469	0.028458	0.142290
18:53:05.873	0.054560	0.025259	0.126295
18:53:05.924	0.057660	0.026695	0.133473
18:53:05.975	0.052924	0.024502	0.122510
18:53:06.026	0.049053	0.022710	0.113548
18:53:06.077	0.052028	0.024087	0.120434
18:53:06.128	0.041117	0.019036	0.095179
18:53:06.179	0.050162	0.023223	0.116115
18:53:06.229	0.040128	0.018578	0.092888
18:53:06.280	0.048715	0.022553	0.112767
18:53:06.331	0.033961	0.015723	0.078613
18:53:06.382	0.045696	0.021155	0.105777
18:53:06.433	0.041300	0.019120	0.095601
18:53:06.484	0.048915	0.022646	0.113229
18:53:06.534	0.050002	0.023149	0.115746
18:53:06.585	0.047652	0.022061	0.110305
18:53:06.636	0.051095	0.023655	0.118276
18:53:06.687	0.044705	0.020697	0.103484
18:53:06.738	0.056110	0.025977	0.129884
18:53:06.789	0.045596	0.021109	0.105545
18:53:06.839	0.056689	0.026245	0.131225
18:53:06.889	0.046425	0.021493	0.107464
18:53:06.939	0.059153	0.027386	0.136928
18:53:06.989	0.052190	0.024162	0.120809
18:53:07.040	0.065683	0.030409	0.152044
18:53:07.090	0.055541	0.025713	0.128567
18:53:07.140	0.064773	0.029987	0.149937
18:53:07.191	0.054872	0.025404	0.127019
18:53:07.241	0.063150	0.029236	0.146181
18:53:07.291	0.056689	0.026245	0.131226
18:53:07.341	0.068426	0.031679	0.158393
18:53:07.392	0.060450	0.027986	0.139930
18:53:07.442	0.068563	0.031742	0.158711
18:53:07.492	0.061826	0.028623	0.143116
18:53:07.543	0.067115	0.031072	0.155359
18:53:07.594	0.063908	0.029587	0.147936
18:53:07.645	0.062149	0.028773	0.143863
18:53:07.696	0.062514	0.028942	0.144709
18:53:07.748	0.053958	0.024980	0.124902
18:53:07.799	0.065267	0.030216	0.151082
18:53:07.851	0.050317	0.023295	0.116474
18:53:07.902	0.058062	0.026881	0.134403
18:53:07.953	0.052619	0.024361	0.121804
18:53:08.004	0.049694	0.023007	0.115033
18:53:08.056	0.065204	0.030187	0.150936
18:53:08.107	0.077651	0.035949	0.179747
18:53:08.158	0.099863	0.046233	0.231164
18:53:08.210	0.090735	0.042007	0.210036
18:53:08.266	0.089091	0.041246	0.206230
18:53:08.317	0.101844	0.047150	0.235751
18:53:08.369	0.094147	0.043586	0.217932
18:53:08.420	0.104925	0.048576	0.242881
18:53:08.471	0.091384	0.042307	0.211537
18:53:08.522	0.097531	0.045153	0.225767
18:53:08.574	0.092379	0.042768	0.213839
18:53:08.625	0.087663	0.040585	0.202923
18:53:08.676	0.091115	0.042183	0.210915
18:53:08.727	0.076551	0.035440	0.177201
18:53:08.778	0.086695	0.040137	0.200683
18:53:08.829	0.071117	0.032925	0.164623
18:53:08.880	0.077828	0.036032	0.180158
18:53:08.930	0.062943	0.029140	0.145702
18:53:08.981	0.069817	0.032323	0.161614
18:53:09.032	0.062525	0.028947	0.144735
18:53:09.083	0.066789	0.030921	0.154604
18:53:09.134	0.065572	0.030358	0.151788
18:53:09.185	0.061980	0.028694	0.143471
18:53:09.236	0.064622	0.029918	0.149588
18:53:09.287	0.052558	0.024333	0.121663
18:53:09.338	0.063330	0.029319	0.146597
18:53:09.389	0.048684	0.022539	0.112693
18:53:09.441	0.061430	0.028440	0.142199
18:53:09.491	0.058783	0.027214	0.136071
18:53:09.542	0.070805	0.032780	0.163900
18:53:09.593	0.071097	0.032915	0.164575
18:53:09.645	0.069097	0.031989	0.159947
18:53:09.696	0.075455	0.034933	0.174665
18:53:09.747	0.070464	0.032622	0.163111
18:53:09.798	0.084226	0.038994	0.194968
18:53:09.849	0.077637	0.035943	0.179715
18:53:09.900	0.092937	0.043026	0.215132
18:53:09.951	0.081490	0.037727	0.188635
18:53:10.002	0.086569	0.040078	0.200391
18:53:10.053	0.084883	0.039298	0.196489
18:53:10.104	0.079984	0.037030	0.185149
18:53:10.155	0.083503	0.038659	0.193294
18:53:10.207	0.075350	0.034884	0.174421
18:53:10.258	0.088383	0.040918	0.204591
18:53:10.309	0.076716	0.035517	0.177583
18:53:10.360	0.089731	0.041542	0.207710
18:53:10.411	0.078414	0.036303	0.181513
18:53:10.462	0.086628	0.040106	0.200529
18:53:10.513	0.082494	0.038192	0.190959
18:53:10.564	0.082930	0.038393	0.191967
18:53:10.615	0.102654	0.047525	0.237625
18:53:10.666	0.101626	0.047049	0.235245
18:53:10.718	0.112930	0.052283	0.261413
18:53:10.769	0.101908	0.047180	0.235898
18:53:10.820	0.110608	0.051207	0.256036
18:53:10.871	0.100921	0.046723	0.233614
18:53:10.922	0.105641	0.048908	0.244539
18:53:10.973	0.102824	0.047604	0.238019
18:53:11.024	0.100673	0.046608	0.233040
18:53:11.075	0.105366	0.048780	0.243902
18:53:11.126	0.096984	0.044900	0.224499
18:53:11.177	0.107415	0.049729	0.248645
18:53:11.229	0.093226	0.043160	0.215801
18:53:11.280	0.102841	0.047612	0.238058
18:53:11.331	0.093603	0.043335	0.216674
18:53:11.382	0.100682	0.046612	0.233061
18:53:11.433	0.098362	0.045538	0.227689
18:53:11.484	0.091890	0.042541	0.212707
18:53:11.535	0.095696	0.044304	0.221518
18:53:11.586	0.086736	0.040155	0.200777
18:53:11.637	0.095109	0.044032	0.220161
18:53:11.689	0.082958	0.038406	0.192032
18:53:11.740	0.090795	0.042035	0.210173
18:53:11.791	0.082456	0.038174	0.190869
18:53:11.841	0.088112	0.040792	0.203962
18:53:11.891	0.085327	0.039503	0.197516
18:53:11.941	0.088085	0.040780	0.203900
18:53:11.992	0.085921	0.039778	0.198892
18:53:12.042	0.091402	0.042316	0.211579
18:53:12.092	0.088596	0.041017	0.205084
18:53:12.143	0.089552	0.041459	0.207297
18:53:12.193	0.089923	0.041631	0.208155
18:53:12.244	0.087097	0.040323	0.201613
18:53:12.294	0.089609	0.041486	0.207428
18:53:12.345	0.083363	0.038594	0.192970
18:53:12.395	0.089656	0.041507	0.207536
18:53:12.445	0.084091	0.038931	0.194654
18:53:12.496	0.090648	0.041967	0.209834
18:53:12.548	0.078549	0.036365	0.181826
18:53:12.599	0.089032	0.041219	0.206093
18:53:12.650	0.081261	0.037621	0.188104
18:53:12.701	0.088728	0.041078	0.205388
18:53:12.753	0.086757	0.040165	0.200826
18:53:12.804	0.084469	0.039106	0.195530
18:53:12.855	0.089846	0.041596	0.207978
18:53:12.907	0.082085	0.038002	0.190011
18:53:12.958	0.094833	0.043904	0.219520
18:53:13.009	0.084783	0.039251	0.196257
18:53:13.060	0.093412	0.043246	0.216232
18:53:13.111	0.086580	0.040083	0.200417
18:53:13.162	0.091821	0.042510	0.212548
18:53:13.214	0.094380	0.043694	0.218472
18:53:13.265	0.088963	0.041186	0.205932
18:53:13.316	0.101869	0.047161	0.235807
18:53:13.367	0.088234	0.040849	0.204246
18:53:13.419	0.097709	0.045236	0.226178
18:53:13.470	0.087390	0.040458	0.202291
18:53:13.521	0.093297	0.043193	0.215966
18:53:13.572	0.090623	0.041955	0.209776
18:53:13.623	0.088553	0.040997	0.204983
18:53:13.675	0.094678	0.043832	0.219162
18:53:13.726	0.088160	0.040815	0.204074
18:53:13.777	0.096166	0.044521	0.222606
18:53:13.829	0.086214	0.039914	0.199571
18:53:13.880	0.095769	0.044338	0.221688
18:53:13.931	0.090769	0.042023	0.210114
18:53:13.982	0.095284	0.044113	0.220566
18:53:14.033	0.094764	0.043872	0.219360
18:53:14.084	0.087666	0.040586	0.202931
18:53:14.136	0.097608	0.045189	0.225944
18:53:14.187	0.087747	0.040624	0.203118
18:53:14.238	0.098586	0.045642	0.228208
18:53:14.290	0.089624	0.041493	0.207463
18:53:14.341	0.097157	0.044980	0.224901
18:53:14.392	0.092800	0.042963	0.214814
18:53:14.443	0.086908	0.040235	0.201177
18:53:14.495	0.093778	0.043416	0.217079
18:53:14.546	0.086329	0.039967	0.199836
18:53:14.597	0.096214	0.044544	0.222719
18:53:14.648	0.083293	0.038562	0.192809
18:53:14.700	0.092041	0.042612	0.213058
18:53:14.751	0.085016	0.039359	0.196797
18:53:14.802	0.086085	0.039854	0.199271
18:53:14.853	0.086101	0.039861	0.199307
18:53:14.905	0.079617	0.036860	0.184299
18:53:14.956	0.091796	0.042498	0.212490
18:53:15.007	0.077474	0.035868	0.179338
18:53:15.058	0.086429	0.040013	0.200067
18:53:15.110	0.078730	0.036449	0.182245
18:53:15.161	0.086139	0.039879	0.199396
18:53:15.212	0.083172	0.038506	0.192529
18:53:15.263	0.076282	0.035316	0.176578
18:53:15.315	0.081807	0.037873	0.189367
18:53:15.366	0.071978	0.033323	0.166615
18:53:15.417	0.080212	0.037135	0.185676
18:53:15.468	0.070221	0.032510	0.162549
18:53:15.520	0.078550	0.036366	0.181828
18:53:15.571	0.072613	0.033617	0.168085
18:53:15.622	0.074534	0.034506	0.172531
18:53:15.673	0.075190	0.034810	0.174051
18:53:15.724	0.068658	0.031786	0.158930
18:53:15.775	0.078153	0.036182	0.180910
18:53:15.827	0.067972	0.031469	0.157343
18:53:15.878	0.078978	0.036564	0.182818
18:53:15.929	0.069702	0.032269	0.161347
18:53:15.980	0.078327	0.036263	0.181313
18:53:16.032	0.078251	0.036227	0.181136
18:53:16.083	0.078134	0.036173	0.180866
18:53:16.134	0.086363	0.039983	0.199915
18:53:16.185	0.077637	0.035943	0.179716
18:53:16.237	0.089832	0.041589	0.207944
18:53:16.288	0.080661	0.037343	0.186716
18:53:16.339	0.090226	0.041771	0.208857
18:53:16.390	0.084158	0.038962	0.194810
18:53:16.442	0.086754	0.040164	0.200820
18:53:16.493	0.089897	0.041619	0.208096
18:53:16.544	0.084651	0.039190	0.195951
18:53:16.595	0.096651	0.044746	0.223730
18:53:16.647	0.085418	0.039545	0.197727
18:53:16.698	0.094191	0.043607	0.218036
18:53:16.749	0.079285	0.036706	0.183531
18:53:16.800	0.083156	0.038498	0.192491
18:53:16.850	0.073475	0.034016	0.170080
18:53:16.900	0.075208	0.034818	0.174092
18:53:16.950	0.070082	0.032445	0.162227
18:53:17.000	0.069294	0.032081	0.160404
18:53:17.050	0.064664	0.029937	0.149685
18:53:17.100	0.064705	0.029956	0.149781
18:53:17.150	0.062732	0.029043	0.145213
18:53:17.201	0.064223	0.029733	0.148665
18:53:17.251	0.065148	0.030161	0.150806
18:53:17.301	0.066036	0.030572	0.152860
18:53:17.351	0.069155	0.032016	0.160082
18:53:17.401	0.072216	0.033434	0.167168
18:53:17.451	0.074489	0.034486	0.172428
18:53:17.501	0.073118	0.033851	0.169254
18:53:17.552	0.072873	0.033738	0.168688
18:53:17.603	0.068264	0.031604	0.158019
18:53:17.654	0.076780	0.035546	0.177731
18:53:17.705	0.068961	0.031926	0.159631
18:53:17.756	0.077240	0.035759	0.178797
18:53:17.807	0.068343	0.031640	0.158201
18:53:17.859	0.077257	0.035767	0.178835
18:53:17.910	0.070193	0.032497	0.162484
18:53:17.960	0.068938	0.031916	0.159578
18:53:18.011	0.066854	0.030951	0.154755
18:53:18.061	0.067927	0.031448	0.157239
18:53:18.112	0.073704	0.034122	0.170611
18:53:18.163	0.077955	0.036090	0.180452
18:53:18.213	0.093757	0.043406	0.217029
18:53:18.264	0.085050	0.039375	0.196874
18:53:18.314	0.094260	0.043639	0.218194
18:53:18.365	0.083415	0.038618	0.193090
18:53:18.415	0.089611	0.041487	0.207433
18:53:18.466	0.071278	0.032999	0.164996
18:53:18.517	0.078897	0.036527	0.182633
18:53:18.567	0.067461	0.031232	0.156159
18:53:18.618	0.073548	0.034050	0.170250
18:53:18.669	0.063296	0.029304	0.146519
18:53:18.720	0.070417	0.032601	0.163003
18:53:18.770	0.069920	0.032371	0.161853
18:53:18.821	0.068987	0.031938	0.159692
18:53:18.872	0.068745	0.031827	0.159133
18:53:18.923	0.059766	0.027670	0.138348
18:53:18.974	0.066951	0.030996	0.154978
18:53:19.025	0.055026	0.025475	0.127376
18:53:19.075	0.066862	0.030955	0.154773
18:53:19.126	0.054176	0.025081	0.125407
18:53:19.177	0.064524	0.029872	0.149361
18:53:19.228	0.055379	0.025638	0.128192
18:53:19.279	0.064378	0.029804	0.149022
18:53:19.329	0.058673	0.027163	0.135817
18:53:19.380	0.060376	0.027952	0.139758
18:53:19.431	0.063237	0.029276	0.146381
18:53:19.482	0.065686	0.030410	0.152052
18:53:19.533	0.073674	0.034108	0.170541
18:53:19.584	0.066082	0.030593	0.152967
18:53:19.634	0.076415	0.035377	0.176887
18:53:19.685	0.066176	0.030637	0.153185
18:53:19.736	0.076924	0.035613	0.178066
18:53:19.787	0.067325	0.031169	0.155845
18:53:19.838	0.076669	0.035495	0.177475
18:53:19.889	0.067242	0.031131	0.155653
18:53:19.940	0.071925	0.033299	0.166494
18:53:19.990	0.070213	0.032506	0.162531
18:53:20.041	0.071146	0.032938	0.164690
18:53:20.092	0.076708	0.035513	0.177564
18:53:20.143	0.069423	0.032140	0.160702
18:53:20.194	0.079351	0.036737	0.183683
18:53:20.245	0.069059	0.031972	0.159859
18:53:20.295	0.082702	0.038288	0.191441
18:53:20.346	0.072764	0.033687	0.168435
18:53:20.397	0.083705	0.038752	0.193761
18:53:20.448	0.076929	0.035615	0.178077
18:53:20.499	0.083922	0.038853	0.194265
18:53:20.549	0.081342	0.037658	0.188291
18:53:20.600	0.083948	0.038865	0.194325
18:53:20.651	0.087142	0.040344	0.201718
18:53:20.702	0.086248	0.039930	0.199649
18:53:20.753	0.093912	0.043478	0.217388
18:53:20.803	0.085705	0.039678	0.198391
18:53:20.854	0.090802	0.042038	0.210190
18:53:20.905	0.073823	0.034177	0.170886
18:53:20.956	0.081514	0.037738	0.188691
18:53:21.007	0.069734	0.032284	0.161421
18:53:21.058	0.078256	0.036230	0.181149
18:53:21.108	0.071286	0.033003	0.165014
18:53:21.159	0.071430	0.033070	0.165348
18:53:21.210	0.070791	0.032774	0.163868
18:53:21.261	0.073163	0.033872	0.169359
18:53:21.311	0.075088	0.034763	0.173814
18:53:21.362	0.065321	0.030241	0.151205
18:53:21.413	0.073805	0.034169	0.170846
18:53:21.464	0.064573	0.029895	0.149473
18:53:21.515	0.076009	0.035189	0.175946
18:53:21.566	0.064351	0.029792	0.148961
18:53:21.616	0.073720	0.034130	0.170649
18:53:21.667	0.064075	0.029664	0.148321
18:53:21.718	0.070559	0.032666	0.163331
18:53:21.769	0.065904	0.030511	0.152556
18:53:21.819	0.067721	0.031352	0.156761
18:53:21.870	0.066294	0.030692	0.153459
18:53:21.920	0.066247	0.030670	0.153349
18:53:21.971	0.069600	0.032222	0.161111
18:53:22.021	0.067997	0.031480	0.157401
18:53:22.072	0.072869	0.033736	0.168679
18:53:22.123	0.065567	0.030355	0.151776
18:53:22.173	0.070998	0.032869	0.164346
18:53:22.224	0.058491	0.027079	0.135397
18:53:22.274	0.067711	0.031348	0.156739
18:53:22.325	0.055698	0.025786	0.128930
18:53:22.376	0.066206	0.030651	0.153256
18:53:22.427	0.050609	0.023430	0.117151
18:53:22.478	0.059591	0.027588	0.137941
18:53:22.529	0.053099	0.024583	0.122914
18:53:22.579	0.058991	0.027311	0.136553
18:53:22.630	0.059363	0.027483	0.137414
18:53:22.681	0.053790	0.024903	0.124513
18:53:22.732	0.061411	0.028431	0.142156
18:53:22.783	0.056010	0.025930	0.129652
18:53:22.833	0.063602	0.029445	0.147227
18:53:22.884	0.051099	0.023657	0.118285
18:53:22.935	0.058179	0.026935	0.134673
18:53:22.986	0.044558	0.020629	0.103143
18:53:23.037	0.050925	0.023576	0.117882
18:53:23.088	0.043235	0.020016	0.100082
18:53:23.139	0.048446	0.022429	0.112144
18:53:23.190	0.045919	0.021259	0.106294
18:53:23.240	0.047623	0.022048	0.110239
18:53:23.291	0.052495	0.024303	0.121516
18:53:23.342	0.049359	0.022851	0.114256
18:53:23.393	0.059307	0.027457	0.137285
18:53:23.444	0.046917	0.021721	0.108603
18:53:23.495	0.058286	0.026984	0.134920
18:53:23.546	0.048578	0.022490	0.112450
18:53:23.596	0.061255	0.028359	0.141795
18:53:23.647	0.052560	0.024333	0.121666
18:53:23.698	0.056862	0.026325	0.131626
18:53:23.749	0.053439	0.024740	0.123700
18:53:23.800	0.051856	0.024007	0.120036
18:53:23.851	0.052592	0.024348	0.121742
18:53:23.901	0.047466	0.021975	0.109876
18:53:23.952	0.049986	0.023142	0.115709
18:53:24.003	0.040693	0.018839	0.094197
18:53:24.054	0.050722	0.023482	0.117412
18:53:24.105	0.044336	0.020526	0.102630
18:53:24.156	0.061369	0.028411	0.142057
18:53:24.207	0.052368	0.024245	0.121223
18:53:24.257	0.065084	0.030131	0.150657
18:53:24.308	0.058918	0.027277	0.136383
18:53:24.359	0.064726	0.029966	0.149829
18:53:24.410	0.067961	0.031463	0.157316
18:53:24.461	0.065038	0.030110	0.150552
18:53:24.512	0.067325	0.031169	0.155844
18:53:24.562	0.060677	0.028091	0.140456
18:53:24.613	0.070345	0.032567	0.162835
18:53:24.664	0.058696	0.027174	0.135870
18:53:24.715	0.069566	0.032206	0.161032
18:53:24.766	0.061410	0.028431	0.142153
18:53:24.817	0.073204	0.033891	0.169453
18:53:24.868	0.067374	0.031192	0.155958
18:53:24.919	0.069819	0.032324	0.161618
18:53:24.970	0.067779	0.031379	0.156896
18:53:25.021	0.064974	0.030080	0.150402
18:53:25.072	0.065477	0.030313	0.151567
18:53:25.123	0.053270	0.024662	0.123310
18:53:25.174	0.066766	0.030910	0.154550
18:53:25.225	0.055011	0.025468	0.127339
18:53:25.276	0.067813	0.031395	0.156975
18:53:25.328	0.060101	0.027825	0.139123
18:53:25.379	0.066855	0.030952	0.154758
18:53:25.430	0.067648	0.031318	0.156592
18:53:25.481	0.065278	0.030221	0.151106
18:53:25.532	0.075365	0.034891	0.174455
18:53:25.583	0.068281	0.031611	0.158057
18:53:25.634	0.075321	0.034871	0.174354
18:53:25.685	0.060629	0.028069	0.140345
18:53:25.736	0.069989	0.032402	0.162011
18:53:25.788	0.065747	0.030438	0.152192
18:53:25.839	0.076039	0.035203	0.176016
18:53:25.890	0.075430	0.034922	0.174608
18:53:25.941	0.071614	0.033155	0.165773
18:53:25.992	0.078014	0.036118	0.180589
18:53:26.043	0.068867	0.031883	0.159415
18:53:26.094	0.076575	0.035451	0.177257
18:53:26.145	0.062896	0.029119	0.145593
18:53:26.196	0.073288	0.033930	0.169648
18:53:26.248	0.065192	0.030182	0.150908
18:53:26.299	0.068795	0.031849	0.159247
18:53:26.350	0.068998	0.031944	0.159718
18:53:26.401	0.066072	0.030589	0.152944
18:53:26.452	0.072748	0.033680	0.168399
18:53:26.503	0.064205	0.029724	0.148622
18:53:26.554	0.074638	0.034555	0.172773
18:53:26.605	0.064327	0.029781	0.148904
18:53:26.656	0.075487	0.034948	0.174738
18:53:26.707	0.066302	0.030695	0.153477
18:53:26.758	0.072875	0.033739	0.168693
18:53:26.809	0.073644	0.034094	0.170472
18:53:26.859	0.075164	0.034798	0.173991
18:53:26.909	0.077071	0.035681	0.178406
18:53:26.960	0.076387	0.035364	0.176822
18:53:27.010	0.073338	0.033953	0.169763
18:53:27.060	0.069536	0.032193	0.160963
18:53:27.111	0.074180	0.034343	0.171713
18:53:27.161	0.071608	0.033152	0.165758
18:53:27.211	0.078828	0.036494	0.182472
18:53:27.262	0.070554	0.032664	0.163319
18:53:27.312	0.079904	0.036993	0.184963
18:53:27.362	0.070000	0.032407	0.162037
18:53:27.412	0.082883	0.038372	0.191858
18:53:27.463	0.073054	0.033821	0.169106
18:53:27.513	0.084903	0.039307	0.196535
18:53:27.563	0.071235	0.032979	0.164895
18:53:27.614	0.081513	0.037738	0.188688
18:53:27.665	0.069860	0.032343	0.161714
18:53:27.716	0.079081	0.036612	0.183059
18:53:27.768	0.071546	0.033123	0.165616
18:53:27.819	0.078766	0.036466	0.182329
18:53:27.870	0.082994	0.038423	0.192115
18:53:27.920	0.083634	0.038720	0.193598
18:53:27.971	0.088920	0.041166	0.205832
18:53:28.022	0.080947	0.037476	0.187378
18:53:28.072	0.086537	0.040063	0.200317
18:53:28.123	0.076822	0.035566	0.177828
18:53:28.174	0.085120	0.039408	0.197038
18:53:28.225	0.072437	0.033536	0.167679
18:53:28.276	0.083767	0.038781	0.193904
18:53:28.327	0.074182	0.034343	0.171717
18:53:28.377	0.081994	0.037960	0.189802
18:53:28.428	0.076651	0.035486	0.177432
18:53:28.479	0.078015	0.036118	0.180591
18:53:28.530	0.079027	0.036586	0.182932
18:53:28.581	0.076889	0.035597	0.177985
18:53:28.631	0.083117	0.038480	0.192400
18:53:28.682	0.074677	0.034573	0.172863
18:53:28.733	0.085332	0.039505	0.197527
18:53:28.784	0.074166	0.034336	0.171679
18:53:28.835	0.086351	0.039977	0.199886
18:53:28.886	0.076082	0.035223	0.176116
18:53:28.936	0.083669	0.038735	0.193677
18:53:28.987	0.078772	0.036469	0.182343
18:53:29.038	0.084576	0.039155	0.195777
18:53:29.089	0.082842	0.038353	0.191764
18:53:29.140	0.081351	0.037662	0.188311
18:53:29.191	0.083085	0.038465	0.192326
18:53:29.241	0.079628	0.036865	0.184324
18:53:29.292	0.088778	0.041101	0.205504
18:53:29.343	0.080528	0.037282	0.186408
18:53:29.394	0.093066	0.043086	0.215430
18:53:29.445	0.083036	0.038442	0.192212
18:53:29.496	0.095275	0.044109	0.220545
18:53:29.546	0.085839	0.039740	0.198701
18:53:29.597	0.092549	0.042847	0.214234
18:53:29.648	0.090079	0.041703	0.208516
18:53:29.699	0.091950	0.042570	0.212848
18:53:29.750	0.095714	0.044312	0.221560
18:53:29.801	0.088747	0.041086	0.205432
18:53:29.852	0.096847	0.044837	0.224183
18:53:29.902	0.087663	0.040585	0.202923
18:53:29.953	0.094582	0.043788	0.218940
18:53:30.004	0.083436	0.038628	0.193140
18:53:30.055	0.092991	0.043051	0.215257
18:53:30.106	0.083437	0.038628	0.193142
18:53:30.157	0.091699	0.042453	0.212266
18:53:30.207	0.084899	0.039305	0.196527
18:53:30.258	0.087897	0.040693	0.203465
18:53:30.309	0.087492	0.040506	0.202528
18:53:30.360	0.088024	0.040752	0.203759
18:53:30.411	0.090165	0.041743	0.208715
18:53:30.462	0.078737	0.036452	0.182261
18:53:30.512	0.085681	0.039667	0.198336
18:53:30.563	0.075151	0.034792	0.173960
18:53:30.614	0.090036	0.041683	0.208416
18:53:30.665	0.078804	0.036483	0.182417
18:53:30.716	0.086063	0.039844	0.199221
18:53:30.767	0.074002	0.034260	0.171300
18:53:30.818	0.081336	0.037655	0.188277
18:53:30.868	0.079182	0.036658	0.183291
18:53:30.919	0.074159	0.034333	0.171665
18:53:30.970	0.076556	0.035442	0.177212
18:53:31.021	0.070166	0.032484	0.162421
18:53:31.072	0.077737	0.035990	0.179948
18:53:31.123	0.065386	0.030271	0.151357
18:53:31.173	0.078461	0.036324	0.181622
18:53:31.224	0.068874	0.031886	0.159431
18:53:31.275	0.078220	0.036213	0.181064
18:53:31.326	0.066526	0.030799	0.153994
18:53:31.377	0.071862	0.033270	0.166348
18:53:31.428	0.066461	0.030769	0.153845
18:53:31.478	0.070202	0.032501	0.162506
18:53:31.529	0.071075	0.032905	0.164526
18:53:31.580	0.067514	0.031257	0.156284
18:53:31.631	0.075589	0.034995	0.174974
18:53:31.682	0.067012	0.031024	0.155121
18:53:31.733	0.073418	0.033990	0.169948
18:53:31.783	0.057356	0.026554	0.132768
18:53:31.834	0.069965	0.032391	0.161955
18:53:31.885	0.060179	0.027861	0.139303
18:53:31.935	0.072622	0.033621	0.168107
18:53:31.985	0.064343	0.029789	0.148943
18:53:32.035	0.074800	0.034630	0.173148
18:53:32.085	0.065173	0.030172	0.150862
18:53:32.135	0.077078	0.035684	0.178421
18:53:32.186	0.066401	0.030741	0.153705
18:53:32.236	0.072667	0.033642	0.168211
18:53:32.286	0.063027	0.029179	0.145897
18:53:32.336	0.070947	0.032846	0.164230
18:53:32.386	0.064601	0.029908	0.149539
18:53:32.436	0.069903	0.032362	0.161812
18:53:32.486	0.067257	0.031137	0.155687
18:53:32.537	0.072762	0.033686	0.168430
18:53:32.587	0.067211	0.031116	0.155580
18:53:32.638	0.067696	0.031341	0.156704
18:53:32.689	0.064898	0.030045	0.150227
18:53:32.740	0.061921	0.028667	0.143335
18:53:32.791	0.070113	0.032460	0.162300
18:53:32.841	0.063095	0.029211	0.146053
18:53:32.892	0.073141	0.033862	0.169308
18:53:32.943	0.063173	0.029247	0.146233
18:53:32.994	0.073006	0.033799	0.168995
18:53:33.045	0.061043	0.028261	0.141303
18:53:33.095	0.071077	0.032906	0.164529
18:53:33.146	0.061551	0.028496	0.142480
18:53:33.197	0.066213	0.030654	0.153271
18:53:33.248	0.064884	0.030039	0.150194
18:53:33.299	0.065573	0.030358	0.151788
18:53:33.349	0.068965	0.031928	0.159642
18:53:33.400	0.059489	0.027541	0.137705
18:53:33.451	0.064362	0.029797	0.148987
18:53:33.502	0.050336	0.023304	0.116518
18:53:33.553	0.058431	0.027051	0.135256
18:53:33.604	0.049696	0.023007	0.115037
18:53:33.655	0.064283	0.029761	0.148803
18:53:33.707	0.062786	0.029068	0.145339
18:53:33.758	0.069774	0.032303	0.161514
18:53:33.808	0.071512	0.033107	0.165537
18:53:33.859	0.069371	0.032116	0.160581
18:53:33.910	0.077910	0.036069	0.180346
18:53:33.962	0.071362	0.033038	0.165190
18:53:34.013	0.084329	0.039041	0.195205
18:53:34.064	0.073076	0.033831	0.169157
18:53:34.115	0.084753	0.039237	0.196187
18:53:34.166	0.077684	0.035965	0.179825
18:53:34.217	0.082934	0.038395	0.191976
18:53:34.268	0.079563	0.036835	0.184174
18:53:34.319	0.074043	0.034279	0.171395
18:53:34.371	0.079520	0.036815	0.184074
18:53:34.422	0.075529	0.034967	0.174836
18:53:34.473	0.088289	0.040874	0.204372
18:53:34.524	0.078043	0.036131	0.180654
18:53:34.575	0.087922	0.040705	0.203523
18:53:34.626	0.082553	0.038219	0.191095
18:53:34.677	0.087301	0.040417	0.202085
18:53:34.728	0.082976	0.038415	0.192073
18:53:34.779	0.080590	0.037310	0.186552
18:53:34.830	0.086450	0.040023	0.200116
18:53:34.881	0.080486	0.037262	0.186310
18:53:34.932	0.097174	0.044988	0.224941
18:53:34.983	0.083440	0.038630	0.193148
18:53:35.035	0.082810	0.038338	0.191689
18:53:35.086	0.065911	0.030514	0.152571
18:53:35.137	0.068676	0.031795	0.158973
18:53:35.188	0.066328	0.030707	0.153536
18:53:35.239	0.066842	0.030945	0.154726
18:53:35.290	0.065943	0.030529	0.152645
18:53:35.341	0.051462	0.023825	0.119126
18:53:35.392	0.060846	0.028169	0.140847
18:53:35.443	0.052425	0.024271	0.121353
18:53:35.495	0.063758	0.029517	0.147587
18:53:35.546	0.055012	0.025469	0.127344
18:53:35.597	0.061819	0.028620	0.143099
18:53:35.648	0.062358	0.028869	0.144347
18:53:35.699	0.061081	0.028278	0.141392
18:53:35.750	0.069983	0.032400	0.161998
18:53:35.801	0.063456	0.029378	0.146888
18:53:35.853	0.079071	0.036607	0.183034
18:53:35.904	0.066742	0.030899	0.154496
18:53:35.955	0.074630	0.034551	0.172755
18:53:36.006	0.070159	0.032481	0.162405
18:53:36.057	0.079399	0.036759	0.183793
18:53:36.108	0.083498	0.038656	0.193282
18:53:36.159	0.084948	0.039328	0.196639
18:53:36.210	0.088986	0.041197	0.205986
18:53:36.261	0.077411	0.035839	0.179193
18:53:36.313	0.087766	0.040632	0.203162
18:53:36.364	0.074262	0.034381	0.171903
18:53:36.415	0.081033	0.037515	0.187577
18:53:36.466	0.062590	0.028977	0.144883
18:53:36.517	0.059282	0.027445	0.137226
18:53:36.568	0.054787	0.025364	0.126821
18:53:36.619	0.048352	0.022385	0.111926
18:53:36.670	0.056684	0.026243	0.131213
18:53:36.722	0.045217	0.020934	0.104668
18:53:36.773	0.056319	0.026073	0.130367
18:53:36.823	0.045844	0.021224	0.106121
18:53:36.873	0.056698	0.026249	0.131246
18:53:36.924	0.046240	0.021407	0.107036
18:53:36.974	0.054890	0.025412	0.127061
18:53:37.026	0.048322	0.022371	0.111855
18:53:37.077	0.054423	0.025196	0.125979
18:53:37.128	0.056140	0.025991	0.129953
18:53:37.179	0.053985	0.024993	0.124966
18:53:37.231	0.061783	0.028603	0.143016
18:53:37.282	0.052630	0.024366	0.121829
18:53:37.333	0.065932	0.030524	0.152621
18:53:37.384	0.057432	0.026589	0.132945
18:53:37.436	0.066143	0.030622	0.153109
18:53:37.487	0.062955	0.029146	0.145728
18:53:37.538	0.062449	0.028912	0.144559
18:53:37.590	0.069102	0.031992	0.159959
18:53:37.641	0.061382	0.028418	0.142088
18:53:37.692	0.074652	0.034561	0.172806
18:53:37.743	0.066480	0.030778	0.153890
18:53:37.795	0.075262	0.034843	0.174217
18:53:37.846	0.067776	0.031378	0.156890
18:53:37.897	0.073727	0.034133	0.170664
18:53:37.948	0.071733	0.033210	0.166050
18:53:37.999	0.069068	0.031976	0.159880
18:53:38.050	0.076998	0.035647	0.178236
18:53:38.101	0.068653	0.031784	0.158919
18:53:38.153	0.081333	0.037654	0.188271
18:53:38.204	0.066679	0.030870	0.154348
18:53:38.255	0.074737	0.034601	0.173003
18:53:38.306	0.068582	0.031751	0.158755
18:53:38.357	0.075540	0.034972	0.174862
18:53:38.408	0.075377	0.034897	0.174485
18:53:38.459	0.071992	0.033330	0.166648
18:53:38.510	0.081009	0.037504	0.187521
18:53:38.562	0.072149	0.033402	0.167011
18:53:38.613	0.083975	0.038877	0.194386
18:53:38.664	0.073302	0.033936	0.169680
18:53:38.715	0.082908	0.038383	0.191916
18:53:38.766	0.074004	0.034261	0.171306
18:53:38.817	0.076071	0.035218	0.176090
18:53:38.868	0.074427	0.034457	0.172285
18:53:38.919	0.067743	0.031362	0.156812
18:53:38.970	0.075372	0.034895	0.174473
18:53:39.021	0.066528	0.030800	0.154000
18:53:39.073	0.079477	0.036795	0.183974
18:53:39.124	0.067446	0.031225	0.156125
18:53:39.175	0.076162	0.035260	0.176300
18:53:39.226	0.070033	0.032423	0.162113
18:53:39.277	0.068676	0.031794	0.158972
18:53:39.328	0.069392	0.032126	0.160629
18:53:39.379	0.063323	0.029316	0.146581
18:53:39.430	0.071094	0.032914	0.164569
18:53:39.482	0.060797	0.028147	0.140734
18:53:39.533	0.069803	0.032316	0.161581
18:53:39.584	0.060562	0.028038	0.140189
18:53:39.635	0.068946	0.031920	0.159598
18:53:39.686	0.064405	0.029817	0.149085
18:53:39.737	0.067321	0.031167	0.155835
18:53:39.788	0.068274	0.031608	0.158041
18:53:39.839	0.062120	0.028759	0.143797
18:53:39.890	0.073498	0.034027	0.170135
18:53:39.942	0.062669	0.029013	0.145066
18:53:39.993	0.071724	0.033205	0.166027
18:53:40.044	0.059842	0.027705	0.138523
18:53:40.095	0.067646	0.031318	0.156588
18:53:40.146	0.062856	0.029100	0.145499
18:53:40.197	0.061976	0.028693	0.143463
18:53:40.248	0.063726	0.029503	0.147515
18:53:40.299	0.054220	0.025102	0.125510
18:53:40.351	0.065987	0.030549	0.152747
18:53:40.402	0.060561	0.028038	0.140189
18:53:40.453	0.073433	0.033997	0.169983
18:53:40.504	0.064004	0.029632	0.148158
18:53:40.555	0.073087	0.033837	0.169183
18:53:40.606	0.069718	0.032277	0.161384
18:53:40.657	0.070795	0.032775	0.163877
18:53:40.709	0.072524	0.033576	0.167880
18:53:40.760	0.066694	0.030877	0.154383
18:53:40.811	0.074821	0.034639	0.173196
18:53:40.862	0.059265	0.027438	0.137188
18:53:40.913	0.070166	0.032484	0.162422
18:53:40.964	0.062604	0.028983	0.144917
18:53:41.015	0.072259	0.033453	0.167267
18:53:41.066	0.067563	0.031279	0.156395
18:53:41.117	0.062514	0.028942	0.144708
18:53:41.168	0.065144	0.030159	0.150796
18:53:41.219	0.055116	0.025516	0.127582
18:53:41.270	0.061632	0.028533	0.142667
18:53:41.322	0.048076	0.022257	0.111286
18:53:41.373	0.057431	0.026588	0.132941
18:53:41.424	0.048486	0.022447	0.112237
18:53:41.475	0.056538	0.026175	0.130876
18:53:41.526	0.048203	0.022316	0.111581
18:53:41.577	0.046283	0.021427	0.107136
18:53:41.628	0.051715	0.023942	0.119711
18:53:41.679	0.042226	0.019549	0.097746
18:53:41.731	0.056225	0.026030	0.130150
18:53:41.782	0.047004	0.021761	0.108806
18:53:41.832	0.061297	0.028378	0.141890
18:53:41.882	0.050942	0.023584	0.117922
18:53:41.932	0.065471	0.030311	0.151554
18:53:41.982	0.059510	0.027551	0.137754
18:53:42.033	0.066859	0.030953	0.154767
18:53:42.083	0.056019	0.025935	0.129673
18:53:42.133	0.060203	0.027872	0.139358
18:53:42.184	0.051644	0.023909	0.119546
18:53:42.234	0.057171	0.026468	0.132340
18:53:42.285	0.052364	0.024243	0.121213
18:53:42.335	0.061431	0.028440	0.142202
18:53:42.386	0.061979	0.028694	0.143470
18:53:42.436	0.066288	0.030689	0.153443
18:53:42.486	0.067280	0.031148	0.155740
18:53:42.537	0.066368	0.030726	0.153630
18:53:42.588	0.072061	0.033362	0.166808
18:53:42.639	0.065087	0.030133	0.150664
18:53:42.691	0.077793	0.036015	0.180077
18:53:42.742	0.065980	0.030546	0.152732
18:53:42.793	0.079915	0.036998	0.184989
18:53:42.844	0.073764	0.034150	0.170751
18:53:42.896	0.077144	0.035715	0.178574
18:53:42.947	0.077744	0.035993	0.179963
18:53:42.998	0.068657	0.031786	0.158928
18:53:43.050	0.078055	0.036137	0.180683
18:53:43.101	0.067084	0.031057	0.155287
18:53:43.152	0.077500	0.035880	0.179399
18:53:43.203	0.069494	0.032173	0.160865
18:53:43.254	0.078821	0.036491	0.182455
18:53:43.306	0.076678	0.035499	0.177495
18:53:43.357	0.078171	0.036190	0.180951
18:53:43.408	0.081654	0.037803	0.189014
18:53:43.459	0.071737	0.033211	0.166057
18:53:43.511	0.084006	0.038891	0.194457
18:53:43.562	0.074338	0.034416	0.172080
18:53:43.613	0.088536	0.040989	0.204945
18:53:43.664	0.080667	0.037346	0.186730
18:53:43.716	0.084273	0.039015	0.195076
18:53:43.767	0.087897	0.040693	0.203466
18:53:43.818	0.080062	0.037066	0.185328
18:53:43.869	0.092291	0.042728	0.213638
18:53:43.921	0.084427	0.039087	0.195434
18:53:43.972	0.095004	0.043983	0.219917
18:53:44.023	0.084828	0.039272	0.196362
18:53:44.075	0.089680	0.041518	0.207592
18:53:44.126	0.087234	0.040386	0.201930
18:53:44.177	0.087849	0.040671	0.203354
18:53:44.228	0.095529	0.044226	0.221132
18:53:44.280	0.083464	0.038641	0.193204
18:53:44.331	0.091998	0.042592	0.212958
18:53:44.383	0.079200	0.036667	0.183334
18:53:44.434	0.084793	0.039256	0.196279
18:53:44.484	0.076950	0.035625	0.178124
18:53:44.535	0.078312	0.036256	0.181278
18:53:44.586	0.074973	0.034710	0.173549
18:53:44.637	0.064273	0.029756	0.148779
18:53:44.688	0.067542	0.031269	0.156347
18:53:44.739	0.054627	0.025290	0.126451
18:53:44.790	0.066415	0.030748	0.153738
18:53:44.840	0.055002	0.025464	0.127319
18:53:44.891	0.068056	0.031507	0.157537
18:53:44.942	0.058990	0.027310	0.136552
18:53:44.993	0.066875	0.030961	0.154804
18:53:45.044	0.060333	0.027932	0.139659
18:53:45.094	0.062589	0.028976	0.144882
18:53:45.145	0.061651	0.028542	0.142711
18:53:45.196	0.059037	0.027332	0.136660
18:53:45.247	0.064845	0.030021	0.150104
18:53:45.298	0.058448	0.027059	0.135296
18:53:45.349	0.067672	0.031330	0.156649
18:53:45.400	0.055080	0.025500	0.127500
18:53:45.450	0.065666	0.030401	0.152005
18:53:45.501	0.053268	0.024661	0.123306
18:53:45.552	0.058938	0.027286	0.136431
18:53:45.603	0.047187	0.021846	0.109228
18:53:45.654	0.054372	0.025172	0.125861
18:53:45.705	0.055523	0.025705	0.128527
18:53:45.755	0.054428	0.025198	0.125990
18:53:45.806	0.056384	0.026104	0.130519
18:53:45.857	0.048313	0.022367	0.111836
18:53:45.908	0.061091	0.028283	0.141415
18:53:45.959	0.052192	0.024163	0.120814
18:53:46.010	0.066221	0.030658	0.153290
18:53:46.061	0.056253	0.026043	0.130214
18:53:46.111	0.063991	0.029625	0.148126
18:53:46.162	0.056269	0.026051	0.130253
18:53:46.213	0.060537	0.028026	0.140131
18:53:46.264	0.054818	0.025379	0.126893
18:53:46.315	0.053862	0.024936	0.124680
18:53:46.366	0.058605	0.027132	0.135661
18:53:46.416	0.056423	0.026122	0.130609
18:53:46.467	0.064805	0.030002	0.150011
18:53:46.518	0.052457	0.024286	0.121429
18:53:46.569	0.067037	0.031036	0.155178
18:53:46.620	0.053736	0.024878	0.124388
18:53:46.671	0.066401	0.030741	0.153706
18:53:46.722	0.061212	0.028339	0.141695
18:53:46.772	0.072941	0.033769	0.168845
18:53:46.823	0.070186	0.032493	0.162467
18:53:46.873	0.072830	0.033718	0.168588
18:53:46.923	0.064883	0.030038	0.150192
18:53:46.973	0.066756	0.030905	0.154527
18:53:47.024	0.068326	0.031632	0.158162
18:53:47.074	0.071436	0.033072	0.165360
18:53:47.124	0.075654	0.035025	0.175125
18:53:47.174	0.080908	0.037457	0.187287
18:53:47.224	0.083368	0.038596	0.192981
18:53:47.275	0.077137	0.035711	0.178557
18:53:47.325	0.079142	0.036640	0.183200
18:53:47.375	0.074491	0.034486	0.172432
18:53:47.425	0.077355	0.035813	0.179063
18:53:47.476	0.072841	0.033723	0.168614
18:53:47.526	0.078020	0.036120	0.180601
18:53:47.576	0.066567	0.030818	0.154090
18:53:47.627	0.073359	0.033963	0.169813
18:53:47.678	0.057925	0.026817	0.134087
18:53:47.729	0.062576	0.028970	0.144852
18:53:47.780	0.050596	0.023424	0.117121
18:53:47.831	0.063714	0.029497	0.147486
18:53:47.882	0.057774	0.026747	0.133736
18:53:47.933	0.069180	0.032028	0.160138
18:53:47.984	0.068331	0.031635	0.158173
18:53:48.035	0.063372	0.029339	0.146693
18:53:48.086	0.068772	0.031839	0.159194
18:53:48.137	0.053572	0.024802	0.124009
18:53:48.188	0.049992	0.023144	0.115721
18:53:48.239	0.030887	0.014299	0.071497
18:53:48.290	0.041599	0.019259	0.096293
18:53:48.341	0.035053	0.016228	0.081141
18:53:48.392	0.047150	0.021829	0.109143
18:53:48.443	0.056062	0.025955	0.129773
18:53:48.494	0.074642	0.034557	0.172783
18:53:48.545	0.090550	0.041921	0.209605
18:53:48.596	0.092117	0.042647	0.213234
18:53:48.647	0.101848	0.047152	0.235758
18:53:48.697	0.088798	0.041110	0.205552
18:53:48.748	0.100487	0.046522	0.232608
18:53:48.800	0.089487	0.041429	0.207146
18:53:48.852	0.095359	0.044148	0.220739
18:53:48.903	0.082793	0.038330	0.191652
18:53:48.955	0.069565	0.032206	0.161029
18:53:49.007	0.058826	0.027234	0.136172
18:53:49.058	0.039360	0.018222	0.091111
18:53:49.110	0.047899	0.022176	0.110878
18:53:49.162	0.041220	0.019084	0.095418
18:53:49.213	0.053314	0.024682	0.123412
18:53:49.265	0.064503	0.029863	0.149313
18:53:49.317	0.061279	0.028370	0.141849
18:53:49.368	0.074041	0.034278	0.171392
18:53:49.420	0.063968	0.029615	0.148075
