16:27:19.281	0.029199	0.013518	0.067590
16:27:19.331	0.030727	0.014225	0.071127
16:27:19.381	0.030274	0.014016	0.070079
16:27:19.432	0.028831	0.013347	0.066737
16:27:19.483	0.030099	0.013935	0.069674
16:27:19.533	0.029305	0.013567	0.067837
16:27:19.584	0.029658	0.013731	0.068653
16:27:19.634	0.030970	0.014338	0.071690
16:27:19.685	0.028936	0.013396	0.066982
16:27:19.736	0.029481	0.013649	0.068244
16:27:19.786	0.029705	0.013752	0.068761
16:27:19.837	0.029051	0.013449	0.067247
16:27:19.887	0.029745	0.013771	0.068854
16:27:19.938	0.029794	0.013793	0.068967
16:27:19.989	0.030640	0.014185	0.070925
16:27:20.040	0.030092	0.013932	0.069658
16:27:20.091	0.029512	0.013663	0.068315
16:27:20.142	0.030573	0.014154	0.070771
16:27:20.193	0.030107	0.013939	0.069693
16:27:20.243	0.030716	0.014220	0.071101
16:27:20.294	0.031486	0.014577	0.072884
16:27:20.345	0.029694	0.013747	0.068736
16:27:20.396	0.031814	0.014729	0.073644
16:27:20.447	0.030221	0.013991	0.069955
16:27:20.498	0.030048	0.013911	0.069555
16:27:20.548	0.030862	0.014288	0.071439
16:27:20.599	0.028976	0.013415	0.067074
16:27:20.650	0.030951	0.014329	0.071645
16:27:20.701	0.028871	0.013366	0.066832
16:27:20.752	0.029282	0.013556	0.067782
16:27:20.803	0.030395	0.014072	0.070359
16:27:20.853	0.028443	0.013168	0.065841
16:27:20.904	0.030409	0.014078	0.070390
16:27:20.955	0.027255	0.012618	0.063091
16:27:21.007	0.028134	0.013025	0.065124
16:27:21.058	0.026902	0.012455	0.062273
16:27:21.108	0.027308	0.012643	0.063213
16:27:21.159	0.028065	0.012993	0.064965
16:27:21.209	0.027105	0.012548	0.062742
16:27:21.260	0.027705	0.012827	0.064133
16:27:21.311	0.029370	0.013597	0.067986
16:27:21.361	0.027669	0.012810	0.064050
16:27:21.412	0.030466	0.014105	0.070523
16:27:21.464	0.028210	0.013060	0.065301
16:27:21.515	0.029091	0.013468	0.067341
16:27:21.565	0.028068	0.012994	0.064972
16:27:21.616	0.028903	0.013381	0.066906
16:27:21.666	0.028564	0.013224	0.066119
16:27:21.717	0.028767	0.013318	0.066590
16:27:21.768	0.030661	0.014195	0.070975
16:27:21.818	0.028617	0.013249	0.066244
16:27:21.869	0.030345	0.014049	0.070244
16:27:21.920	0.029334	0.013580	0.067902
16:27:21.970	0.028466	0.013179	0.065894
16:27:22.021	0.029328	0.013578	0.067888
16:27:22.071	0.027725	0.012836	0.064178
16:27:22.122	0.029190	0.013514	0.067569
16:27:22.173	0.028396	0.013146	0.065731
16:27:22.223	0.028816	0.013341	0.066704
16:27:22.274	0.030596	0.014165	0.070825
16:27:22.325	0.029228	0.013532	0.067658
16:27:22.375	0.029565	0.013688	0.068439
16:27:22.426	0.028234	0.013071	0.065356
16:27:22.477	0.028706	0.013290	0.066450
16:27:22.527	0.028365	0.013132	0.065660
16:27:22.578	0.029109	0.013476	0.067382
16:27:22.628	0.029989	0.013884	0.069418
16:27:22.679	0.029308	0.013568	0.067842
16:27:22.730	0.029531	0.013672	0.068360
16:27:22.780	0.028299	0.013101	0.065507
16:27:22.831	0.028723	0.013298	0.066489
16:27:22.881	0.027836	0.012887	0.064435
16:27:22.932	0.027405	0.012688	0.063439
16:27:22.982	0.029732	0.013765	0.068825
16:27:23.033	0.028340	0.013120	0.065601
16:27:23.083	0.030546	0.014141	0.070707
16:27:23.134	0.029495	0.013655	0.068274
16:27:23.185	0.029462	0.013640	0.068199
16:27:23.235	0.029288	0.013559	0.067795
16:27:23.286	0.028886	0.013373	0.066866
16:27:23.337	0.030823	0.014270	0.071349
16:27:23.387	0.029304	0.013567	0.067833
16:27:23.438	0.032275	0.014942	0.074711
16:27:23.489	0.031017	0.014360	0.071800
16:27:23.539	0.031385	0.014530	0.072649
16:27:23.590	0.032513	0.015052	0.075261
16:27:23.641	0.030961	0.014334	0.071669
16:27:23.691	0.032289	0.014949	0.074743
16:27:23.742	0.029218	0.013527	0.067635
16:27:23.792	0.030503	0.014122	0.070610
16:27:23.843	0.030134	0.013951	0.069755
16:27:23.894	0.029524	0.013668	0.068342
16:27:23.944	0.029622	0.013714	0.068569
16:27:23.995	0.028573	0.013228	0.066140
16:27:24.046	0.029345	0.013586	0.067928
16:27:24.096	0.029311	0.013570	0.067850
16:27:24.147	0.027791	0.012866	0.064331
16:27:24.198	0.027951	0.012940	0.064701
16:27:24.248	0.026891	0.012449	0.062247
16:27:24.299	0.025793	0.011941	0.059706
16:27:24.355	0.026561	0.012297	0.061483
16:27:24.405	0.025865	0.011975	0.059873
16:27:24.456	0.026428	0.012235	0.061175
16:27:24.507	0.026932	0.012468	0.062342
16:27:24.557	0.025038	0.011592	0.057958
16:27:24.608	0.026431	0.012237	0.061184
16:27:24.659	0.026246	0.012151	0.060755
16:27:24.710	0.026766	0.012392	0.061959
16:27:24.761	0.025840	0.011963	0.059814
16:27:24.812	0.025718	0.011906	0.059532
16:27:24.862	0.026589	0.012310	0.061549
16:27:24.913	0.025390	0.011755	0.058773
16:27:24.963	0.025306	0.011716	0.058578
16:27:25.014	0.025815	0.011951	0.059757
16:27:25.065	0.024583	0.011381	0.056905
16:27:25.116	0.026483	0.012261	0.061303
16:27:25.166	0.024493	0.011339	0.056696
16:27:25.217	0.026183	0.012122	0.060610
16:27:25.268	0.025356	0.011739	0.058695
16:27:25.318	0.025178	0.011656	0.058282
16:27:25.369	0.026276	0.012165	0.060824
16:27:25.420	0.024543	0.011362	0.056812
16:27:25.471	0.026029	0.012050	0.060251
16:27:25.521	0.025967	0.012022	0.060109
16:27:25.572	0.026669	0.012347	0.061735
16:27:25.623	0.028749	0.013310	0.066549
16:27:25.673	0.026935	0.012470	0.062350
16:27:25.724	0.028272	0.013089	0.065444
16:27:25.775	0.027341	0.012658	0.063290
16:27:25.826	0.026783	0.012400	0.061999
16:27:25.876	0.028474	0.013182	0.065912
16:27:25.927	0.027592	0.012774	0.063870
16:27:25.978	0.027990	0.012958	0.064792
16:27:26.029	0.028238	0.013073	0.065366
16:27:26.079	0.026866	0.012438	0.062189
16:27:26.130	0.029419	0.013620	0.068101
16:27:26.181	0.027949	0.012939	0.064697
16:27:26.231	0.027799	0.012870	0.064349
16:27:26.282	0.029035	0.013442	0.067211
16:27:26.333	0.026716	0.012369	0.061843
16:27:26.383	0.028286	0.013095	0.065477
16:27:26.434	0.026986	0.012494	0.062469
16:27:26.485	0.026970	0.012486	0.062430
16:27:26.536	0.027770	0.012856	0.064282
16:27:26.586	0.026522	0.012279	0.061394
16:27:26.637	0.027816	0.012878	0.064388
16:27:26.688	0.027384	0.012678	0.063389
16:27:26.738	0.028019	0.012972	0.064859
16:27:26.789	0.030930	0.014320	0.071598
16:27:26.840	0.029261	0.013547	0.067734
16:27:26.891	0.028993	0.013423	0.067113
16:27:26.941	0.029868	0.013828	0.069140
16:27:26.992	0.028033	0.012978	0.064892
16:27:27.043	0.029970	0.013875	0.069376
16:27:27.093	0.028313	0.013108	0.065540
16:27:27.144	0.027843	0.012890	0.064452
16:27:27.195	0.028611	0.013246	0.066229
16:27:27.246	0.027182	0.012584	0.062922
16:27:27.296	0.027273	0.012626	0.063132
16:27:27.347	0.028151	0.013033	0.065165
16:27:27.398	0.026743	0.012381	0.061906
16:27:27.448	0.028303	0.013103	0.065516
16:27:27.499	0.027180	0.012583	0.062916
16:27:27.550	0.027008	0.012504	0.062520
16:27:27.600	0.028283	0.013094	0.065470
16:27:27.651	0.026798	0.012406	0.062031
16:27:27.702	0.028298	0.013101	0.065504
16:27:27.752	0.027084	0.012539	0.062694
16:27:27.803	0.026880	0.012444	0.062221
16:27:27.854	0.027629	0.012791	0.063956
16:27:27.905	0.026127	0.012096	0.060480
16:27:27.956	0.027095	0.012544	0.062720
16:27:28.007	0.027294	0.012636	0.063180
16:27:28.057	0.028222	0.013066	0.065329
16:27:28.108	0.028657	0.013267	0.066337
16:27:28.159	0.028525	0.013206	0.066030
16:27:28.210	0.029182	0.013510	0.067550
16:27:28.261	0.027786	0.012864	0.064320
16:27:28.312	0.029206	0.013521	0.067607
16:27:28.362	0.028501	0.013195	0.065975
16:27:28.413	0.029310	0.013569	0.067846
16:27:28.464	0.028408	0.013152	0.065759
16:27:28.515	0.027437	0.012703	0.063513
16:27:28.566	0.028645	0.013262	0.066309
16:27:28.617	0.027087	0.012540	0.062701
16:27:28.668	0.030163	0.013964	0.069821
16:27:28.718	0.026914	0.012460	0.062301
16:27:28.769	0.027905	0.012919	0.064596
16:27:28.820	0.026355	0.012202	0.061008
16:27:28.871	0.027154	0.012571	0.062857
16:27:28.922	0.028078	0.012999	0.064994
16:27:28.973	0.026320	0.012185	0.060927
16:27:29.023	0.027591	0.012774	0.063868
16:27:29.074	0.025114	0.011627	0.058135
16:27:29.125	0.027269	0.012624	0.063122
16:27:29.176	0.025413	0.011765	0.058826
16:27:29.227	0.026716	0.012368	0.061842
16:27:29.278	0.027880	0.012907	0.064537
16:27:29.328	0.026888	0.012448	0.062242
16:27:29.379	0.028670	0.013273	0.066366
16:27:29.430	0.026797	0.012406	0.062031
16:27:29.481	0.028049	0.012985	0.064927
16:27:29.532	0.027136	0.012563	0.062815
16:27:29.583	0.027253	0.012617	0.063085
16:27:29.634	0.028222	0.013066	0.065328
16:27:29.685	0.027106	0.012549	0.062746
16:27:29.735	0.028637	0.013258	0.066289
16:27:29.786	0.026735	0.012377	0.061886
16:27:29.837	0.029207	0.013522	0.067608
16:27:29.888	0.027489	0.012726	0.063631
16:27:29.939	0.027619	0.012787	0.063933
16:27:29.990	0.028592	0.013237	0.066186
16:27:30.041	0.026750	0.012384	0.061921
16:27:30.091	0.029666	0.013734	0.068671
16:27:30.142	0.026956	0.012479	0.062397
16:27:30.193	0.028290	0.013097	0.065485
16:27:30.244	0.027254	0.012617	0.063087
16:27:30.295	0.026660	0.012343	0.061714
16:27:30.346	0.027862	0.012899	0.064495
16:27:30.396	0.027309	0.012643	0.063214
16:27:30.447	0.028107	0.013013	0.065063
16:27:30.498	0.028315	0.013109	0.065544
16:27:30.549	0.029326	0.013577	0.067885
16:27:30.600	0.029349	0.013587	0.067937
16:27:30.651	0.027659	0.012805	0.064025
16:27:30.702	0.028670	0.013273	0.066366
16:27:30.753	0.026830	0.012421	0.062106
16:27:30.805	0.028607	0.013244	0.066219
16:27:30.856	0.026476	0.012258	0.061288
16:27:30.906	0.028143	0.013029	0.065145
16:27:30.958	0.027163	0.012575	0.062877
16:27:31.009	0.026794	0.012405	0.062024
16:27:31.060	0.026624	0.012326	0.061630
16:27:31.111	0.026850	0.012431	0.062153
16:27:31.162	0.028789	0.013328	0.066642
16:27:31.213	0.027541	0.012750	0.063752
16:27:31.264	0.027875	0.012905	0.064526
16:27:31.315	0.026395	0.012220	0.061100
16:27:31.366	0.028466	0.013179	0.065894
16:27:31.417	0.026615	0.012322	0.061609
16:27:31.467	0.029000	0.013426	0.067129
16:27:31.518	0.027637	0.012795	0.063975
16:27:31.569	0.030861	0.014287	0.071437
16:27:31.620	0.027394	0.012683	0.063413
16:27:31.671	0.030021	0.013899	0.069494
16:27:31.722	0.027622	0.012788	0.063940
16:27:31.773	0.030841	0.014278	0.071390
16:27:31.824	0.028090	0.013004	0.065022
16:27:31.875	0.028813	0.013339	0.066696
16:27:31.926	0.027758	0.012851	0.064254
16:27:31.977	0.030250	0.014005	0.070023
16:27:32.028	0.028873	0.013367	0.066836
16:27:32.079	0.031120	0.014407	0.072037
16:27:32.130	0.028694	0.013284	0.066421
16:27:32.181	0.031408	0.014541	0.072705
16:27:32.232	0.028468	0.013180	0.065899
16:27:32.283	0.030730	0.014227	0.071134
16:27:32.334	0.029619	0.013712	0.068562
16:27:32.385	0.028703	0.013288	0.066442
16:27:32.436	0.028545	0.013215	0.066076
16:27:32.487	0.028109	0.013013	0.065067
16:27:32.537	0.026451	0.012246	0.061229
16:27:32.588	0.026674	0.012349	0.061744
16:27:32.639	0.027234	0.012608	0.063042
16:27:32.690	0.025719	0.011907	0.059535
16:27:32.741	0.027497	0.012730	0.063650
16:27:32.792	0.025770	0.011931	0.059654
16:27:32.843	0.027701	0.012824	0.064122
16:27:32.894	0.026392	0.012218	0.061092
16:27:32.945	0.026572	0.012302	0.061510
16:27:32.996	0.026632	0.012330	0.061648
16:27:33.047	0.026403	0.012224	0.061119
16:27:33.098	0.028573	0.013228	0.066141
16:27:33.149	0.028598	0.013240	0.066200
16:27:33.199	0.028870	0.013366	0.066828
16:27:33.250	0.026969	0.012486	0.062428
16:27:33.301	0.027874	0.012905	0.064524
16:27:33.352	0.027439	0.012703	0.063515
16:27:33.403	0.028705	0.013289	0.066447
16:27:33.454	0.027033	0.012515	0.062576
16:27:33.505	0.027750	0.012847	0.064237
16:27:33.556	0.027088	0.012541	0.062703
16:27:33.607	0.026752	0.012385	0.061926
16:27:33.658	0.027450	0.012708	0.063541
16:27:33.709	0.026981	0.012491	0.062456
16:27:33.760	0.028765	0.013317	0.066586
16:27:33.811	0.026385	0.012215	0.061075
16:27:33.862	0.027923	0.012927	0.064637
16:27:33.912	0.026309	0.012180	0.060900
16:27:33.964	0.027917	0.012925	0.064623
16:27:34.015	0.026815	0.012414	0.062072
16:27:34.066	0.027950	0.012940	0.064699
16:27:34.117	0.027591	0.012774	0.063869
16:27:34.168	0.027618	0.012786	0.063929
16:27:34.219	0.027416	0.012693	0.063463
16:27:34.270	0.027598	0.012777	0.063883
16:27:34.321	0.027153	0.012571	0.062854
16:27:34.372	0.028901	0.013380	0.066900
16:27:34.423	0.026955	0.012479	0.062396
16:27:34.474	0.029015	0.013433	0.067164
16:27:34.525	0.027799	0.012870	0.064348
16:27:34.576	0.027462	0.012714	0.063568
16:27:34.627	0.026113	0.012090	0.060448
16:27:34.678	0.028880	0.013370	0.066851
16:27:34.729	0.026085	0.012076	0.060382
16:27:34.780	0.027961	0.012945	0.064724
16:27:34.831	0.027444	0.012706	0.063528
16:27:34.882	0.026786	0.012401	0.062005
16:27:34.933	0.027013	0.012506	0.062531
16:27:34.984	0.028063	0.012992	0.064960
16:27:35.035	0.027034	0.012516	0.062578
16:27:35.086	0.027266	0.012623	0.063115
16:27:35.137	0.028159	0.013037	0.065183
16:27:35.188	0.026953	0.012478	0.062390
16:27:35.239	0.029092	0.013468	0.067342
16:27:35.290	0.026697	0.012360	0.061800
16:27:35.341	0.028655	0.013266	0.066331
16:27:35.392	0.027364	0.012669	0.063343
16:27:35.443	0.028948	0.013402	0.067009
16:27:35.494	0.028904	0.013381	0.066907
16:27:35.545	0.028232	0.013070	0.065351
16:27:35.596	0.026347	0.012198	0.060989
16:27:35.647	0.027853	0.012895	0.064474
16:27:35.698	0.027207	0.012596	0.062979
16:27:35.749	0.027859	0.012898	0.064488
16:27:35.800	0.026496	0.012267	0.061333
16:27:35.851	0.026711	0.012366	0.061831
16:27:35.902	0.028490	0.013190	0.065949
16:27:35.953	0.026219	0.012138	0.060691
16:27:36.004	0.027802	0.012871	0.064357
16:27:36.055	0.025677	0.011888	0.059438
16:27:36.106	0.027071	0.012533	0.062664
16:27:36.157	0.025944	0.012011	0.060057
16:27:36.207	0.026115	0.012090	0.060450
16:27:36.258	0.027040	0.012518	0.062591
16:27:36.309	0.026282	0.012168	0.060839
16:27:36.360	0.028347	0.013124	0.065618
16:27:36.411	0.026003	0.012039	0.060193
16:27:36.462	0.027722	0.012834	0.064170
16:27:36.513	0.026094	0.012081	0.060403
16:27:36.564	0.024816	0.011489	0.057444
16:27:36.615	0.025847	0.011966	0.059831
16:27:36.666	0.024463	0.011326	0.056628
16:27:36.717	0.027380	0.012676	0.063378
16:27:36.768	0.025105	0.011623	0.058113
16:27:36.819	0.025695	0.011896	0.059479
16:27:36.870	0.024573	0.011376	0.056882
16:27:36.921	0.024258	0.011230	0.056152
16:27:36.972	0.025159	0.011648	0.058238
16:27:37.023	0.024398	0.011296	0.056478
16:27:37.074	0.026619	0.012324	0.061618
16:27:37.125	0.023745	0.010993	0.054966
16:27:37.176	0.025755	0.011924	0.059618
16:27:37.227	0.025383	0.011751	0.058756
16:27:37.278	0.025037	0.011591	0.057956
16:27:37.329	0.026938	0.012471	0.062357
16:27:37.380	0.025240	0.011685	0.058425
16:27:37.431	0.027374	0.012673	0.063365
16:27:37.482	0.024292	0.011246	0.056231
16:27:37.533	0.024912	0.011533	0.057666
16:27:37.583	0.025264	0.011696	0.058481
16:27:37.634	0.025966	0.012022	0.060108
16:27:37.685	0.026653	0.012339	0.061696
16:27:37.736	0.026630	0.012329	0.061644
16:27:37.787	0.028976	0.013415	0.067073
16:27:37.838	0.027005	0.012502	0.062512
16:27:37.889	0.027913	0.012923	0.064613
16:27:37.940	0.026545	0.012289	0.061446
16:27:37.991	0.027696	0.012822	0.064111
16:27:38.042	0.025198	0.011666	0.058328
16:27:38.093	0.026162	0.012112	0.060560
16:27:38.144	0.026224	0.012141	0.060703
16:27:38.195	0.028303	0.013103	0.065515
16:27:38.246	0.026301	0.012176	0.060882
16:27:38.297	0.027891	0.012913	0.064563
16:27:38.348	0.027452	0.012709	0.063547
16:27:38.399	0.029506	0.013660	0.068300
16:27:38.450	0.027068	0.012532	0.062658
16:27:38.502	0.027943	0.012937	0.064683
16:27:38.553	0.026359	0.012203	0.061016
16:27:38.603	0.028511	0.013199	0.065997
16:27:38.655	0.026689	0.012356	0.061780
16:27:38.706	0.028783	0.013325	0.066626
16:27:38.757	0.026462	0.012251	0.061256
16:27:38.808	0.027315	0.012646	0.063229
16:27:38.859	0.027405	0.012687	0.063437
16:27:38.910	0.028046	0.012984	0.064922
16:27:38.961	0.027209	0.012597	0.062985
16:27:39.012	0.025835	0.011961	0.059804
16:27:39.063	0.027652	0.012802	0.064008
16:27:39.115	0.026410	0.012227	0.061134
16:27:39.166	0.028546	0.013216	0.066079
16:27:39.217	0.027214	0.012599	0.062995
16:27:39.268	0.028049	0.012985	0.064927
16:27:39.319	0.028088	0.013004	0.065018
16:27:39.370	0.028555	0.013220	0.066099
16:27:39.421	0.027646	0.012799	0.063996
16:27:39.472	0.026974	0.012488	0.062440
16:27:39.523	0.028745	0.013308	0.066540
16:27:39.574	0.028499	0.013194	0.065971
16:27:39.625	0.028133	0.013025	0.065124
16:27:39.676	0.027505	0.012734	0.063669
16:27:39.727	0.030122	0.013945	0.069727
16:27:39.778	0.028260	0.013083	0.065417
16:27:39.829	0.029657	0.013730	0.068650
16:27:39.879	0.028635	0.013257	0.066284
16:27:39.930	0.028976	0.013415	0.067074
16:27:39.981	0.030513	0.014126	0.070632
16:27:40.032	0.028183	0.013048	0.065238
16:27:40.083	0.029270	0.013551	0.067754
16:27:40.134	0.027310	0.012643	0.063217
16:27:40.186	0.028302	0.013103	0.065513
16:27:40.236	0.026113	0.012090	0.060448
16:27:40.287	0.028170	0.013042	0.065209
16:27:40.338	0.026679	0.012352	0.061758
16:27:40.389	0.026906	0.012456	0.062282
16:27:40.441	0.026824	0.012418	0.062092
16:27:40.492	0.026856	0.012433	0.062166
16:27:40.543	0.026163	0.012112	0.060562
16:27:40.593	0.025844	0.011965	0.059825
16:27:40.645	0.028005	0.012965	0.064827
16:27:40.696	0.026868	0.012439	0.062195
16:27:40.747	0.027770	0.012856	0.064282
16:27:40.798	0.025930	0.012004	0.060022
16:27:40.849	0.028192	0.013052	0.065259
16:27:40.899	0.025454	0.011784	0.058920
16:27:40.950	0.028340	0.013120	0.065601
16:27:41.001	0.026928	0.012467	0.062333
16:27:41.052	0.026982	0.012491	0.062457
16:27:41.103	0.027475	0.012720	0.063599
16:27:41.154	0.027380	0.012676	0.063381
16:27:41.205	0.028979	0.013416	0.067081
16:27:41.256	0.027453	0.012710	0.063550
16:27:41.307	0.029016	0.013434	0.067168
16:27:41.358	0.027594	0.012775	0.063874
16:27:41.409	0.027622	0.012788	0.063941
16:27:41.460	0.028262	0.013084	0.065421
16:27:41.511	0.026102	0.012084	0.060422
16:27:41.561	0.027185	0.012585	0.062927
16:27:41.612	0.024158	0.011184	0.055921
16:27:41.663	0.025835	0.011961	0.059803
16:27:41.715	0.024693	0.011432	0.057161
16:27:41.765	0.025414	0.011766	0.058828
16:27:41.816	0.026980	0.012491	0.062453
16:27:41.867	0.025022	0.011584	0.057920
16:27:41.918	0.027697	0.012823	0.064114
16:27:41.969	0.025085	0.011614	0.058068
16:27:42.020	0.027902	0.012918	0.064588
16:27:42.071	0.026809	0.012412	0.062059
16:27:42.122	0.026956	0.012480	0.062398
16:27:42.173	0.026170	0.012116	0.060579
16:27:42.224	0.025667	0.011883	0.059414
16:27:42.275	0.027824	0.012881	0.064407
16:27:42.326	0.026157	0.012110	0.060549
16:27:42.377	0.027837	0.012887	0.064436
16:27:42.428	0.027281	0.012630	0.063151
16:27:42.479	0.027527	0.012744	0.063719
16:27:42.530	0.028392	0.013145	0.065723
16:27:42.581	0.027159	0.012574	0.062869
16:27:42.632	0.029340	0.013584	0.067918
16:27:42.683	0.026364	0.012206	0.061028
16:27:42.734	0.028559	0.013222	0.066109
16:27:42.785	0.027866	0.012901	0.064504
16:27:42.836	0.028442	0.013168	0.065838
16:27:42.887	0.027904	0.012918	0.064592
16:27:42.938	0.027276	0.012628	0.063138
16:27:42.989	0.029300	0.013565	0.067824
16:27:43.040	0.028047	0.012985	0.064923
16:27:43.091	0.027751	0.012848	0.064239
16:27:43.142	0.025504	0.011808	0.059038
16:27:43.192	0.026617	0.012323	0.061613
16:27:43.243	0.025954	0.012016	0.060078
16:27:43.295	0.025964	0.012020	0.060102
16:27:43.345	0.027895	0.012915	0.064573
16:27:43.396	0.027182	0.012584	0.062921
16:27:43.447	0.027293	0.012635	0.063177
16:27:43.499	0.026335	0.012192	0.060961
16:27:43.550	0.027015	0.012507	0.062534
16:27:43.601	0.026003	0.012039	0.060193
16:27:43.652	0.026274	0.012164	0.060819
16:27:43.702	0.027973	0.012951	0.064753
16:27:43.753	0.026810	0.012412	0.062060
16:27:43.804	0.027506	0.012734	0.063670
16:27:43.855	0.026065	0.012067	0.060337
16:27:43.906	0.026800	0.012407	0.062036
16:27:43.957	0.026909	0.012458	0.062289
16:27:44.008	0.027147	0.012568	0.062840
16:27:44.059	0.029003	0.013427	0.067136
16:27:44.110	0.027138	0.012564	0.062819
16:27:44.161	0.029224	0.013529	0.067647
16:27:44.212	0.027860	0.012898	0.064490
16:27:44.263	0.028740	0.013306	0.066529
16:27:44.314	0.029206	0.013521	0.067607
16:27:44.365	0.029502	0.013658	0.068292
16:27:44.416	0.027969	0.012949	0.064743
16:27:44.467	0.030056	0.013915	0.069575
16:27:44.519	0.027372	0.012672	0.063362
16:27:44.570	0.028881	0.013371	0.066854
16:27:44.620	0.028182	0.013047	0.065236
16:27:44.671	0.028472	0.013182	0.065908
16:27:44.722	0.027836	0.012887	0.064435
16:27:44.773	0.026757	0.012388	0.061938
16:27:44.825	0.027512	0.012737	0.063685
16:27:44.876	0.027489	0.012727	0.063633
16:27:44.927	0.028453	0.013173	0.065863
16:27:44.978	0.027162	0.012575	0.062875
16:27:45.029	0.028665	0.013271	0.066355
16:27:45.080	0.028217	0.013063	0.065317
16:27:45.131	0.028829	0.013347	0.066734
16:27:45.182	0.026937	0.012471	0.062354
16:27:45.233	0.027660	0.012806	0.064028
16:27:45.283	0.029462	0.013640	0.068199
16:27:45.335	0.027634	0.012794	0.063968
16:27:45.386	0.029858	0.013823	0.069115
16:27:45.437	0.027550	0.012755	0.063773
16:27:45.488	0.028386	0.013142	0.065709
16:27:45.539	0.027644	0.012798	0.063990
16:27:45.590	0.030107	0.013938	0.069692
16:27:45.641	0.028746	0.013308	0.066542
16:27:45.692	0.029617	0.013712	0.068559
16:27:45.743	0.028957	0.013406	0.067030
16:27:45.795	0.028683	0.013279	0.066397
16:27:45.846	0.027849	0.012893	0.064465
16:27:45.897	0.029234	0.013534	0.067672
16:27:45.948	0.028072	0.012996	0.064982
16:27:45.999	0.027056	0.012526	0.062630
16:27:46.050	0.028038	0.012981	0.064903
16:27:46.101	0.026432	0.012237	0.061185
16:27:46.152	0.029093	0.013469	0.067344
16:27:46.203	0.026848	0.012430	0.062149
16:27:46.254	0.028760	0.013315	0.066575
16:27:46.305	0.027679	0.012814	0.064072
16:27:46.356	0.028221	0.013065	0.065326
16:27:46.407	0.027716	0.012831	0.064157
16:27:46.458	0.027842	0.012890	0.064449
16:27:46.509	0.028554	0.013219	0.066096
16:27:46.559	0.027409	0.012689	0.063447
16:27:46.610	0.027918	0.012925	0.064626
16:27:46.662	0.026553	0.012293	0.061466
16:27:46.713	0.029038	0.013443	0.067217
16:27:46.764	0.026444	0.012243	0.061213
16:27:46.815	0.027925	0.012928	0.064641
16:27:46.866	0.027758	0.012851	0.064256
16:27:46.917	0.028470	0.013180	0.065902
16:27:46.968	0.028267	0.013087	0.065433
16:27:47.019	0.028694	0.013284	0.066422
16:27:47.070	0.030375	0.014062	0.070312
16:27:47.121	0.028720	0.013296	0.066481
16:27:47.172	0.029380	0.013602	0.068010
16:27:47.223	0.027829	0.012884	0.064418
16:27:47.274	0.030826	0.014271	0.071356
16:27:47.325	0.029142	0.013492	0.067458
16:27:47.375	0.031532	0.014598	0.072990
16:27:47.426	0.031047	0.014374	0.071868
16:27:47.477	0.030696	0.014211	0.071057
16:27:47.528	0.030045	0.013910	0.069548
16:27:47.579	0.030799	0.014259	0.071295
16:27:47.630	0.029193	0.013515	0.067577
16:27:47.680	0.029333	0.013580	0.067900
16:27:47.731	0.028679	0.013277	0.066386
16:27:47.782	0.027579	0.012768	0.063840
16:27:47.833	0.029242	0.013538	0.067690
16:27:47.884	0.027524	0.012742	0.063712
16:27:47.935	0.028527	0.013207	0.066035
16:27:47.986	0.026891	0.012449	0.062247
16:27:48.036	0.026449	0.012245	0.061226
16:27:48.087	0.028743	0.013307	0.066536
16:27:48.138	0.027581	0.012769	0.063844
16:27:48.189	0.027530	0.012745	0.063726
16:27:48.240	0.027415	0.012692	0.063461
16:27:48.291	0.025769	0.011930	0.059651
16:27:48.341	0.025845	0.011965	0.059827
16:27:48.392	0.026970	0.012486	0.062430
16:27:48.443	0.026170	0.012116	0.060579
16:27:48.494	0.028453	0.013173	0.065864
16:27:48.545	0.026040	0.012056	0.060278
16:27:48.596	0.028696	0.013285	0.066425
16:27:48.647	0.027163	0.012575	0.062877
16:27:48.698	0.027799	0.012870	0.064349
16:27:48.749	0.027704	0.012826	0.064129
16:27:48.799	0.026945	0.012475	0.062373
16:27:48.850	0.029682	0.013742	0.068709
16:27:48.901	0.027438	0.012703	0.063514
16:27:48.952	0.027916	0.012924	0.064620
16:27:49.003	0.026665	0.012345	0.061724
16:27:49.054	0.030877	0.014295	0.071476
16:27:49.105	0.026901	0.012454	0.062270
16:27:49.155	0.029314	0.013571	0.067855
16:27:49.206	0.028075	0.012997	0.064987
16:27:49.257	0.027258	0.012619	0.063097
16:27:49.308	0.026356	0.012202	0.061010
16:27:49.359	0.025951	0.012014	0.060071
16:27:49.410	0.028919	0.013388	0.066942
16:27:49.460	0.028053	0.012987	0.064937
16:27:49.511	0.027984	0.012956	0.064778
16:27:49.562	0.025118	0.011629	0.058143
16:27:49.613	0.026927	0.012466	0.062332
16:27:49.664	0.026750	0.012384	0.061922
16:27:49.715	0.028636	0.013257	0.066286
16:27:49.766	0.026949	0.012477	0.062383
16:27:49.816	0.026135	0.012099	0.060497
16:27:49.867	0.028171	0.013042	0.065210
16:27:49.918	0.027303	0.012640	0.063202
16:27:49.969	0.030107	0.013939	0.069693
16:27:50.020	0.027192	0.012589	0.062944
16:27:50.071	0.028704	0.013289	0.066444
16:27:50.122	0.028383	0.013140	0.065701
16:27:50.172	0.026334	0.012192	0.060959
16:27:50.223	0.028328	0.013115	0.065575
16:27:50.274	0.027258	0.012620	0.063098
16:27:50.325	0.029791	0.013792	0.068962
16:27:50.376	0.024863	0.011511	0.057554
16:27:50.427	0.025780	0.011935	0.059677
16:27:50.478	0.023841	0.011038	0.055188
16:27:50.528	0.024907	0.011531	0.057655
16:27:50.579	0.025669	0.011884	0.059420
16:27:50.630	0.025011	0.011579	0.057896
16:27:50.681	0.027723	0.012835	0.064173
16:27:50.732	0.026998	0.012499	0.062495
16:27:50.783	0.027517	0.012739	0.063697
16:27:50.834	0.026107	0.012087	0.060434
16:27:50.885	0.029203	0.013520	0.067599
16:27:50.935	0.025307	0.011716	0.058581
16:27:50.986	0.028647	0.013262	0.066312
16:27:51.037	0.027831	0.012885	0.064423
16:27:51.088	0.028539	0.013212	0.066062
16:27:51.139	0.027730	0.012838	0.064191
16:27:51.190	0.026826	0.012419	0.062097
16:27:51.241	0.029134	0.013488	0.067440
16:27:51.291	0.027773	0.012858	0.064289
16:27:51.342	0.028309	0.013106	0.065529
16:27:51.393	0.026418	0.012231	0.061154
16:27:51.444	0.030540	0.014139	0.070694
16:27:51.495	0.027330	0.012653	0.063264
16:27:51.546	0.029587	0.013698	0.068489
16:27:51.597	0.027995	0.012961	0.064804
16:27:51.648	0.026330	0.012190	0.060950
16:27:51.699	0.026011	0.012042	0.060211
16:27:51.750	0.025553	0.011830	0.059150
16:27:51.801	0.028377	0.013138	0.065688
16:27:51.852	0.026657	0.012341	0.061706
16:27:51.903	0.027582	0.012770	0.063848
16:27:51.954	0.025371	0.011746	0.058729
16:27:52.005	0.027304	0.012641	0.063204
16:27:52.056	0.024064	0.011141	0.055703
16:27:52.107	0.026747	0.012383	0.061915
16:27:52.158	0.024659	0.011416	0.057080
16:27:52.209	0.024597	0.011387	0.056937
16:27:52.259	0.026587	0.012309	0.061543
16:27:52.310	0.025030	0.011588	0.057940
16:27:52.361	0.026244	0.012150	0.060751
16:27:52.412	0.026468	0.012254	0.061269
16:27:52.463	0.028187	0.013049	0.065247
16:27:52.514	0.026440	0.012241	0.061204
16:27:52.565	0.025271	0.011700	0.058498
16:27:52.616	0.026206	0.012133	0.060663
16:27:52.667	0.025792	0.011941	0.059705
16:27:52.718	0.025706	0.011901	0.059504
16:27:52.769	0.024084	0.011150	0.055750
16:27:52.820	0.024609	0.011393	0.056966
16:27:52.871	0.026271	0.012163	0.060813
16:27:52.922	0.022818	0.010564	0.052820
16:27:52.972	0.025505	0.011808	0.059039
16:27:53.023	0.025944	0.012011	0.060055
16:27:53.075	0.026238	0.012147	0.060736
16:27:53.125	0.026605	0.012317	0.061586
16:27:53.176	0.023144	0.010715	0.053573
16:27:53.227	0.022992	0.010644	0.053221
16:27:53.278	0.024243	0.011224	0.056118
16:27:53.329	0.024675	0.011424	0.057119
16:27:53.380	0.026061	0.012065	0.060326
16:27:53.431	0.023564	0.010909	0.054547
16:27:53.482	0.023601	0.010926	0.054631
16:27:53.533	0.025976	0.012026	0.060130
16:27:53.584	0.025450	0.011782	0.058912
16:27:53.635	0.025673	0.011886	0.059428
16:27:53.686	0.026627	0.012327	0.061636
16:27:53.737	0.024111	0.011162	0.055812
16:27:53.788	0.025100	0.011620	0.058102
16:27:53.839	0.022877	0.010591	0.052955
16:27:53.890	0.023730	0.010986	0.054930
16:27:53.941	0.025632	0.011867	0.059334
16:27:53.992	0.025065	0.011604	0.058021
16:27:54.043	0.025476	0.011795	0.058973
16:27:54.094	0.026633	0.012330	0.061649
16:27:54.145	0.025666	0.011882	0.059412
16:27:54.196	0.027971	0.012949	0.064747
16:27:54.247	0.026354	0.012201	0.061005
16:27:54.298	0.028518	0.013203	0.066015
16:27:54.349	0.026645	0.012336	0.061678
16:27:54.400	0.025677	0.011887	0.059437
16:27:54.451	0.025106	0.011623	0.058115
16:27:54.502	0.024372	0.011284	0.056418
16:27:54.553	0.026532	0.012283	0.061416
16:27:54.604	0.023214	0.010747	0.053735
16:27:54.655	0.025507	0.011809	0.059044
16:27:54.706	0.024557	0.011369	0.056846
16:27:54.757	0.025772	0.011932	0.059658
16:27:54.808	0.025673	0.011886	0.059429
16:27:54.859	0.025777	0.011934	0.059669
16:27:54.909	0.028917	0.013388	0.066938
16:27:54.961	0.027265	0.012623	0.063113
16:27:55.011	0.028359	0.013129	0.065645
16:27:55.062	0.027624	0.012789	0.063943
16:27:55.113	0.029530	0.013671	0.068356
16:27:55.164	0.028868	0.013365	0.066825
16:27:55.215	0.029516	0.013665	0.068325
16:27:55.266	0.028296	0.013100	0.065499
16:27:55.317	0.030282	0.014019	0.070097
16:27:55.368	0.028017	0.012971	0.064853
16:27:55.419	0.030541	0.014139	0.070697
16:27:55.470	0.027724	0.012835	0.064176
16:27:55.521	0.028534	0.013210	0.066050
16:27:55.572	0.029351	0.013589	0.067943
16:27:55.623	0.029525	0.013669	0.068345
16:27:55.674	0.027993	0.012960	0.064799
16:27:55.725	0.028759	0.013314	0.066572
16:27:55.776	0.028160	0.013037	0.065184
16:27:55.827	0.029385	0.013604	0.068022
16:27:55.878	0.027416	0.012693	0.063463
16:27:55.929	0.027720	0.012833	0.064166
16:27:55.980	0.027723	0.012835	0.064174
16:27:56.030	0.027273	0.012626	0.063131
16:27:56.082	0.029958	0.013870	0.069348
16:27:56.132	0.028383	0.013140	0.065702
16:27:56.184	0.029284	0.013558	0.067788
16:27:56.234	0.027150	0.012570	0.062848
16:27:56.285	0.028305	0.013104	0.065521
16:27:56.336	0.027127	0.012559	0.062795
16:27:56.387	0.029919	0.013851	0.069256
16:27:56.438	0.027712	0.012830	0.064148
16:27:56.489	0.028540	0.013213	0.066066
16:27:56.539	0.027874	0.012905	0.064523
16:27:56.590	0.028195	0.013053	0.065265
16:27:56.641	0.026989	0.012495	0.062476
16:27:56.692	0.027442	0.012705	0.063523
16:27:56.743	0.027976	0.012952	0.064760
16:27:56.794	0.026368	0.012207	0.061037
16:27:56.844	0.028412	0.013154	0.065770
16:27:56.895	0.027850	0.012894	0.064468
16:27:56.946	0.028804	0.013335	0.066675
16:27:56.997	0.026667	0.012346	0.061730
16:27:57.048	0.027756	0.012850	0.064250
16:27:57.099	0.027903	0.012918	0.064590
16:27:57.149	0.029100	0.013472	0.067362
16:27:57.200	0.027290	0.012634	0.063172
16:27:57.251	0.026267	0.012161	0.060804
16:27:57.302	0.027993	0.012959	0.064797
16:27:57.353	0.027147	0.012568	0.062841
16:27:57.404	0.029761	0.013778	0.068891
16:27:57.455	0.026908	0.012457	0.062287
16:27:57.505	0.028617	0.013249	0.066244
16:27:57.556	0.027490	0.012727	0.063634
16:27:57.607	0.028798	0.013332	0.066662
16:27:57.658	0.028874	0.013368	0.066838
16:27:57.709	0.027185	0.012586	0.062929
16:27:57.760	0.028412	0.013154	0.065769
16:27:57.810	0.026811	0.012412	0.062062
16:27:57.861	0.028610	0.013245	0.066226
16:27:57.912	0.026224	0.012141	0.060704
16:27:57.963	0.026104	0.012085	0.060425
16:27:58.014	0.025839	0.011962	0.059812
16:27:58.065	0.026657	0.012341	0.061707
16:27:58.115	0.026153	0.012108	0.060540
16:27:58.166	0.025510	0.011810	0.059051
16:27:58.217	0.026970	0.012486	0.062431
16:27:58.268	0.026014	0.012043	0.060217
16:27:58.319	0.028832	0.013348	0.066740
16:27:58.370	0.025658	0.011879	0.059393
16:27:58.420	0.027386	0.012679	0.063395
16:27:58.471	0.026152	0.012107	0.060537
16:27:58.522	0.027056	0.012526	0.062630
16:27:58.573	0.026472	0.012255	0.061277
16:27:58.624	0.026055	0.012062	0.060312
16:27:58.675	0.028010	0.012968	0.064838
16:27:58.725	0.027365	0.012669	0.063346
16:27:58.776	0.027561	0.012760	0.063798
16:27:58.827	0.025114	0.011627	0.058134
16:27:58.878	0.026048	0.012059	0.060296
16:27:58.929	0.025962	0.012019	0.060097
16:27:58.980	0.027687	0.012818	0.064089
16:27:59.030	0.026982	0.012492	0.062458
16:27:59.081	0.026282	0.012168	0.060838
16:27:59.132	0.027816	0.012878	0.064390
16:27:59.183	0.026951	0.012477	0.062387
16:27:59.234	0.029859	0.013824	0.069118
16:27:59.285	0.026527	0.012281	0.061406
16:27:59.335	0.027646	0.012799	0.063995
16:27:59.386	0.026326	0.012188	0.060941
16:27:59.437	0.026979	0.012490	0.062451
16:27:59.488	0.028700	0.013287	0.066435
16:27:59.539	0.025996	0.012035	0.060175
16:27:59.590	0.029143	0.013492	0.067460
16:27:59.641	0.026236	0.012146	0.060731
16:27:59.691	0.028251	0.013079	0.065396
16:27:59.742	0.026703	0.012362	0.061812
16:27:59.793	0.027294	0.012636	0.063180
16:27:59.844	0.028206	0.013059	0.065293
16:27:59.895	0.025787	0.011939	0.059693
16:27:59.946	0.027212	0.012598	0.062992
16:27:59.996	0.024626	0.011401	0.057004
16:28:00.047	0.026882	0.012445	0.062227
16:28:00.098	0.026671	0.012348	0.061738
16:28:00.149	0.027291	0.012635	0.063175
16:28:00.200	0.026659	0.012342	0.061710
16:28:00.251	0.026650	0.012338	0.061689
16:28:00.301	0.028937	0.013397	0.066983
16:28:00.352	0.028133	0.013024	0.065122
16:28:00.403	0.028753	0.013312	0.066558
16:28:00.454	0.026580	0.012306	0.061529
16:28:00.505	0.027183	0.012585	0.062924
16:28:00.556	0.026618	0.012323	0.061616
16:28:00.606	0.027071	0.012533	0.062663
16:28:00.657	0.027853	0.012895	0.064474
16:28:00.708	0.026694	0.012358	0.061791
16:28:00.759	0.027258	0.012619	0.063096
16:28:00.810	0.025691	0.011894	0.059471
16:28:00.861	0.028468	0.013180	0.065899
16:28:00.912	0.028139	0.013027	0.065137
16:28:00.962	0.028598	0.013240	0.066200
16:28:01.013	0.027416	0.012692	0.063462
16:28:01.065	0.026777	0.012397	0.061983
16:28:01.116	0.027886	0.012910	0.064550
16:28:01.166	0.026034	0.012053	0.060264
16:28:01.217	0.028652	0.013265	0.066325
16:28:01.268	0.025872	0.011978	0.059890
16:28:01.319	0.027571	0.012764	0.063821
16:28:01.370	0.026294	0.012173	0.060866
16:28:01.421	0.026263	0.012159	0.060794
16:28:01.471	0.027740	0.012842	0.064212
16:28:01.522	0.026394	0.012219	0.061097
16:28:01.573	0.029424	0.013622	0.068110
16:28:01.624	0.026739	0.012379	0.061896
16:28:01.675	0.027909	0.012921	0.064604
16:28:01.725	0.027118	0.012555	0.062774
16:28:01.776	0.027482	0.012723	0.063616
16:28:01.827	0.028574	0.013229	0.066143
16:28:01.878	0.026931	0.012468	0.062340
16:28:01.928	0.027700	0.012824	0.064120
16:28:01.979	0.026657	0.012341	0.061707
16:28:02.030	0.026336	0.012193	0.060963
16:28:02.080	0.028724	0.013298	0.066491
16:28:02.131	0.026077	0.012073	0.060364
16:28:02.182	0.027852	0.012894	0.064472
16:28:02.232	0.026621	0.012325	0.061623
16:28:02.283	0.026627	0.012327	0.061637
16:28:02.334	0.028011	0.012968	0.064841
16:28:02.385	0.026381	0.012213	0.061067
16:28:02.435	0.027445	0.012706	0.063531
16:28:02.486	0.027021	0.012510	0.062548
16:28:02.537	0.027014	0.012506	0.062532
16:28:02.587	0.028795	0.013331	0.066655
16:28:02.638	0.026351	0.012200	0.060998
16:28:02.689	0.028288	0.013096	0.065481
16:28:02.740	0.027652	0.012802	0.064008
16:28:02.790	0.027482	0.012723	0.063616
16:28:02.841	0.028942	0.013399	0.066996
16:28:02.892	0.026893	0.012451	0.062253
16:28:02.942	0.028664	0.013270	0.066352
16:28:02.993	0.026437	0.012239	0.061197
16:28:03.044	0.025367	0.011744	0.058721
16:28:03.095	0.025328	0.011726	0.058629
16:28:03.145	0.025108	0.011624	0.058120
16:28:03.196	0.025993	0.012034	0.060168
16:28:03.247	0.024462	0.011325	0.056626
16:28:03.298	0.025372	0.011747	0.058733
16:28:03.348	0.026559	0.012296	0.061480
16:28:03.399	0.024464	0.011326	0.056629
16:28:03.450	0.027604	0.012780	0.063899
16:28:03.500	0.025097	0.011619	0.058096
16:28:03.551	0.027015	0.012507	0.062535
16:28:03.602	0.027487	0.012725	0.063627
16:28:03.653	0.026092	0.012080	0.060399
16:28:03.704	0.027120	0.012555	0.062777
16:28:03.755	0.026127	0.012096	0.060478
16:28:03.806	0.028047	0.012985	0.064923
16:28:03.857	0.024937	0.011545	0.057723
16:28:03.908	0.027460	0.012713	0.063565
16:28:03.959	0.026708	0.012365	0.061823
16:28:04.010	0.026093	0.012080	0.060401
16:28:04.061	0.025537	0.011823	0.059114
16:28:04.112	0.026245	0.012151	0.060753
16:28:04.163	0.027586	0.012771	0.063856
16:28:04.214	0.025636	0.011869	0.059343
16:28:04.265	0.026490	0.012264	0.061319
16:28:04.316	0.025596	0.011850	0.059250
16:28:04.367	0.027405	0.012688	0.063438
16:28:04.418	0.024099	0.011157	0.055785
16:28:04.469	0.026865	0.012437	0.062186
16:28:04.520	0.025119	0.011629	0.058146
16:28:04.571	0.024830	0.011495	0.057477
16:28:04.622	0.023696	0.010971	0.054853
16:28:04.672	0.024146	0.011179	0.055894
16:28:04.723	0.026268	0.012161	0.060805
16:28:04.774	0.024455	0.011322	0.056609
16:28:04.825	0.025952	0.012015	0.060075
16:28:04.876	0.024822	0.011492	0.057459
16:28:04.928	0.027326	0.012651	0.063254
16:28:04.978	0.024490	0.011338	0.056691
16:28:05.029	0.027088	0.012541	0.062704
16:28:05.080	0.026652	0.012339	0.061695
16:28:05.131	0.025114	0.011627	0.058133
16:28:05.182	0.025825	0.011956	0.059780
16:28:05.233	0.026660	0.012342	0.061712
16:28:05.284	0.026682	0.012353	0.061763
16:28:05.335	0.024949	0.011550	0.057751
16:28:05.386	0.026422	0.012232	0.061162
16:28:05.437	0.025253	0.011691	0.058457
16:28:05.488	0.028106	0.013012	0.065059
16:28:05.539	0.025638	0.011869	0.059347
16:28:05.590	0.027719	0.012833	0.064165
16:28:05.641	0.026408	0.012226	0.061129
16:28:05.692	0.026789	0.012402	0.062012
16:28:05.743	0.027365	0.012669	0.063346
16:28:05.794	0.025988	0.012031	0.060157
16:28:05.845	0.028451	0.013172	0.065859
16:28:05.896	0.027437	0.012702	0.063511
16:28:05.947	0.028210	0.013060	0.065301
16:28:05.998	0.027229	0.012606	0.063030
16:28:06.049	0.029714	0.013757	0.068783
16:28:06.101	0.026382	0.012214	0.061070
16:28:06.152	0.027965	0.012947	0.064734
16:28:06.203	0.027854	0.012895	0.064477
16:28:06.254	0.026978	0.012490	0.062449
16:28:06.305	0.026940	0.012472	0.062361
16:28:06.356	0.028314	0.013108	0.065541
16:28:06.407	0.027570	0.012764	0.063820
16:28:06.458	0.026836	0.012424	0.062120
16:28:06.509	0.028495	0.013192	0.065962
16:28:06.560	0.027102	0.012547	0.062737
16:28:06.611	0.029584	0.013697	0.068483
16:28:06.662	0.025749	0.011921	0.059604
16:28:06.713	0.028392	0.013144	0.065721
16:28:06.764	0.026848	0.012430	0.062148
16:28:06.815	0.026792	0.012404	0.062020
16:28:06.866	0.026031	0.012052	0.060258
16:28:06.917	0.027187	0.012587	0.062934
16:28:06.968	0.027030	0.012514	0.062569
16:28:07.019	0.025493	0.011802	0.059012
16:28:07.070	0.027471	0.012718	0.063591
16:28:07.121	0.025798	0.011944	0.059718
16:28:07.172	0.027525	0.012743	0.063716
16:28:07.223	0.025388	0.011754	0.058769
16:28:07.274	0.027170	0.012578	0.062892
16:28:07.325	0.024337	0.011267	0.056335
16:28:07.376	0.026688	0.012356	0.061778
16:28:07.427	0.026937	0.012471	0.062353
16:28:07.477	0.027828	0.012883	0.064416
16:28:07.528	0.026324	0.012187	0.060935
16:28:07.579	0.025325	0.011725	0.058623
16:28:07.630	0.026259	0.012157	0.060784
16:28:07.681	0.025378	0.011749	0.058746
16:28:07.732	0.028824	0.013344	0.066721
16:28:07.782	0.026317	0.012184	0.060918
16:28:07.833	0.027781	0.012862	0.064308
16:28:07.884	0.026746	0.012382	0.061911
16:28:07.935	0.026914	0.012460	0.062301
16:28:07.986	0.027177	0.012582	0.062909
16:28:08.037	0.025876	0.011980	0.059898
16:28:08.088	0.027908	0.012921	0.064603
16:28:08.138	0.024900	0.011528	0.057639
16:28:08.189	0.027391	0.012681	0.063406
16:28:08.240	0.026564	0.012298	0.061491
16:28:08.291	0.026672	0.012348	0.061741
16:28:08.342	0.026336	0.012193	0.060963
16:28:08.393	0.026896	0.012452	0.062258
16:28:08.443	0.028511	0.013200	0.065998
16:28:08.494	0.026102	0.012084	0.060420
16:28:08.545	0.028752	0.013311	0.066555
16:28:08.596	0.026718	0.012370	0.061848
16:28:08.647	0.028336	0.013118	0.065592
16:28:08.698	0.028256	0.013082	0.065408
16:28:08.749	0.027432	0.012700	0.063500
16:28:08.799	0.025989	0.012032	0.060160
16:28:08.850	0.028535	0.013211	0.066054
16:28:08.901	0.026659	0.012342	0.061710
16:28:08.952	0.028382	0.013140	0.065699
16:28:09.003	0.026815	0.012414	0.062072
16:28:09.054	0.029118	0.013481	0.067403
16:28:09.105	0.027676	0.012813	0.064065
16:28:09.156	0.027500	0.012731	0.063657
16:28:09.206	0.026690	0.012357	0.061783
16:28:09.257	0.029476	0.013646	0.068232
16:28:09.308	0.026137	0.012100	0.060502
16:28:09.359	0.028272	0.013089	0.065444
16:28:09.410	0.027066	0.012531	0.062653
16:28:09.461	0.026668	0.012346	0.061732
16:28:09.511	0.025894	0.011988	0.059941
16:28:09.562	0.026269	0.012162	0.060808
16:28:09.613	0.026454	0.012247	0.061236
16:28:09.664	0.025478	0.011795	0.058976
16:28:09.715	0.026526	0.012281	0.061403
16:28:09.766	0.025466	0.011790	0.058949
16:28:09.817	0.028951	0.013403	0.067017
16:28:09.867	0.025994	0.012034	0.060171
16:28:09.918	0.027735	0.012840	0.064201
16:28:09.969	0.026555	0.012294	0.061470
16:28:10.020	0.027458	0.012712	0.063561
16:28:10.071	0.026808	0.012411	0.062055
16:28:10.122	0.026815	0.012414	0.062071
16:28:10.173	0.028777	0.013323	0.066615
16:28:10.223	0.026422	0.012233	0.061163
16:28:10.274	0.027052	0.012524	0.062621
16:28:10.325	0.025949	0.012013	0.060066
16:28:10.376	0.028767	0.013318	0.066590
16:28:10.427	0.026595	0.012312	0.061561
16:28:10.478	0.027938	0.012934	0.064670
16:28:10.529	0.026621	0.012325	0.061623
16:28:10.579	0.027347	0.012661	0.063303
16:28:10.630	0.028905	0.013382	0.066910
16:28:10.681	0.026876	0.012443	0.062214
16:28:10.732	0.028976	0.013415	0.067073
16:28:10.783	0.026840	0.012426	0.062129
16:28:10.834	0.028625	0.013252	0.066260
16:28:10.885	0.025657	0.011878	0.059392
16:28:10.936	0.027101	0.012547	0.062733
16:28:10.987	0.027473	0.012719	0.063595
16:28:11.038	0.027685	0.012817	0.064086
16:28:11.088	0.026812	0.012413	0.062064
16:28:11.139	0.026363	0.012205	0.061025
16:28:11.190	0.027319	0.012647	0.063237
16:28:11.241	0.025636	0.011868	0.059342
16:28:11.292	0.027179	0.012583	0.062915
16:28:11.343	0.024845	0.011502	0.057512
16:28:11.394	0.027403	0.012687	0.063433
16:28:11.445	0.025712	0.011904	0.059518
16:28:11.495	0.026453	0.012247	0.061234
16:28:11.546	0.026588	0.012309	0.061546
16:28:11.597	0.026765	0.012391	0.061955
16:28:11.648	0.028493	0.013191	0.065956
16:28:11.699	0.026566	0.012299	0.061495
16:28:11.750	0.027017	0.012508	0.062540
16:28:11.801	0.025548	0.011828	0.059139
16:28:11.851	0.028401	0.013149	0.065744
16:28:11.902	0.026633	0.012330	0.061650
16:28:11.953	0.026714	0.012368	0.061839
16:28:12.004	0.025356	0.011739	0.058694
16:28:12.055	0.026371	0.012209	0.061043
16:28:12.106	0.026073	0.012071	0.060354
16:28:12.157	0.025531	0.011820	0.059100
16:28:12.207	0.027307	0.012642	0.063211
16:28:12.258	0.026648	0.012337	0.061686
16:28:12.309	0.027132	0.012561	0.062805
16:28:12.360	0.024768	0.011467	0.057334
16:28:12.411	0.027570	0.012764	0.063820
16:28:12.462	0.025897	0.011989	0.059946
16:28:12.513	0.026560	0.012296	0.061481
16:28:12.563	0.025564	0.011835	0.059175
16:28:12.614	0.027081	0.012537	0.062687
16:28:12.665	0.025861	0.011973	0.059864
16:28:12.716	0.025385	0.011752	0.058761
16:28:12.767	0.025470	0.011792	0.058958
16:28:12.818	0.023913	0.011071	0.055354
16:28:12.869	0.024884	0.011521	0.057603
16:28:12.919	0.023535	0.010896	0.054480
16:28:12.970	0.024779	0.011472	0.057358
16:28:13.021	0.023828	0.011032	0.055158
16:28:13.072	0.025177	0.011656	0.058279
16:28:13.123	0.024350	0.011273	0.056366
16:28:13.174	0.024606	0.011392	0.056958
16:28:13.225	0.026726	0.012373	0.061866
16:28:13.275	0.025923	0.012001	0.060007
16:28:13.326	0.028384	0.013141	0.065705
16:28:13.377	0.024873	0.011515	0.057576
16:28:13.428	0.026300	0.012176	0.060879
16:28:13.479	0.025674	0.011886	0.059430
16:28:13.530	0.026170	0.012116	0.060579
16:28:13.580	0.028364	0.013131	0.065657
16:28:13.631	0.027169	0.012578	0.062890
16:28:13.682	0.029437	0.013628	0.068142
16:28:13.733	0.027364	0.012668	0.063342
16:28:13.784	0.030125	0.013947	0.069733
16:28:13.835	0.027788	0.012865	0.064324
16:28:13.886	0.028187	0.013050	0.065249
16:28:13.936	0.028017	0.012971	0.064854
16:28:13.987	0.025817	0.011952	0.059762
16:28:14.038	0.027528	0.012744	0.063721
16:28:14.089	0.025337	0.011730	0.058650
16:28:14.140	0.026910	0.012458	0.062291
16:28:14.191	0.026626	0.012327	0.061635
16:28:14.241	0.026291	0.012172	0.060858
16:28:14.292	0.027402	0.012686	0.063430
16:28:14.343	0.025806	0.011947	0.059736
16:28:14.394	0.028260	0.013083	0.065417
16:28:14.445	0.025128	0.011633	0.058166
16:28:14.496	0.026599	0.012314	0.061572
16:28:14.547	0.025147	0.011642	0.058211
16:28:14.597	0.025941	0.012010	0.060049
16:28:14.648	0.026410	0.012227	0.061133
16:28:14.699	0.025425	0.011771	0.058854
16:28:14.750	0.026843	0.012428	0.062138
16:28:14.801	0.025570	0.011838	0.059189
16:28:14.852	0.026848	0.012430	0.062149
16:28:14.902	0.025836	0.011961	0.059805
16:28:14.953	0.025869	0.011976	0.059881
16:28:15.004	0.025027	0.011586	0.057932
16:28:15.055	0.024678	0.011425	0.057126
16:28:15.106	0.026344	0.012196	0.060981
16:28:15.157	0.025154	0.011645	0.058226
16:28:15.208	0.026334	0.012191	0.060957
16:28:15.259	0.024272	0.011237	0.056186
16:28:15.309	0.024901	0.011528	0.057641
16:28:15.360	0.025119	0.011629	0.058146
16:28:15.411	0.026640	0.012333	0.061666
16:28:15.462	0.025271	0.011700	0.058499
16:28:15.513	0.024860	0.011509	0.057545
16:28:15.564	0.026771	0.012394	0.061971
16:28:15.615	0.025874	0.011979	0.059894
16:28:15.665	0.027640	0.012796	0.063982
16:28:15.716	0.024294	0.011247	0.056236
16:28:15.767	0.025982	0.012029	0.060143
16:28:15.818	0.024736	0.011452	0.057260
16:28:15.869	0.025430	0.011773	0.058865
16:28:15.920	0.024484	0.011335	0.056675
16:28:15.971	0.022800	0.010556	0.052779
16:28:16.021	0.024257	0.011230	0.056150
16:28:16.072	0.026440	0.012241	0.061204
16:28:16.123	0.025216	0.011674	0.058371
16:28:16.174	0.025528	0.011818	0.059092
16:28:16.226	0.025038	0.011592	0.057959
16:28:16.278	0.026357	0.012203	0.061013
16:28:16.331	0.024815	0.011489	0.057443
16:28:16.383	0.024471	0.011329	0.056646
16:28:16.435	0.024006	0.011114	0.055569
16:28:16.487	0.025255	0.011692	0.058461
16:28:16.539	0.023804	0.011020	0.055101
16:28:16.592	0.025540	0.011824	0.059121
16:28:16.644	0.026029	0.012050	0.060252
16:28:16.696	0.025817	0.011952	0.059762
16:28:16.748	0.026455	0.012248	0.061238
16:28:16.801	0.024169	0.011189	0.055947
16:28:16.853	0.026136	0.012100	0.060500
16:28:16.905	0.024918	0.011536	0.057681
16:28:16.957	0.025426	0.011771	0.058856
16:28:17.010	0.025508	0.011809	0.059047
16:28:17.062	0.025496	0.011804	0.059018
16:28:17.114	0.027364	0.012668	0.063342
16:28:17.167	0.027876	0.012905	0.064527
16:28:17.219	0.027478	0.012721	0.063607
16:28:17.271	0.026216	0.012137	0.060686
16:28:17.323	0.026666	0.012346	0.061728
16:28:17.376	0.026293	0.012173	0.060863
16:28:17.428	0.025428	0.011772	0.058862
16:28:17.480	0.027311	0.012644	0.063220
16:28:17.532	0.025316	0.011720	0.058602
16:28:17.585	0.027676	0.012813	0.064064
16:28:17.637	0.026142	0.012103	0.060514
16:28:17.689	0.026123	0.012094	0.060470
16:28:17.742	0.027152	0.012571	0.062853
16:28:17.794	0.023799	0.011018	0.055091
16:28:17.845	0.025294	0.011710	0.058551
16:28:17.896	0.025593	0.011848	0.059242
16:28:17.947	0.024372	0.011284	0.056418
16:28:17.997	0.025324	0.011724	0.058621
16:28:18.048	0.026692	0.012357	0.061787
16:28:18.098	0.024515	0.011349	0.056747
16:28:18.149	0.025161	0.011649	0.058243
16:28:18.200	0.026213	0.012136	0.060679
16:28:18.250	0.027021	0.012510	0.062550
16:28:18.301	0.026069	0.012069	0.060345
16:28:18.352	0.025678	0.011888	0.059440
16:28:18.403	0.027044	0.012520	0.062601
16:28:18.454	0.024481	0.011334	0.056670
16:28:18.505	0.024278	0.011240	0.056198
16:28:18.555	0.026822	0.012417	0.062087
16:28:18.606	0.024844	0.011502	0.057509
16:28:18.657	0.024141	0.011176	0.055882
16:28:18.708	0.026813	0.012414	0.062068
16:28:18.759	0.025029	0.011588	0.057938
16:28:18.810	0.024724	0.011447	0.057233
16:28:18.860	0.027293	0.012635	0.063177
16:28:18.911	0.025217	0.011674	0.058372
16:28:18.962	0.024765	0.011465	0.057326
16:28:19.013	0.025298	0.011712	0.058560
16:28:19.064	0.025752	0.011922	0.059610
16:28:19.115	0.025532	0.011820	0.059102
16:28:19.166	0.026320	0.012185	0.060925
16:28:19.216	0.026229	0.012143	0.060716
16:28:19.267	0.025436	0.011776	0.058879
16:28:19.318	0.026213	0.012136	0.060679
16:28:19.369	0.027101	0.012547	0.062734
16:28:19.420	0.024997	0.011573	0.057864
16:28:19.471	0.026452	0.012247	0.061233
