17:05:57.372	0.149860	0.068118	0.340591
17:05:57.430	0.150638	0.068472	0.342360
17:05:57.489	0.153241	0.069655	0.348276
17:05:57.547	0.154229	0.070104	0.350521
17:05:57.606	0.155083	0.070492	0.352462
17:05:57.665	0.156994	0.071361	0.356804
17:05:57.723	0.157071	0.071396	0.356979
17:05:57.781	0.158240	0.071927	0.359637
17:05:57.838	0.156437	0.071108	0.355539
17:05:57.896	0.153815	0.069916	0.349580
17:05:57.953	0.153874	0.069943	0.349714
17:05:58.011	0.149375	0.067898	0.339489
17:05:58.068	0.147669	0.067122	0.335610
17:05:58.125	0.143397	0.065181	0.325903
17:05:58.183	0.142722	0.064874	0.324368
17:05:58.240	0.142016	0.064553	0.322765
17:05:58.298	0.140806	0.064003	0.320015
17:05:58.355	0.141565	0.064348	0.321739
17:05:58.413	0.137424	0.062465	0.312327
17:05:58.471	0.137864	0.062666	0.313328
17:05:58.530	0.135844	0.061747	0.308737
17:05:58.588	0.133342	0.060610	0.303049
17:05:58.647	0.132311	0.060141	0.300706
17:05:58.705	0.131749	0.059886	0.299429
17:05:58.764	0.133431	0.060650	0.303252
17:05:58.823	0.134352	0.061069	0.305345
17:05:58.881	0.121473	0.055215	0.276075
17:05:58.939	0.103250	0.046932	0.234659
17:05:58.998	0.101168	0.045986	0.229928
17:05:59.056	0.105251	0.047841	0.239206
17:05:59.115	0.111865	0.050848	0.254238
17:05:59.174	0.116581	0.052991	0.264956
17:05:59.232	0.121647	0.055294	0.276470
17:05:59.290	0.123530	0.056150	0.280751
17:05:59.349	0.124410	0.056550	0.282749
17:05:59.407	0.123955	0.056343	0.281715
17:05:59.465	0.123725	0.056239	0.281193
17:05:59.524	0.122604	0.055729	0.278646
17:05:59.582	0.116999	0.053181	0.265907
17:05:59.640	0.108910	0.049505	0.247523
17:05:59.699	0.096190	0.043723	0.218613
17:05:59.757	0.076905	0.034957	0.174784
17:05:59.815	0.056415	0.025643	0.128215
17:05:59.873	0.043434	0.019743	0.098713
17:05:59.932	0.036056	0.016389	0.081945
17:05:59.991	0.031265	0.014211	0.071057
17:06:00.049	0.028966	0.013167	0.065833
17:06:00.108	0.033645	0.015293	0.076465
17:06:00.166	0.041875	0.019034	0.095170
17:06:00.224	0.054140	0.024609	0.123046
17:06:00.283	0.064142	0.029156	0.145778
17:06:00.341	0.073720	0.033509	0.167547
17:06:00.399	0.082125	0.037330	0.186648
17:06:00.458	0.090896	0.041317	0.206583
17:06:00.516	0.094438	0.042926	0.214632
17:06:00.575	0.098088	0.044586	0.222928
17:06:00.633	0.101589	0.046177	0.230884
17:06:00.691	0.102655	0.046661	0.233306
17:06:00.750	0.098869	0.044941	0.224703
17:06:00.808	0.097906	0.044503	0.222514
17:06:00.866	0.098513	0.044778	0.223892
17:06:00.924	0.100766	0.045803	0.229013
17:06:00.983	0.101713	0.046233	0.231166
17:06:01.042	0.106907	0.048594	0.242970
17:06:01.100	0.112009	0.050913	0.254565
17:06:01.158	0.116062	0.052756	0.263778
17:06:01.217	0.116889	0.053131	0.265656
17:06:01.275	0.117852	0.053569	0.267846
17:06:01.334	0.119773	0.054442	0.272211
17:06:01.392	0.118250	0.053750	0.268751
17:06:01.450	0.115826	0.052648	0.263242
17:06:01.508	0.116660	0.053027	0.265135
17:06:01.567	0.115050	0.052295	0.261477
17:06:01.625	0.115502	0.052501	0.262505
17:06:01.683	0.117475	0.053398	0.266988
17:06:01.742	0.122617	0.055735	0.278674
17:06:01.800	0.125275	0.056943	0.284717
17:06:01.858	0.127787	0.058085	0.290424
17:06:01.917	0.132181	0.060082	0.300411
17:06:01.975	0.135129	0.061422	0.307112
17:06:02.033	0.134202	0.061001	0.305004
17:06:02.092	0.134797	0.061271	0.306357
17:06:02.150	0.135103	0.061410	0.307052
17:06:02.208	0.134708	0.061231	0.306154
17:06:02.267	0.132960	0.060437	0.302183
17:06:02.325	0.134664	0.061211	0.306054
17:06:02.383	0.136039	0.061836	0.309180
17:06:02.442	0.138167	0.062803	0.314016
17:06:02.500	0.138229	0.062831	0.314157
17:06:02.558	0.137560	0.062527	0.312635
17:06:02.617	0.137875	0.062671	0.313353
17:06:02.675	0.136776	0.062171	0.310855
17:06:02.734	0.134304	0.061047	0.305236
17:06:02.792	0.134893	0.061315	0.306574
17:06:02.850	0.135384	0.061538	0.307691
17:06:02.909	0.134427	0.061103	0.305516
17:06:02.967	0.133572	0.060714	0.303572
17:06:03.025	0.135508	0.061595	0.307973
17:06:03.083	0.133938	0.060881	0.304404
17:06:03.142	0.135279	0.061491	0.307453
17:06:03.200	0.134164	0.060984	0.304919
17:06:03.258	0.137355	0.062434	0.312171
17:06:03.317	0.136561	0.062073	0.310366
17:06:03.375	0.136381	0.061991	0.309957
17:06:03.433	0.138295	0.062861	0.314307
17:06:03.492	0.137426	0.062466	0.312331
17:06:03.550	0.135577	0.061626	0.308131
17:06:03.608	0.135837	0.061744	0.308722
17:06:03.667	0.136706	0.062139	0.310696
17:06:03.725	0.137760	0.062618	0.313090
17:06:03.783	0.136768	0.062167	0.310837
17:06:03.842	0.139756	0.063526	0.317628
17:06:03.900	0.141506	0.064321	0.321604
17:06:03.958	0.142481	0.064764	0.323820
17:06:04.016	0.144807	0.065821	0.329106
17:06:04.075	0.146912	0.066778	0.333891
17:06:04.133	0.148139	0.067336	0.336679
17:06:04.191	0.148460	0.067482	0.337409
17:06:04.250	0.148359	0.067436	0.337179
17:06:04.308	0.150244	0.068293	0.341464
17:06:04.367	0.149634	0.068015	0.340076
17:06:04.425	0.151144	0.068702	0.343508
17:06:04.483	0.154813	0.070369	0.351847
17:06:04.542	0.159043	0.072292	0.361462
17:06:04.600	0.160965	0.073166	0.365829
17:06:04.658	0.166372	0.075624	0.378119
17:06:04.717	0.169065	0.076848	0.384239
17:06:04.775	0.169560	0.077073	0.385363
17:06:04.833	0.169339	0.076972	0.384861
17:06:04.892	0.170051	0.077296	0.386478
17:06:04.950	0.171265	0.077848	0.389239
17:06:05.008	0.171634	0.078016	0.390078
17:06:05.066	0.168408	0.076549	0.382745
17:06:05.125	0.167095	0.075952	0.379762
17:06:05.183	0.168142	0.076428	0.382140
17:06:05.241	0.166490	0.075677	0.378387
17:06:05.299	0.167615	0.076189	0.380944
17:06:05.358	0.168220	0.076464	0.382319
17:06:05.416	0.168684	0.076675	0.383373
17:06:05.474	0.165121	0.075055	0.375275
17:06:05.533	0.151123	0.068692	0.343461
17:06:05.591	0.134406	0.061094	0.305468
17:06:05.649	0.130880	0.059491	0.297455
17:06:05.707	0.128504	0.058411	0.292054
17:06:05.766	0.128524	0.058420	0.292101
17:06:05.824	0.129511	0.058868	0.294342
17:06:05.882	0.128328	0.058331	0.291654
17:06:05.941	0.126479	0.057490	0.287451
17:06:05.999	0.125412	0.057005	0.285027
17:06:06.057	0.121087	0.055040	0.275199
17:06:06.115	0.108757	0.049435	0.247176
17:06:06.174	0.087300	0.039682	0.198410
17:06:06.233	0.069931	0.031787	0.158934
17:06:06.291	0.051674	0.023488	0.117441
17:06:06.350	0.023503	0.010683	0.053415
17:06:06.408	-0.019953	-0.009069	-0.045347
17:06:06.466	-0.070044	-0.031838	-0.159192
17:06:06.525	-0.107201	-0.048728	-0.243638
17:06:06.583	-0.120066	-0.054575	-0.272877
17:06:06.642	-0.113965	-0.051802	-0.259012
17:06:06.701	-0.101140	-0.045973	-0.229863
17:06:06.759	-0.089535	-0.040698	-0.203489
17:06:06.817	-0.083453	-0.037933	-0.189666
17:06:06.876	-0.081810	-0.037187	-0.185933
17:06:06.934	-0.077059	-0.035027	-0.175135
17:06:06.992	-0.072397	-0.032908	-0.164539
17:06:07.050	-0.094858	-0.043117	-0.215586
17:06:07.109	-0.114071	-0.051850	-0.259252
17:06:07.167	-0.117842	-0.053565	-0.267824
17:06:07.225	-0.103757	-0.047162	-0.235811
17:06:07.283	-0.097833	-0.044470	-0.222349
17:06:07.342	-0.098504	-0.044775	-0.223873
17:06:07.400	-0.097237	-0.044199	-0.220994
17:06:07.458	-0.099828	-0.045377	-0.226883
17:06:07.517	-0.104510	-0.047505	-0.237524
17:06:07.575	-0.104604	-0.047547	-0.237737
17:06:07.633	-0.092176	-0.041898	-0.209491
17:06:07.692	-0.079779	-0.036263	-0.181316
17:06:07.750	-0.063733	-0.028969	-0.144847
17:06:07.808	-0.046421	-0.021101	-0.105503
17:06:07.867	-0.030211	-0.013732	-0.068661
17:06:07.925	-0.016801	-0.007637	-0.038185
17:06:07.983	-0.005676	-0.002580	-0.012901
17:06:08.042	0.006973	0.003170	0.015848
17:06:08.100	0.015534	0.007061	0.035306
17:06:08.158	0.025267	0.011485	0.057426
17:06:08.216	0.034013	0.015460	0.077302
17:06:08.275	0.044078	0.020035	0.100177
17:06:08.333	0.050297	0.022862	0.114311
17:06:08.392	0.054780	0.024900	0.124500
17:06:08.450	0.059245	0.026929	0.134647
17:06:08.508	0.062558	0.028435	0.142177
17:06:08.566	0.064171	0.029169	0.145843
17:06:08.625	0.066011	0.030005	0.150026
17:06:08.683	0.069876	0.031762	0.158809
17:06:08.741	0.072757	0.033071	0.165356
17:06:08.800	0.074860	0.034027	0.170136
17:06:08.858	0.080368	0.036531	0.182655
17:06:08.916	0.084403	0.038365	0.191825
17:06:08.978	0.087381	0.039719	0.198594
17:06:09.036	0.091247	0.041476	0.207379
17:06:09.095	0.094608	0.043004	0.215019
17:06:09.153	0.098238	0.044654	0.223268
17:06:09.212	0.102858	0.046754	0.233768
17:06:09.270	0.105421	0.047919	0.239593
17:06:09.328	0.105997	0.048180	0.240902
17:06:09.387	0.108121	0.049146	0.245730
17:06:09.445	0.109350	0.049705	0.248523
17:06:09.504	0.109915	0.049961	0.249806
17:06:09.562	0.109290	0.049677	0.248386
17:06:09.621	0.110646	0.050293	0.251467
17:06:09.680	0.113560	0.051618	0.258091
17:06:09.739	0.115353	0.052433	0.262165
17:06:09.797	0.116634	0.053016	0.265078
17:06:09.855	0.119317	0.054235	0.271175
17:06:09.914	0.123961	0.056346	0.281730
17:06:09.972	0.125485	0.057039	0.285194
17:06:10.031	0.127172	0.057806	0.289028
17:06:10.089	0.128184	0.058265	0.291326
17:06:10.148	0.129439	0.058836	0.294179
17:06:10.206	0.131656	0.059843	0.299217
17:06:10.264	0.128813	0.058551	0.292756
17:06:10.322	0.128631	0.058469	0.292343
17:06:10.380	0.128720	0.058509	0.292546
17:06:10.438	0.129768	0.058985	0.294927
17:06:10.495	0.130538	0.059335	0.296677
17:06:10.553	0.134002	0.060910	0.304550
17:06:10.611	0.132707	0.060321	0.301607
17:06:10.669	0.135766	0.061712	0.308558
17:06:10.726	0.132629	0.060286	0.301430
17:06:10.784	0.133084	0.060493	0.302463
17:06:10.841	0.133372	0.060623	0.303117
17:06:10.900	0.134104	0.060956	0.304781
17:06:10.959	0.134452	0.061115	0.305573
17:06:11.018	0.138279	0.062854	0.314270
17:06:11.077	0.139857	0.063571	0.317857
17:06:11.137	0.140694	0.063952	0.319760
17:06:11.196	0.140105	0.063684	0.318420
17:06:11.255	0.141462	0.064301	0.321505
17:06:11.314	0.143035	0.065016	0.325079
17:06:11.373	0.143701	0.065319	0.326593
17:06:11.432	0.145013	0.065915	0.329576
17:06:11.491	0.145354	0.066070	0.330351
17:06:11.550	0.145249	0.066022	0.330112
17:06:11.609	0.144854	0.065843	0.329215
17:06:11.668	0.146072	0.066396	0.331982
17:06:11.727	0.144612	0.065733	0.328663
17:06:11.786	0.144551	0.065705	0.328524
17:06:11.845	0.143140	0.065064	0.325318
17:06:11.904	0.145685	0.066220	0.331102
17:06:11.963	0.145490	0.066132	0.330660
17:06:12.022	0.144365	0.065620	0.328101
17:06:12.081	0.145408	0.066095	0.330473
17:06:12.140	0.146033	0.066379	0.331893
17:06:12.199	0.146120	0.066418	0.332091
17:06:12.258	0.146893	0.066770	0.333848
17:06:12.317	0.148541	0.067519	0.337594
17:06:12.376	0.149187	0.067812	0.339061
17:06:12.435	0.149343	0.067883	0.339416
17:06:12.494	0.151684	0.068947	0.344737
17:06:12.553	0.151899	0.069045	0.345226
17:06:12.612	0.153163	0.069620	0.348098
17:06:12.671	0.153368	0.069713	0.348563
17:06:12.730	0.155337	0.070608	0.353038
17:06:12.789	0.154384	0.070174	0.350872
17:06:12.848	0.153679	0.069854	0.349271
17:06:12.908	0.153695	0.069861	0.349307
17:06:12.967	0.152240	0.069200	0.346001
17:06:13.025	0.151556	0.068889	0.344446
17:06:13.085	0.151283	0.068765	0.343825
17:06:13.144	0.150795	0.068543	0.342716
17:06:13.203	0.149345	0.067884	0.339421
17:06:13.262	0.151609	0.068913	0.344566
17:06:13.321	0.151147	0.068703	0.343517
17:06:13.380	0.150215	0.068280	0.341399
17:06:13.439	0.151832	0.069015	0.345073
17:06:13.498	0.150579	0.068445	0.342226
17:06:13.557	0.151719	0.068963	0.344816
17:06:13.616	0.153244	0.069657	0.348283
17:06:13.675	0.155764	0.070802	0.354008
17:06:13.734	0.154804	0.070366	0.351828
17:06:13.793	0.156334	0.071061	0.355304
17:06:13.852	0.155933	0.070879	0.354393
17:06:13.911	0.155920	0.070873	0.354363
17:06:13.970	0.156983	0.071356	0.356780
17:06:14.029	0.155830	0.070832	0.354159
17:06:14.088	0.155386	0.070630	0.353150
17:06:14.147	0.154004	0.070002	0.350009
17:06:14.206	0.153747	0.069885	0.349426
17:06:14.265	0.153306	0.069685	0.348423
17:06:14.323	0.152461	0.069301	0.346503
17:06:14.381	0.150639	0.068472	0.342361
17:06:14.440	0.150860	0.068573	0.342863
17:06:14.499	0.152098	0.069135	0.345676
17:06:14.558	0.151111	0.068687	0.343435
17:06:14.617	0.150437	0.068380	0.341902
17:06:14.676	0.151878	0.069035	0.345177
17:06:14.735	0.152532	0.069333	0.346663
17:06:14.794	0.153236	0.069653	0.348264
17:06:14.853	0.155759	0.070800	0.353998
17:06:14.912	0.155783	0.070811	0.354053
17:06:14.971	0.155806	0.070821	0.354104
17:06:15.030	0.156180	0.070991	0.354954
17:06:15.089	0.155328	0.070604	0.353018
17:06:15.148	0.152993	0.069542	0.347711
17:06:15.208	0.152335	0.069243	0.346216
17:06:15.267	0.150625	0.068466	0.342329
17:06:15.326	0.148873	0.067670	0.338348
17:06:15.385	0.144913	0.065869	0.329347
17:06:15.444	0.134965	0.061348	0.306738
17:06:15.503	0.118987	0.054085	0.270425
17:06:15.562	0.096691	0.043951	0.219753
17:06:15.621	0.073670	0.033486	0.167431
17:06:15.680	0.060520	0.027509	0.137545
17:06:15.739	0.040835	0.018561	0.092806
17:06:15.798	-0.003892	-0.001769	-0.008846
17:06:15.857	-0.043400	-0.019727	-0.098636
17:06:15.916	-0.087974	-0.039988	-0.199942
17:06:15.975	-0.120384	-0.054720	-0.273600
17:06:16.034	-0.103584	-0.047083	-0.235417
17:06:16.093	-0.064570	-0.029350	-0.146749
17:06:16.152	-0.039377	-0.017898	-0.089492
17:06:16.211	-0.028592	-0.012996	-0.064981
17:06:16.270	-0.024970	-0.011350	-0.056749
17:06:16.329	-0.027259	-0.012390	-0.061952
17:06:16.388	-0.031721	-0.014419	-0.072093
17:06:16.447	-0.035659	-0.016208	-0.081042
17:06:16.506	-0.040240	-0.018291	-0.091454
17:06:16.565	-0.051758	-0.023526	-0.117632
17:06:16.624	-0.080904	-0.036775	-0.183873
17:06:16.683	-0.130077	-0.059126	-0.295630
17:06:16.742	-0.169150	-0.076886	-0.384432
17:06:16.801	-0.186843	-0.084929	-0.424644
17:06:16.860	-0.194946	-0.088612	-0.443060
17:06:16.919	-0.199740	-0.090791	-0.453955
17:06:16.978	-0.193965	-0.088166	-0.440829
17:06:17.037	-0.176649	-0.080295	-0.401475
17:06:17.096	-0.159231	-0.072378	-0.361889
17:06:17.155	-0.142370	-0.064713	-0.323567
17:06:17.214	-0.127702	-0.058046	-0.290231
17:06:17.273	-0.114075	-0.051852	-0.259262
17:06:17.332	-0.107616	-0.048916	-0.244581
17:06:17.392	-0.105494	-0.047952	-0.239758
17:06:17.451	-0.107651	-0.048932	-0.244662
17:06:17.510	-0.121470	-0.055214	-0.276069
17:06:17.569	-0.131789	-0.059904	-0.299521
17:06:17.628	-0.141014	-0.064097	-0.320485
17:06:17.687	-0.140382	-0.063810	-0.319050
17:06:17.747	-0.138748	-0.063067	-0.315336
17:06:17.806	-0.137166	-0.062348	-0.311741
17:06:17.865	-0.135109	-0.061413	-0.307067
17:06:17.924	-0.134030	-0.060923	-0.304614
17:06:17.983	-0.134952	-0.061342	-0.306710
17:06:18.042	-0.136059	-0.061845	-0.309225
17:06:18.102	-0.138633	-0.063015	-0.315075
17:06:18.161	-0.136451	-0.062023	-0.310116
17:06:18.220	-0.128532	-0.058424	-0.292119
17:06:18.279	-0.118379	-0.053809	-0.269044
17:06:18.338	-0.107281	-0.048764	-0.243821
17:06:18.397	-0.097072	-0.044124	-0.220619
17:06:18.456	-0.089248	-0.040567	-0.202835
17:06:18.515	-0.080195	-0.036452	-0.182261
17:06:18.574	-0.070962	-0.032255	-0.161277
17:06:18.633	-0.062429	-0.028377	-0.141884
17:06:18.692	-0.056691	-0.025768	-0.128842
17:06:18.751	-0.048488	-0.022040	-0.110201
17:06:18.810	-0.040666	-0.018485	-0.092423
17:06:18.869	-0.032647	-0.014839	-0.074197
17:06:18.928	-0.023604	-0.010729	-0.053645
17:06:18.987	-0.015220	-0.006918	-0.034590
17:06:19.046	-0.006692	-0.003042	-0.015209
17:06:19.105	0.005326	0.002421	0.012105
17:06:19.164	0.017757	0.008071	0.040357
17:06:19.223	0.029804	0.013547	0.067737
17:06:19.282	0.041262	0.018756	0.093778
17:06:19.341	0.053121	0.024146	0.120729
17:06:19.400	0.062556	0.028434	0.142172
17:06:19.460	0.089795	0.040816	0.204081
17:06:19.519	0.118257	0.053753	0.268767
17:06:19.578	0.137950	0.062705	0.313524
17:06:19.637	0.149379	0.067900	0.339498
17:06:19.696	0.154889	0.070404	0.352021
17:06:19.755	0.160713	0.073051	0.365257
17:06:19.814	0.160068	0.072758	0.363791
17:06:19.873	0.160910	0.073141	0.365704
17:06:19.932	0.162109	0.073686	0.368430