17:05:02.800	-0.134166	-0.060984	-0.304922
17:05:02.858	-0.131407	-0.059730	-0.298652
17:05:02.917	-0.134312	-0.061051	-0.305254
17:05:02.975	-0.137268	-0.062395	-0.311973
17:05:03.033	-0.137861	-0.062664	-0.313321
17:05:03.093	-0.137917	-0.062690	-0.313449
17:05:03.152	-0.137196	-0.062362	-0.311809
17:05:03.209	-0.139459	-0.063391	-0.316953
17:05:03.267	-0.136821	-0.062191	-0.310956
17:05:03.325	-0.134737	-0.061244	-0.306220
17:05:03.383	-0.132994	-0.060452	-0.302258
17:05:03.440	-0.129549	-0.058886	-0.294430
17:05:03.498	-0.130405	-0.059275	-0.296375
17:05:03.555	-0.135515	-0.061598	-0.307988
17:05:03.612	-0.137899	-0.062681	-0.313407
17:05:03.670	-0.137796	-0.062634	-0.313172
17:05:03.727	-0.134621	-0.061191	-0.305957
17:05:03.784	-0.129716	-0.058962	-0.294809
17:05:03.842	-0.129603	-0.058911	-0.294553
17:05:03.901	-0.129245	-0.058748	-0.293740
17:05:03.959	-0.128250	-0.058295	-0.291477
17:05:04.017	-0.129078	-0.058672	-0.293360
17:05:04.076	-0.131166	-0.059621	-0.298105
17:05:04.135	-0.132426	-0.060194	-0.300968
17:05:04.194	-0.135001	-0.061364	-0.306820
17:05:04.252	-0.135677	-0.061671	-0.308357
17:05:04.311	-0.133960	-0.060891	-0.304454
17:05:04.369	-0.134942	-0.061337	-0.306686
17:05:04.428	-0.133030	-0.060468	-0.302342
17:05:04.487	-0.130991	-0.059541	-0.297707
17:05:04.545	-0.129684	-0.058947	-0.294736
17:05:04.604	-0.126697	-0.057590	-0.287948
17:05:04.662	-0.124952	-0.056796	-0.283982
17:05:04.720	-0.126316	-0.057417	-0.287083
17:05:04.779	-0.124772	-0.056715	-0.283573
17:05:04.837	-0.125516	-0.057053	-0.285263
17:05:04.895	-0.127333	-0.057879	-0.289393
17:05:04.954	-0.127142	-0.057792	-0.288958
17:05:05.012	-0.131033	-0.059560	-0.297802
17:05:05.070	-0.130384	-0.059265	-0.296327
17:05:05.129	-0.125396	-0.056998	-0.284991
17:05:05.187	-0.125908	-0.057231	-0.286155
17:05:05.245	-0.125081	-0.056855	-0.284274
17:05:05.304	-0.123099	-0.055954	-0.279769
17:05:05.362	-0.123558	-0.056163	-0.280814
17:05:05.420	-0.118761	-0.053982	-0.269912
17:05:05.478	-0.119466	-0.054303	-0.271514
17:05:05.537	-0.124556	-0.056616	-0.283082
17:05:05.595	-0.126405	-0.057457	-0.287285
17:05:05.653	-0.125928	-0.057240	-0.286201
17:05:05.712	-0.126052	-0.057296	-0.286482
17:05:05.770	-0.127181	-0.057809	-0.289047
17:05:05.828	-0.128565	-0.058439	-0.292193
17:05:05.887	-0.126454	-0.057479	-0.287395
17:05:05.945	-0.123999	-0.056363	-0.281815
17:05:06.003	-0.121298	-0.055135	-0.275677
17:05:06.062	-0.119626	-0.054376	-0.271878
17:05:06.120	-0.121250	-0.055114	-0.275568
17:05:06.178	-0.118981	-0.054082	-0.270412
17:05:06.237	-0.120148	-0.054613	-0.273063
17:05:06.295	-0.122941	-0.055882	-0.279411
17:05:06.353	-0.124497	-0.056590	-0.282948
17:05:06.412	-0.126569	-0.057531	-0.287656
17:05:06.470	-0.125405	-0.057002	-0.285012
17:05:06.529	-0.125286	-0.056948	-0.284742
17:05:06.588	-0.127559	-0.057981	-0.289906
17:05:06.645	-0.125334	-0.056970	-0.284849
17:05:06.703	-0.121189	-0.055086	-0.275429
17:05:06.760	-0.117494	-0.053406	-0.267032
17:05:06.817	-0.116882	-0.053128	-0.265640
17:05:06.874	-0.121383	-0.055174	-0.275872
17:05:06.931	-0.126457	-0.057481	-0.287403
17:05:06.988	-0.124096	-0.056407	-0.282036
17:05:07.046	-0.121904	-0.055411	-0.277056
17:05:07.103	-0.119331	-0.054241	-0.271207
17:05:07.160	-0.117261	-0.053300	-0.266501
17:05:07.217	-0.116360	-0.052891	-0.264455
17:05:07.274	-0.116666	-0.053030	-0.265150
17:05:07.333	-0.120099	-0.054590	-0.272951
17:05:07.391	-0.122127	-0.055512	-0.277561
17:05:07.449	-0.124006	-0.056366	-0.281832
17:05:07.508	-0.121682	-0.055310	-0.276550
17:05:07.566	-0.117343	-0.053338	-0.266688
17:05:07.624	-0.117638	-0.053472	-0.267359
17:05:07.683	-0.115885	-0.052675	-0.263375
17:05:07.742	-0.115423	-0.052465	-0.262326
17:05:07.801	-0.113541	-0.051609	-0.258047
17:05:07.860	-0.112324	-0.051056	-0.255282
17:05:07.919	-0.112267	-0.051030	-0.255152
17:05:07.978	-0.114211	-0.051914	-0.259570
17:05:08.037	-0.115635	-0.052561	-0.262807
17:05:08.096	-0.116727	-0.053058	-0.265289
17:05:08.155	-0.114856	-0.052207	-0.261036
17:05:08.214	-0.118422	-0.053828	-0.269142
17:05:08.273	-0.121471	-0.055214	-0.276071
17:05:08.332	-0.120140	-0.054609	-0.273045
17:05:08.391	-0.118608	-0.053913	-0.269563
17:05:08.450	-0.118657	-0.053935	-0.269675
17:05:08.509	-0.121539	-0.055245	-0.276224
17:05:08.568	-0.122219	-0.055554	-0.277771
17:05:08.627	-0.118618	-0.053917	-0.269586
17:05:08.686	-0.115677	-0.052581	-0.262903
17:05:08.745	-0.117075	-0.053216	-0.266080
17:05:08.804	-0.116736	-0.053062	-0.265310
17:05:08.863	-0.116177	-0.052808	-0.264038
17:05:08.922	-0.111657	-0.050753	-0.253767
17:05:08.981	-0.111945	-0.050884	-0.254421
17:05:09.041	-0.112958	-0.051344	-0.256722
17:05:09.099	-0.112132	-0.050969	-0.254845
17:05:09.159	-0.112190	-0.050995	-0.254977
17:05:09.218	-0.110538	-0.050244	-0.251222
17:05:09.277	-0.110254	-0.050115	-0.250576
17:05:09.336	-0.113117	-0.051417	-0.257083
17:05:09.395	-0.112667	-0.051212	-0.256062
17:05:09.454	-0.114657	-0.052117	-0.260583
17:05:09.513	-0.116888	-0.053131	-0.265654
17:05:09.572	-0.114510	-0.052050	-0.260250
17:05:09.631	-0.112721	-0.051237	-0.256184
17:05:09.690	-0.115087	-0.052312	-0.261562
17:05:09.749	-0.117136	-0.053243	-0.266217
17:05:09.808	-0.117174	-0.053261	-0.266303
17:05:09.867	-0.114002	-0.051819	-0.259095
17:05:09.926	-0.110345	-0.050157	-0.250783
17:05:09.985	-0.109498	-0.049772	-0.248860
17:05:10.043	-0.108509	-0.049322	-0.246610
17:05:10.102	-0.109489	-0.049768	-0.248839
17:05:10.161	-0.105978	-0.048172	-0.240860
17:05:10.220	-0.105555	-0.047980	-0.239898
17:05:10.279	-0.104369	-0.047440	-0.237201
17:05:10.338	-0.103090	-0.046859	-0.234296
17:05:10.398	-0.105315	-0.047870	-0.239352
17:05:10.457	-0.106039	-0.048199	-0.240997
17:05:10.516	-0.107550	-0.048886	-0.244431
17:05:10.575	-0.108929	-0.049513	-0.247567
17:05:10.634	-0.107252	-0.048751	-0.243755
17:05:10.693	-0.110527	-0.050239	-0.251197
17:05:10.752	-0.113960	-0.051800	-0.258999
17:05:10.811	-0.113928	-0.051785	-0.258927
17:05:10.870	-0.112327	-0.051058	-0.255288
17:05:10.928	-0.111402	-0.050637	-0.253185
17:05:10.987	-0.111730	-0.050786	-0.253932
17:05:11.045	-0.111154	-0.050525	-0.252624
17:05:11.104	-0.107593	-0.048906	-0.244529
17:05:11.162	-0.107014	-0.048643	-0.243214
17:05:11.221	-0.103998	-0.047272	-0.236359
17:05:11.279	-0.103526	-0.047057	-0.235287
17:05:11.337	-0.105162	-0.047801	-0.239005
17:05:11.396	-0.104373	-0.047442	-0.237212
17:05:11.454	-0.106784	-0.048538	-0.242690
17:05:11.512	-0.110356	-0.050162	-0.250808
17:05:11.570	-0.111549	-0.050704	-0.253521
17:05:11.629	-0.115755	-0.052616	-0.263080
17:05:11.687	-0.116577	-0.052989	-0.264947
17:05:11.745	-0.113621	-0.051646	-0.258230
17:05:11.803	-0.113545	-0.051611	-0.258056
17:05:11.862	-0.110856	-0.050389	-0.251945
17:05:11.920	-0.112107	-0.050958	-0.254788
17:05:11.978	-0.112206	-0.051003	-0.255015
17:05:12.036	-0.108934	-0.049515	-0.247577
17:05:12.095	-0.109656	-0.049844	-0.249219
17:05:12.153	-0.113887	-0.051767	-0.258834
17:05:12.212	-0.115562	-0.052528	-0.262640
17:05:12.270	-0.117182	-0.053264	-0.266322
17:05:12.328	-0.116567	-0.052985	-0.264924
17:05:12.387	-0.115073	-0.052306	-0.261529
17:05:12.445	-0.114058	-0.051844	-0.259222
17:05:12.503	-0.112835	-0.051289	-0.256444
17:05:12.562	-0.111440	-0.050655	-0.253273
17:05:12.620	-0.108789	-0.049449	-0.247247
17:05:12.678	-0.105041	-0.047746	-0.238728
17:05:12.737	-0.106294	-0.048316	-0.241578
17:05:12.795	-0.109242	-0.049655	-0.248276
17:05:12.854	-0.109933	-0.049970	-0.249848
17:05:12.912	-0.111142	-0.050519	-0.252595
17:05:12.970	-0.110950	-0.050432	-0.252158
